0 (-0.37442,-1.61562) (0.372318,-1.622) 
1 (-0.0371513,-0.727862) (0.0373339,-0.728085) 
2 (-0.00923955,-0.469573) (0.00911408,-0.469558) 
3 (-0.00312037,-0.346173) (0.00309583,-0.346215) 
4 (-0.00132594,-0.273782) (0.00131499,-0.273783) 
5 (-0.000646604,-0.22614) (0.0006349,-0.226157) 
6 (-0.000359287,-0.192513) (0.000354317,-0.192525) 
7 (-0.000203442,-0.16752) (0.000207439,-0.167516) 
8 (-0.000130593,-0.148223) (0.000121091,-0.14823) 
9 (-8.34798e-05,-0.132886) (8.44542e-05,-0.132889) 
10 (-5.7015e-05,-0.120408) (5.76089e-05,-0.12041) 
11 (-4.10553e-05,-0.110063) (3.94453e-05,-0.110065) 
12 (-2.88937e-05,-0.101348) (2.86432e-05,-0.101348) 
13 (-2.13636e-05,-0.0939069) (2.0879e-05,-0.0939066) 
14 (-1.66744e-05,-0.0874787) (1.60199e-05,-0.0874781) 
15 (-1.2398e-05,-0.0818736) (1.25371e-05,-0.0818734) 
16 (-9.62864e-06,-0.0769405) (9.483e-06,-0.0769404) 
17 (-7.67419e-06,-0.0725674) (7.08363e-06,-0.0725677) 
18 (-5.99788e-06,-0.0686635) (6.448e-06,-0.0686633) 
19 (-4.87902e-06,-0.0651571) (4.88874e-06,-0.0651569) 
20 (-3.86518e-06,-0.0619909) (4.04121e-06,-0.061991) 
21 (-3.27279e-06,-0.0591175) (3.20279e-06,-0.0591177) 
22 (-2.87879e-06,-0.0564986) (2.95339e-06,-0.0564989) 
23 (-2.35133e-06,-0.0541015) (2.22503e-06,-0.0541016) 
24 (-1.98276e-06,-0.0518994) (2.01377e-06,-0.0518995) 
25 (-1.77479e-06,-0.0498693) (1.70903e-06,-0.0498693) 
26 (-1.49364e-06,-0.0479917) (1.5895e-06,-0.0479917) 
27 (-1.2449e-06,-0.0462502) (1.37101e-06,-0.0462502) 
28 (-1.10856e-06,-0.0446308) (1.12308e-06,-0.0446309) 
29 (-8.78489e-07,-0.0431207) (9.63456e-07,-0.0431207) 
30 (-8.99644e-07,-0.0417094) (9.10822e-07,-0.0417095) 
31 (-6.83429e-07,-0.0403874) (8.19936e-07,-0.0403875) 
32 (-7.17166e-07,-0.0391467) (6.64898e-07,-0.0391467) 
33 (-6.30127e-07,-0.0379798) (5.79409e-07,-0.0379798) 
34 (-4.79011e-07,-0.0368804) (5.47533e-07,-0.0368805) 
35 (-4.65377e-07,-0.0358429) (4.27954e-07,-0.0358429) 
36 (-4.30725e-07,-0.0348621) (4.19249e-07,-0.0348621) 
37 (-3.74387e-07,-0.0339336) (3.85396e-07,-0.0339336) 
38 (-3.36848e-07,-0.0330531) (3.68906e-07,-0.0330532) 
39 (-2.81034e-07,-0.0322172) (3.25802e-07,-0.0322172) 
40 (-2.73899e-07,-0.0314225) (2.86358e-07,-0.0314226) 
41 (-2.40224e-07,-0.0306661) (2.74325e-07,-0.0306661) 
42 (-2.13399e-07,-0.0299452) (2.18111e-07,-0.0299452) 
43 (-1.95693e-07,-0.0292574) (1.70366e-07,-0.0292574) 
44 (-1.94525e-07,-0.0286004) (1.91355e-07,-0.0286005) 
45 (-1.87373e-07,-0.0279723) (1.86543e-07,-0.0279724) 
46 (-1.46648e-07,-0.0273712) (1.63465e-07,-0.0273713) 
47 (-1.48036e-07,-0.0267954) (1.53618e-07,-0.0267954) 
48 (-1.2464e-07,-0.0262433) (1.63973e-07,-0.0262434) 
49 (-9.99566e-08,-0.0257135) (1.25078e-07,-0.0257135) 
50 (-1.04507e-07,-0.0252047) (1.32299e-07,-0.0252047) 
51 (-9.46212e-08,-0.0247156) (1.12748e-07,-0.0247156) 
52 (-9.19018e-08,-0.0242451) (1.03104e-07,-0.0242451) 
53 (-7.8582e-08,-0.0237921) (1.01866e-07,-0.0237922) 
54 (-6.46235e-08,-0.0233558) (8.94709e-08,-0.0233558) 
55 (-7.26577e-08,-0.0229352) (7.56731e-08,-0.0229352) 
56 (-7.0725e-08,-0.0225295) (6.18526e-08,-0.0225295) 
57 (-8.13623e-08,-0.0221379) (7.09005e-08,-0.0221379) 
58 (-6.70552e-08,-0.0217596) (6.45517e-08,-0.0217596) 
59 (-5.71024e-08,-0.0213941) (6.13389e-08,-0.0213941) 
60 (-5.53987e-08,-0.0210406) (5.0246e-08,-0.0210406) 
61 (-3.68812e-08,-0.0206987) (5.96385e-08,-0.0206987) 
62 (-4.3819e-08,-0.0203676) (5.92742e-08,-0.0203676) 
63 (-3.67676e-08,-0.020047) (4.56139e-08,-0.020047) 
64 (-4.07645e-08,-0.0197363) (5.27587e-08,-0.0197363) 
65 (-4.27627e-08,-0.0194351) (4.36378e-08,-0.0194351) 
66 (-3.97763e-08,-0.019143) (4.16005e-08,-0.019143) 
67 (-2.84769e-08,-0.0188595) (4.3506e-08,-0.0188595) 
68 (-3.20729e-08,-0.0185842) (3.05146e-08,-0.0185842) 
69 (-4.17692e-08,-0.0183169) (3.79204e-08,-0.0183169) 
70 (-2.45113e-08,-0.0180572) (2.8089e-08,-0.0180572) 
71 (-3.04465e-08,-0.0178047) (3.02429e-08,-0.0178047) 
72 (-2.54002e-08,-0.0175592) (3.03591e-08,-0.0175592) 
73 (-3.04726e-08,-0.0173204) (2.33091e-08,-0.0173204) 
74 (-2.83133e-08,-0.017088) (2.35474e-08,-0.017088) 
75 (-2.44258e-08,-0.0168617) (2.89724e-08,-0.0168617) 
76 (-1.82368e-08,-0.0166413) (2.68669e-08,-0.0166413) 
77 (-1.70781e-08,-0.0164267) (1.89522e-08,-0.0164267) 
78 (-1.88235e-08,-0.0162175) (2.15625e-08,-0.0162175) 
79 (-1.51964e-08,-0.0160135) (1.6511e-08,-0.0160135) 
80 (-1.82681e-08,-0.0158147) (1.85376e-08,-0.0158147) 
81 (-2.24316e-08,-0.0156207) (2.0781e-08,-0.0156207) 
82 (-1.72344e-08,-0.0154314) (2.02433e-08,-0.0154314) 
83 (-1.14554e-08,-0.0152466) (1.62101e-08,-0.0152466) 
84 (-1.26411e-08,-0.0150662) (1.26853e-08,-0.0150662) 
85 (-1.48707e-08,-0.01489) (1.34563e-08,-0.01489) 
86 (-8.88388e-09,-0.0147179) (1.38429e-08,-0.0147179) 
87 (-1.38503e-08,-0.0145498) (1.00675e-08,-0.0145498) 
88 (-1.06497e-08,-0.0143854) (1.39559e-08,-0.0143854) 
89 (-1.31825e-08,-0.0142247) (1.19519e-08,-0.0142247) 
90 (-9.6824e-09,-0.0140676) (1.47964e-08,-0.0140676) 
91 (-9.45344e-09,-0.0139138) (1.14353e-08,-0.0139138) 
92 (-9.04729e-09,-0.0137634) (1.03361e-08,-0.0137634) 
93 (-6.14278e-09,-0.0136163) (9.5527e-09,-0.0136163) 
94 (-8.34563e-09,-0.0134722) (7.95086e-09,-0.0134722) 
95 (-7.72162e-09,-0.0133312) (1.29824e-08,-0.0133312) 
96 (-6.79908e-09,-0.013193) (8.62682e-09,-0.013193) 
97 (-1.13175e-08,-0.0130578) (9.44578e-09,-0.0130578) 
98 (-5.73022e-09,-0.0129252) (1.02382e-08,-0.0129252) 
99 (-5.04339e-09,-0.0127953) (8.32378e-09,-0.0127953) 
100 (-6.10401e-09,-0.012668) (9.37924e-09,-0.012668) 
101 (-9.97014e-09,-0.0125432) (8.87379e-09,-0.0125432) 
102 (-7.31842e-09,-0.0124209) (5.96133e-09,-0.0124209) 
103 (-8.49484e-09,-0.0123009) (8.51625e-09,-0.0123009) 
104 (-4.55777e-09,-0.0121832) (6.82161e-09,-0.0121832) 
105 (-4.86821e-09,-0.0120677) (6.70427e-09,-0.0120677) 
106 (-6.69027e-09,-0.0119544) (8.88346e-09,-0.0119544) 
107 (-5.25016e-09,-0.0118433) (7.70255e-09,-0.0118433) 
108 (-3.60822e-09,-0.0117341) (6.79587e-09,-0.0117341) 
109 (-3.30621e-09,-0.011627) (5.35394e-09,-0.011627) 
110 (-4.38317e-09,-0.0115218) (8.19716e-09,-0.0115218) 
111 (-3.69309e-09,-0.0114184) (5.96978e-09,-0.0114184) 
112 (-3.33996e-10,-0.011317) (7.28171e-09,-0.011317) 
113 (-2.84483e-09,-0.0112173) (6.10222e-09,-0.0112173) 
114 (-3.30111e-09,-0.0111193) (6.7097e-09,-0.0111193) 
115 (-4.02981e-09,-0.011023) (4.19336e-09,-0.011023) 
116 (-2.85126e-09,-0.0109284) (3.70802e-09,-0.0109284) 
117 (-4.17538e-09,-0.0108354) (8.02444e-09,-0.0108354) 
118 (-2.10375e-09,-0.010744) (3.88915e-09,-0.010744) 
119 (-4.96524e-09,-0.0106541) (6.2409e-09,-0.0106541) 
120 (-2.6516e-09,-0.0105657) (5.60139e-09,-0.0105657) 
121 (-1.50754e-09,-0.0104788) (3.94592e-09,-0.0104788) 
122 (-1.35641e-09,-0.0103932) (2.9676e-09,-0.0103932) 
123 (-2.58169e-09,-0.0103091) (2.82234e-09,-0.0103091) 
124 (-3.37728e-09,-0.0102263) (2.97494e-09,-0.0102263) 
125 (-3.68849e-09,-0.0101448) (2.83205e-09,-0.0101448) 
126 (-9.64743e-10,-0.0100646) (3.42176e-09,-0.0100646) 
127 (-2.15739e-09,-0.00998569) (2.84252e-09,-0.00998569) 
128 (-2.53748e-09,-0.00990799) (4.97536e-09,-0.00990799) 
129 (-1.76377e-09,-0.00983149) (3.09555e-09,-0.00983149) 
130 (-2.89984e-09,-0.00975616) (2.94872e-09,-0.00975616) 
131 (-1.65423e-09,-0.00968198) (3.21158e-09,-0.00968198) 
132 (-2.23373e-09,-0.00960891) (2.42896e-09,-0.00960891) 
133 (-2.73859e-09,-0.00953694) (3.8392e-09,-0.00953694) 
134 (-2.29307e-09,-0.00946604) (2.5011e-09,-0.00946604) 
135 (-1.81211e-09,-0.00939619) (3.26965e-09,-0.00939619) 
136 (-1.2367e-09,-0.00932736) (2.6199e-09,-0.00932736) 
137 (-9.5934e-10,-0.00925953) (2.68709e-09,-0.00925953) 
138 (-1.85683e-09,-0.00919268) (2.26726e-09,-0.00919268) 
139 (-1.02084e-09,-0.00912678) (2.95425e-09,-0.00912678) 
140 (-2.23391e-09,-0.00906183) (2.24499e-09,-0.00906183) 
141 (-1.06875e-09,-0.00899779) (1.82864e-09,-0.0089978) 
142 (-2.99514e-10,-0.00893466) (2.24657e-09,-0.00893466) 
143 (-8.88878e-10,-0.0088724) (2.00975e-09,-0.0088724) 
144 (-1.19661e-09,-0.00881101) (2.50522e-09,-0.008811) 
145 (-1.55788e-09,-0.00875045) (1.89635e-09,-0.00875045) 
146 (-6.42804e-10,-0.00869073) (2.06459e-09,-0.00869073) 
147 (-2.20546e-09,-0.00863181) (2.32827e-09,-0.00863181) 
148 (-1.34486e-09,-0.00857369) (1.70419e-09,-0.00857369) 
149 (-1.97997e-09,-0.00851634) (1.68435e-09,-0.00851634) 
150 (-9.71552e-10,-0.00845976) (2.28144e-09,-0.00845976) 
151 (-1.02006e-09,-0.00840393) (2.21383e-09,-0.00840392) 
152 (-5.4082e-10,-0.00834882) (1.04505e-09,-0.00834882) 
153 (-8.27338e-10,-0.00829443) (1.65856e-09,-0.00829444) 
154 (-5.17988e-10,-0.00824075) (1.22858e-09,-0.00824075) 
155 (-1.10375e-09,-0.00818776) (1.45337e-09,-0.00818776) 
156 (-8.02613e-10,-0.00813545) (1.4232e-09,-0.00813545) 
157 (-3.89024e-10,-0.0080838) (1.31646e-09,-0.0080838) 
158 (-6.92515e-10,-0.0080328) (1.34733e-09,-0.0080328) 
159 (-1.05786e-09,-0.00798244) (2.07827e-09,-0.00798244) 
160 (-3.04301e-10,-0.00793271) (1.21981e-09,-0.00793271) 
161 (-1.53715e-09,-0.00788359) (1.17055e-09,-0.00788359) 
162 (-4.93949e-10,-0.00783508) (1.22675e-09,-0.00783508) 
163 (5.82147e-11,-0.00778716) (1.63278e-09,-0.00778716) 
164 (-4.29472e-10,-0.00773983) (2.05159e-09,-0.00773983) 
165 (-3.24676e-10,-0.00769306) (1.45998e-09,-0.00769306) 
166 (-4.49957e-10,-0.00764686) (1.25878e-09,-0.00764686) 
167 (-5.12806e-10,-0.00760121) (1.77475e-09,-0.00760121) 
168 (-5.18997e-10,-0.0075561) (1.05716e-09,-0.0075561) 
169 (-7.32956e-11,-0.00751153) (1.63907e-09,-0.00751153) 
170 (-4.74702e-10,-0.00746747) (1.16414e-09,-0.00746747) 
171 (-3.84672e-10,-0.00742393) (8.01244e-10,-0.00742393) 
172 (-7.27115e-10,-0.0073809) (1.83294e-09,-0.0073809) 
173 (-4.14993e-10,-0.00733836) (1.20253e-09,-0.00733836) 
174 (-6.78012e-10,-0.00729631) (1.18614e-09,-0.00729631) 
175 (-5.36107e-10,-0.00725474) (1.41569e-09,-0.00725474) 
176 (-1.02807e-09,-0.00721363) (1.34206e-09,-0.00721363) 
177 (-7.28538e-10,-0.007173) (5.90031e-10,-0.007173) 
178 (-3.73169e-10,-0.00713281) (1.05112e-09,-0.00713281) 
179 (-1.52862e-10,-0.00709308) (7.06195e-10,-0.00709308) 
180 (-2.84328e-10,-0.00705378) (8.94792e-10,-0.00705378) 
181 (-2.42443e-10,-0.00701492) (3.70417e-10,-0.00701492) 
182 (-5.26628e-11,-0.00697649) (9.98819e-10,-0.00697649) 
183 (-1.72835e-10,-0.00693847) (1.10389e-09,-0.00693847) 
184 (-1.88202e-10,-0.00690086) (1.21955e-09,-0.00690086) 
185 (2.34454e-10,-0.00686366) (8.73155e-10,-0.00686366) 
186 (-3.34666e-10,-0.00682686) (7.81595e-10,-0.00682686) 
187 (-2.84152e-10,-0.00679045) (1.35273e-09,-0.00679045) 
188 (-5.48342e-11,-0.00675443) (1.03781e-09,-0.00675443) 
189 (-5.87186e-11,-0.00671879) (1.21737e-09,-0.00671879) 
190 (-3.46381e-10,-0.00668352) (7.4957e-10,-0.00668352) 
191 (-1.65457e-10,-0.00664862) (9.6293e-10,-0.00664862) 
192 (3.47246e-11,-0.00661409) (1.04359e-09,-0.00661409) 
193 (-4.93655e-10,-0.00657991) (5.88776e-10,-0.00657991) 
194 (1.3687e-10,-0.00654608) (9.89773e-10,-0.00654608) 
195 (-3.79074e-10,-0.0065126) (4.67452e-10,-0.0065126) 
196 (-4.27904e-10,-0.00647945) (4.05377e-10,-0.00647945) 
197 (-6.22637e-10,-0.00644665) (8.48287e-10,-0.00644665) 
198 (-1.07305e-10,-0.00641417) (4.9104e-10,-0.00641417) 
199 (-2.72542e-10,-0.00638202) (5.60348e-10,-0.00638202) 
200 (-5.79678e-10,-0.00635019) (3.07308e-10,-0.00635019) 
201 (-4.33524e-10,-0.00631868) (6.36041e-10,-0.00631868) 
202 (-6.80534e-10,-0.00628748) (5.59609e-10,-0.00628748) 
203 (-2.17677e-10,-0.00625658) (7.59944e-10,-0.00625658) 
204 (5.16188e-11,-0.00622599) (5.28532e-10,-0.00622599) 
205 (-1.94351e-10,-0.00619569) (7.41395e-10,-0.00619569) 
206 (-1.23086e-10,-0.00616569) (4.91859e-10,-0.00616569) 
207 (-1.7501e-11,-0.00613598) (2.4153e-10,-0.00613598) 
208 (-1.96636e-10,-0.00610655) (4.3901e-10,-0.00610655) 
209 (-3.09162e-11,-0.0060774) (3.67194e-10,-0.0060774) 
210 (8.12913e-11,-0.00604853) (7.90206e-10,-0.00604853) 
211 (-1.584e-10,-0.00601994) (4.22147e-10,-0.00601994) 
212 (-5.91642e-11,-0.00599161) (6.67534e-10,-0.00599161) 
213 (-2.26627e-10,-0.00596355) (5.33961e-10,-0.00596355) 
214 (-1.57809e-10,-0.00593574) (6.34339e-10,-0.00593574) 
215 (-6.19671e-11,-0.0059082) (5.71439e-10,-0.0059082) 
216 (-4.49888e-10,-0.00588091) (3.70791e-10,-0.00588091) 
217 (-2.48803e-10,-0.00585387) (7.00201e-10,-0.00585387) 
218 (-1.78809e-10,-0.00582708) (2.21487e-10,-0.00582708) 
219 (-2.69954e-10,-0.00580054) (3.79177e-10,-0.00580054) 
220 (-3.34265e-11,-0.00577423) (4.87574e-10,-0.00577423) 
221 (1.55889e-10,-0.00574816) (4.18669e-10,-0.00574816) 
222 (-1.85556e-10,-0.00572233) (4.80341e-10,-0.00572233) 
223 (-1.30804e-10,-0.00569673) (4.39424e-10,-0.00569673) 
224 (-1.26471e-10,-0.00567135) (4.24312e-10,-0.00567135) 
225 (-1.78671e-10,-0.00564621) (4.17799e-10,-0.0056462) 
226 (-1.87866e-10,-0.00562128) (4.22352e-10,-0.00562128) 
227 (-1.68072e-10,-0.00559657) (4.33274e-10,-0.00559657) 
228 (-3.75011e-10,-0.00557208) (2.40031e-10,-0.00557208) 
229 (-2.21158e-10,-0.0055478) (1.84211e-10,-0.0055478) 
230 (-3.56708e-10,-0.00552373) (3.64945e-10,-0.00552373) 
231 (-1.11272e-10,-0.00549987) (2.78755e-10,-0.00549987) 
232 (-3.89463e-11,-0.00547622) (4.00811e-10,-0.00547622) 
233 (-1.82911e-10,-0.00545276) (4.71205e-10,-0.00545276) 
234 (-1.02293e-10,-0.00542951) (4.60378e-11,-0.00542951) 
235 (-1.26738e-11,-0.00540646) (3.88651e-10,-0.00540646) 
236 (-7.52313e-11,-0.0053836) (2.3644e-10,-0.0053836) 
237 (-1.90708e-10,-0.00536093) (3.54517e-10,-0.00536093) 
238 (-5.91318e-11,-0.00533845) (2.11115e-10,-0.00533845) 
239 (-1.20225e-10,-0.00531617) (4.7077e-10,-0.00531617) 
240 (-1.5605e-10,-0.00529406) (3.20596e-10,-0.00529406) 
241 (-5.40083e-11,-0.00527214) (4.2211e-10,-0.00527214) 
242 (-1.08337e-10,-0.0052504) (1.88511e-10,-0.0052504) 
243 (-1.21449e-10,-0.00522884) (3.14376e-10,-0.00522884) 
244 (-2.1066e-10,-0.00520745) (2.51034e-10,-0.00520745) 
245 (-1.304e-10,-0.00518624) (2.65846e-10,-0.00518624) 
246 (-1.99808e-10,-0.0051652) (1.64015e-10,-0.0051652) 
247 (-2.97542e-10,-0.00514433) (3.17304e-10,-0.00514433) 
248 (-1.23406e-10,-0.00512363) (9.1058e-11,-0.00512363) 
249 (-4.59356e-11,-0.0051031) (4.05397e-10,-0.0051031) 
250 (-4.63422e-11,-0.00508273) (3.97281e-10,-0.00508273) 
251 (-1.19215e-10,-0.00506252) (8.91177e-11,-0.00506252) 
252 (-2.71027e-10,-0.00504247) (2.8856e-10,-0.00504247) 
253 (-1.78657e-10,-0.00502258) (1.48407e-10,-0.00502258) 
254 (-1.17309e-10,-0.00500284) (2.2645e-10,-0.00500284) 
255 (-1.7639e-10,-0.00498326) (2.07407e-10,-0.00498326) 
256 (-1.05765e-10,-0.00496384) (2.46988e-10,-0.00496384) 
257 (-9.45953e-11,-0.00494456) (1.50541e-10,-0.00494456) 
258 (-5.69684e-11,-0.00492543) (3.01728e-10,-0.00492543) 
259 (-1.21884e-10,-0.00490645) (2.26172e-10,-0.00490645) 
260 (-9.74471e-11,-0.00488762) (3.09173e-10,-0.00488762) 
261 (-6.06214e-11,-0.00486893) (1.48121e-10,-0.00486893) 
262 (-1.32855e-10,-0.00485038) (2.22734e-10,-0.00485038) 
263 (-6.91439e-11,-0.00483197) (1.53442e-10,-0.00483197) 
264 (-3.76186e-11,-0.0048137) (2.24952e-10,-0.0048137) 
265 (-8.12788e-11,-0.00479557) (5.45981e-11,-0.00479557) 
266 (-1.16801e-10,-0.00477758) (2.47258e-10,-0.00477758) 
267 (-5.20999e-11,-0.00475972) (2.08136e-10,-0.00475972) 
268 (-8.22128e-11,-0.00474199) (1.51047e-10,-0.00474199) 
269 (-1.77258e-10,-0.0047244) (1.80514e-10,-0.0047244) 
270 (-1.21175e-10,-0.00470693) (1.07426e-10,-0.00470693) 
271 (-1.72958e-10,-0.0046896) (1.25021e-10,-0.0046896) 
272 (-9.75337e-11,-0.00467239) (1.87366e-10,-0.00467239) 
273 (-1.02113e-10,-0.0046553) (1.77793e-10,-0.0046553) 
274 (-9.72499e-11,-0.00463835) (1.7078e-10,-0.00463835) 
275 (-8.01437e-11,-0.00462151) (1.67387e-10,-0.00462151) 
276 (-8.03256e-11,-0.0046048) (1.66446e-10,-0.0046048) 
277 (-9.38235e-11,-0.0045882) (1.72187e-10,-0.0045882) 
278 (-5.69741e-12,-0.00457173) (1.51156e-10,-0.00457173) 
279 (-5.38018e-11,-0.00455537) (1.63326e-10,-0.00455537) 
280 (-1.08279e-10,-0.00453913) (1.33397e-10,-0.00453913) 
281 (-8.5904e-11,-0.00452301) (9.52759e-11,-0.00452301) 
282 (-9.90892e-11,-0.004507) (1.93146e-10,-0.004507) 
283 (-1.36936e-10,-0.0044911) (1.21286e-10,-0.0044911) 
284 (-5.9802e-11,-0.00447531) (1.56073e-10,-0.00447531) 
285 (-7.6844e-11,-0.00445964) (1.62592e-10,-0.00445964) 
286 (-8.76025e-11,-0.00444407) (1.40275e-10,-0.00444407) 
287 (-5.87379e-11,-0.00442862) (1.57976e-10,-0.00442862) 
288 (-7.39503e-11,-0.00441327) (1.14934e-10,-0.00441327) 
289 (-3.75888e-11,-0.00439802) (1.66423e-10,-0.00439802) 
290 (-5.4166e-11,-0.00438288) (1.01515e-10,-0.00438288) 
291 (-7.63365e-11,-0.00436785) (1.08834e-10,-0.00436785) 
292 (-5.2399e-11,-0.00435291) (8.0994e-11,-0.00435291) 
293 (-6.5239e-11,-0.00433808) (1.10014e-10,-0.00433808) 
294 (-7.28614e-11,-0.00432335) (1.36055e-10,-0.00432335) 
295 (-4.48494e-11,-0.00430872) (1.08624e-10,-0.00430872) 
296 (-7.33485e-11,-0.00429419) (1.30074e-10,-0.00429419) 
297 (-1.18333e-10,-0.00427976) (1.06348e-10,-0.00427976) 
298 (-9.17053e-11,-0.00426542) (1.10909e-10,-0.00426542) 
299 (-1.02881e-10,-0.00425118) (7.84054e-11,-0.00425118) 
300 (-7.4038e-11,-0.00423703) (9.87229e-11,-0.00423703) 
301 (-5.94243e-11,-0.00422298) (9.0718e-11,-0.00422298) 
302 (-9.88805e-11,-0.00420902) (1.164e-10,-0.00420902) 
303 (-8.21252e-11,-0.00419515) (8.05073e-11,-0.00419515) 
304 (-7.70957e-11,-0.00418137) (8.33274e-11,-0.00418137) 
305 (-4.13536e-11,-0.00416769) (1.16427e-10,-0.00416769) 
306 (-8.16369e-11,-0.00415409) (8.77008e-11,-0.00415409) 
307 (-4.81899e-11,-0.00414058) (1.13135e-10,-0.00414058) 
308 (-5.96337e-11,-0.00412716) (1.05301e-10,-0.00412716) 
309 (-6.88791e-11,-0.00411382) (9.08444e-11,-0.00411382) 
310 (-5.29439e-11,-0.00410058) (1.12861e-10,-0.00410058) 
311 (-5.24577e-11,-0.00408741) (1.00768e-10,-0.00408741) 
312 (-6.28688e-11,-0.00407433) (1.12766e-10,-0.00407433) 
313 (-6.42822e-11,-0.00406134) (8.41334e-11,-0.00406134) 
314 (-3.94037e-11,-0.00404842) (8.6082e-11,-0.00404842) 
315 (-5.66226e-11,-0.00403559) (9.79105e-11,-0.00403559) 
316 (-5.54725e-11,-0.00402284) (9.08768e-11,-0.00402284) 
317 (-5.06119e-11,-0.00401017) (8.47783e-11,-0.00401017) 
318 (-5.68129e-11,-0.00399758) (6.12353e-11,-0.00399758) 
319 (-5.75454e-11,-0.00398507) (7.74328e-11,-0.00398507) 
320 (-5.28038e-11,-0.00397263) (6.99205e-11,-0.00397263) 
321 (-5.87961e-11,-0.00396028) (7.86943e-11,-0.00396028) 
322 (-6.7891e-11,-0.003948) (6.40797e-11,-0.003948) 
323 (-7.45249e-11,-0.0039358) (8.28461e-11,-0.0039358) 
324 (-6.05866e-11,-0.00392367) (8.26377e-11,-0.00392367) 
325 (-6.30249e-11,-0.00391161) (7.51262e-11,-0.00391161) 
326 (-5.60277e-11,-0.00389963) (7.3799e-11,-0.00389963) 
327 (-6.19606e-11,-0.00388772) (8.56126e-11,-0.00388772) 
328 (-5.39692e-11,-0.00387589) (6.24419e-11,-0.00387589) 
329 (-5.50361e-11,-0.00386413) (6.83088e-11,-0.00386413) 
330 (-4.69969e-11,-0.00385244) (7.55272e-11,-0.00385244) 
331 (-5.43511e-11,-0.00384081) (6.36701e-11,-0.00384081) 
332 (-5.35152e-11,-0.00382926) (7.41774e-11,-0.00382926) 
333 (-5.18331e-11,-0.00381778) (6.4395e-11,-0.00381778) 
334 (-4.93572e-11,-0.00380637) (6.60486e-11,-0.00380637) 
335 (-5.02886e-11,-0.00379502) (7.28642e-11,-0.00379502) 
336 (-4.32798e-11,-0.00378375) (6.55673e-11,-0.00378375) 
337 (-4.99231e-11,-0.00377253) (5.90892e-11,-0.00377253) 
338 (-6.1621e-11,-0.00376139) (5.73326e-11,-0.00376139) 
339 (-4.66072e-11,-0.00375031) (5.68637e-11,-0.00375031) 
340 (-5.41051e-11,-0.0037393) (6.49212e-11,-0.0037393) 
341 (-4.95686e-11,-0.00372835) (5.61495e-11,-0.00372835) 
342 (-4.6041e-11,-0.00371746) (5.48463e-11,-0.00371746) 
343 (-4.92564e-11,-0.00370664) (5.48415e-11,-0.00370664) 
344 (-5.11278e-11,-0.00369588) (5.41191e-11,-0.00369588) 
345 (-4.56485e-11,-0.00368518) (5.13648e-11,-0.00368518) 
346 (-4.74736e-11,-0.00367455) (5.37905e-11,-0.00367455) 
347 (-4.47965e-11,-0.00366397) (4.84321e-11,-0.00366397) 
348 (-4.75312e-11,-0.00365346) (5.5622e-11,-0.00365346) 
349 (-4.65537e-11,-0.00364301) (5.49388e-11,-0.00364301) 
350 (-5.19951e-11,-0.00363261) (5.02477e-11,-0.00363261) 
351 (-4.74318e-11,-0.00362228) (4.95076e-11,-0.00362228) 
352 (-5.13366e-11,-0.003612) (5.20282e-11,-0.003612) 
353 (-4.24674e-11,-0.00360179) (4.97032e-11,-0.00360179) 
354 (-4.63721e-11,-0.00359163) (4.80222e-11,-0.00359163) 
355 (-4.40349e-11,-0.00358152) (4.99687e-11,-0.00358152) 
356 (-4.21335e-11,-0.00357148) (4.69329e-11,-0.00357148) 
357 (-3.92686e-11,-0.00356149) (4.71096e-11,-0.00356149) 
358 (-4.1824e-11,-0.00355155) (4.47283e-11,-0.00355155) 
359 (-4.54599e-11,-0.00354167) (4.55301e-11,-0.00354167) 
360 (-4.06437e-11,-0.00353185) (4.71661e-11,-0.00353185) 
361 (-4.28068e-11,-0.00352208) (4.41351e-11,-0.00352208) 
362 (-3.951e-11,-0.00351236) (4.46861e-11,-0.00351236) 
363 (-3.984e-11,-0.0035027) (4.37485e-11,-0.0035027) 
364 (-4.08754e-11,-0.00349309) (4.47518e-11,-0.00349309) 
365 (-4.15089e-11,-0.00348353) (4.20549e-11,-0.00348353) 
366 (-4.19345e-11,-0.00347403) (4.45347e-11,-0.00347403) 
367 (-4.01679e-11,-0.00346458) (4.06257e-11,-0.00346458) 
368 (-3.84023e-11,-0.00345517) (4.16472e-11,-0.00345517) 
369 (-4.03405e-11,-0.00344582) (4.04638e-11,-0.00344582) 
370 (-3.76559e-11,-0.00343652) (4.01128e-11,-0.00343652) 
371 (-3.85145e-11,-0.00342727) (4.2718e-11,-0.00342727) 
372 (-3.73679e-11,-0.00341807) (3.84974e-11,-0.00341807) 
373 (-3.5086e-11,-0.00340892) (3.88225e-11,-0.00340892) 
374 (-3.85869e-11,-0.00339982) (3.74012e-11,-0.00339982) 
375 (-3.75837e-11,-0.00339076) (3.70763e-11,-0.00339076) 
376 (-3.60486e-11,-0.00338176) (3.63753e-11,-0.00338176) 
377 (-3.41533e-11,-0.0033728) (3.60615e-11,-0.0033728) 
378 (-3.39574e-11,-0.00336389) (3.6652e-11,-0.00336389) 
379 (-3.47656e-11,-0.00335503) (3.78152e-11,-0.00335503) 
380 (-3.65544e-11,-0.00334621) (3.78047e-11,-0.00334621) 
381 (-3.34222e-11,-0.00333744) (3.50517e-11,-0.00333744) 
382 (-3.47861e-11,-0.00332871) (3.80465e-11,-0.00332871) 
383 (-3.32644e-11,-0.00332003) (3.39632e-11,-0.00332003) 
384 (-3.37323e-11,-0.0033114) (3.38776e-11,-0.0033114) 
385 (-3.27873e-11,-0.00330281) (3.51528e-11,-0.00330281) 
386 (-3.20963e-11,-0.00329426) (3.42104e-11,-0.00329426) 
387 (-3.02243e-11,-0.00328576) (3.44097e-11,-0.00328576) 
388 (-3.18427e-11,-0.0032773) (3.31396e-11,-0.0032773) 
389 (-3.18199e-11,-0.00326889) (3.38328e-11,-0.00326889) 
390 (-3.08996e-11,-0.00326052) (3.19192e-11,-0.00326052) 
391 (-3.06864e-11,-0.00325219) (3.21547e-11,-0.00325219) 
392 (-3.10286e-11,-0.00324391) (3.20875e-11,-0.00324391) 
393 (-3.12047e-11,-0.00323566) (3.20902e-11,-0.00323566) 
394 (-3.01201e-11,-0.00322746) (3.0815e-11,-0.00322746) 
395 (-2.96561e-11,-0.0032193) (3.04496e-11,-0.0032193) 
396 (-3.05605e-11,-0.00321118) (3.05901e-11,-0.00321118) 
397 (-2.97938e-11,-0.0032031) (2.94174e-11,-0.0032031) 
398 (-3.01357e-11,-0.00319506) (2.98587e-11,-0.00319506) 
399 (-2.8733e-11,-0.00318707) (2.95855e-11,-0.00318707) 
400 (-2.81462e-11,-0.00317911) (2.89398e-11,-0.00317911) 
401 (-2.79857e-11,-0.00317119) (2.89906e-11,-0.00317119) 
402 (-2.88009e-11,-0.00316331) (2.84444e-11,-0.00316331) 
403 (-2.75659e-11,-0.00315547) (2.79294e-11,-0.00315547) 
404 (-2.74121e-11,-0.00314767) (2.83447e-11,-0.00314767) 
405 (-2.71946e-11,-0.00313991) (2.71525e-11,-0.00313991) 
406 (-2.65518e-11,-0.00313219) (2.70778e-11,-0.00313219) 
407 (-2.66661e-11,-0.0031245) (2.68633e-11,-0.0031245) 
408 (-2.64102e-11,-0.00311685) (2.66812e-11,-0.00311685) 
409 (-2.6134e-11,-0.00310924) (2.67504e-11,-0.00310924) 
410 (-2.62131e-11,-0.00310166) (2.61012e-11,-0.00310166) 
411 (-2.56438e-11,-0.00309413) (2.59912e-11,-0.00309413) 
412 (-2.56463e-11,-0.00308663) (2.53216e-11,-0.00308663) 
413 (-2.49251e-11,-0.00307916) (2.53606e-11,-0.00307916) 
414 (-2.51241e-11,-0.00307173) (2.50347e-11,-0.00307173) 
415 (-2.46724e-11,-0.00306434) (2.4695e-11,-0.00306434) 
416 (-2.43229e-11,-0.00305698) (2.4651e-11,-0.00305698) 
417 (-2.44081e-11,-0.00304966) (2.46064e-11,-0.00304966) 
418 (-2.441e-11,-0.00304237) (2.43389e-11,-0.00304237) 
419 (-2.39045e-11,-0.00303512) (2.39368e-11,-0.00303512) 
420 (-2.34939e-11,-0.0030279) (2.35726e-11,-0.0030279) 
421 (-2.33946e-11,-0.00302072) (2.35274e-11,-0.00302072) 
422 (-2.30704e-11,-0.00301357) (2.31602e-11,-0.00301357) 
423 (-2.28658e-11,-0.00300646) (2.31839e-11,-0.00300646) 
424 (-2.28194e-11,-0.00299937) (2.29814e-11,-0.00299937) 
425 (-2.26775e-11,-0.00299232) (2.2558e-11,-0.00299232) 
426 (-2.24771e-11,-0.00298531) (2.23071e-11,-0.00298531) 
427 (-2.21017e-11,-0.00297832) (2.22373e-11,-0.00297832) 
428 (-2.19748e-11,-0.00297137) (2.19878e-11,-0.00297137) 
429 (-2.16187e-11,-0.00296446) (2.1706e-11,-0.00296446) 
430 (-2.1702e-11,-0.00295757) (2.16511e-11,-0.00295757) 
431 (-2.13006e-11,-0.00295072) (2.12926e-11,-0.00295072) 
432 (-2.1025e-11,-0.00294389) (2.12591e-11,-0.00294389) 
433 (-2.09596e-11,-0.0029371) (2.10001e-11,-0.0029371) 
434 (-2.07723e-11,-0.00293034) (2.07992e-11,-0.00293034) 
435 (-2.05313e-11,-0.00292361) (2.06744e-11,-0.00292361) 
436 (-2.02817e-11,-0.00291692) (2.03819e-11,-0.00291692) 
437 (-2.01393e-11,-0.00291025) (2.02869e-11,-0.00291025) 
438 (-1.98826e-11,-0.00290361) (2.00719e-11,-0.00290361) 
439 (-1.98154e-11,-0.00289701) (1.97962e-11,-0.00289701) 
440 (-1.96231e-11,-0.00289043) (1.96647e-11,-0.00289043) 
441 (-1.94786e-11,-0.00288388) (1.94807e-11,-0.00288388) 
442 (-1.93481e-11,-0.00287737) (1.93133e-11,-0.00287737) 
443 (-1.91009e-11,-0.00287088) (1.90783e-11,-0.00287088) 
444 (-1.89174e-11,-0.00286442) (1.89441e-11,-0.00286442) 
445 (-1.87035e-11,-0.00285799) (1.8802e-11,-0.00285799) 
446 (-1.85658e-11,-0.00285159) (1.86497e-11,-0.00285159) 
447 (-1.84204e-11,-0.00284522) (1.84646e-11,-0.00284522) 
448 (-1.82467e-11,-0.00283887) (1.8303e-11,-0.00283887) 
449 (-1.80902e-11,-0.00283256) (1.81608e-11,-0.00283256) 
450 (-1.79076e-11,-0.00282627) (1.79663e-11,-0.00282627) 
451 (-1.77761e-11,-0.00282001) (1.7851e-11,-0.00282001) 
452 (-1.76369e-11,-0.00281378) (1.76587e-11,-0.00281378) 
453 (-1.74648e-11,-0.00280757) (1.74985e-11,-0.00280757) 
454 (-1.73398e-11,-0.0028014) (1.73531e-11,-0.0028014) 
455 (-1.71784e-11,-0.00279525) (1.71896e-11,-0.00279525) 
456 (-1.70152e-11,-0.00278912) (1.701e-11,-0.00278912) 
457 (-1.68664e-11,-0.00278303) (1.68831e-11,-0.00278303) 
458 (-1.67232e-11,-0.00277696) (1.67555e-11,-0.00277696) 
459 (-1.65826e-11,-0.00277091) (1.66019e-11,-0.00277091) 
460 (-1.64304e-11,-0.0027649) (1.64616e-11,-0.0027649) 
461 (-1.62975e-11,-0.00275891) (1.63216e-11,-0.00275891) 
462 (-1.61571e-11,-0.00275294) (1.61733e-11,-0.00275294) 
463 (-1.60213e-11,-0.002747) (1.60316e-11,-0.002747) 
464 (-1.58804e-11,-0.00274109) (1.58859e-11,-0.00274109) 
465 (-1.57373e-11,-0.0027352) (1.57615e-11,-0.0027352) 
466 (-1.56158e-11,-0.00272934) (1.56215e-11,-0.00272934) 
467 (-1.54829e-11,-0.0027235) (1.54896e-11,-0.0027235) 
468 (-1.53387e-11,-0.00271768) (1.53639e-11,-0.00271768) 
469 (-1.52181e-11,-0.0027119) (1.52313e-11,-0.0027119) 
470 (-1.50798e-11,-0.00270613) (1.50973e-11,-0.00270613) 
471 (-1.49576e-11,-0.00270039) (1.49705e-11,-0.00270039) 
472 (-1.48301e-11,-0.00269468) (1.48471e-11,-0.00269468) 
473 (-1.47069e-11,-0.00268899) (1.47218e-11,-0.00268899) 
474 (-1.45841e-11,-0.00268332) (1.45944e-11,-0.00268332) 
475 (-1.44599e-11,-0.00267768) (1.44722e-11,-0.00267768) 
476 (-1.43391e-11,-0.00267206) (1.4349e-11,-0.00267206) 
477 (-1.42203e-11,-0.00266646) (1.42328e-11,-0.00266646) 
478 (-1.41003e-11,-0.00266089) (1.41113e-11,-0.00266089) 
479 (-1.39826e-11,-0.00265534) (1.39952e-11,-0.00265534) 
480 (-1.38675e-11,-0.00264981) (1.38789e-11,-0.00264981) 
481 (-1.37527e-11,-0.00264431) (1.37654e-11,-0.00264431) 
482 (-1.36396e-11,-0.00263883) (1.36494e-11,-0.00263883) 
483 (-1.3527e-11,-0.00263337) (1.35378e-11,-0.00263337) 
484 (-1.34158e-11,-0.00262794) (1.34269e-11,-0.00262794) 
485 (-1.3306e-11,-0.00262252) (1.33164e-11,-0.00262252) 
486 (-1.31965e-11,-0.00261713) (1.32071e-11,-0.00261713) 
487 (-1.30886e-11,-0.00261176) (1.30992e-11,-0.00261176) 
488 (-1.29819e-11,-0.00260642) (1.29923e-11,-0.00260642) 
489 (-1.2876e-11,-0.00260109) (1.28866e-11,-0.00260109) 
490 (-1.27713e-11,-0.00259579) (1.27818e-11,-0.00259579) 
491 (-1.26678e-11,-0.00259051) (1.26779e-11,-0.00259051) 
492 (-1.25651e-11,-0.00258525) (1.25755e-11,-0.00258525) 
493 (-1.24637e-11,-0.00258001) (1.24738e-11,-0.00258001) 
494 (-1.23631e-11,-0.00257479) (1.23732e-11,-0.00257479) 
495 (-1.22637e-11,-0.0025696) (1.22737e-11,-0.0025696) 
496 (-1.21652e-11,-0.00256442) (1.21751e-11,-0.00256442) 
497 (-1.20677e-11,-0.00255927) (1.20776e-11,-0.00255927) 
498 (-1.19712e-11,-0.00255413) (1.1981e-11,-0.00255413) 
499 (-1.18757e-11,-0.00254902) (1.18854e-11,-0.00254902) 
