0 (0.00430473,-1.37507) (-0.00468433,-1.37597) 
1 (-0.000213986,-0.571178) (0.000201098,-0.5713) 
2 (-6.82823e-05,-0.362156) (4.00218e-05,-0.362147) 
3 (-6.6064e-06,-0.264526) (-1.8568e-05,-0.264509) 
4 (-1.8251e-05,-0.208004) (-7.61435e-07,-0.208002) 
5 (-3.80312e-06,-0.171229) (7.51666e-06,-0.171226) 
6 (1.76416e-06,-0.145429) (3.19481e-06,-0.145424) 
7 (-3.16096e-07,-0.126344) (6.44193e-07,-0.126345) 
8 (-6.97148e-07,-0.111662) (-1.09287e-07,-0.111663) 
9 (1.0971e-06,-0.100027) (1.85415e-07,-0.100027) 
10 (2.54118e-07,-0.0905793) (-4.37178e-07,-0.0905796) 
11 (4.77973e-08,-0.0827578) (-1.68957e-07,-0.0827571) 
12 (-5.72506e-08,-0.0761753) (-3.32781e-07,-0.0761758) 
13 (-3.23245e-07,-0.0705616) (7.84981e-08,-0.0705611) 
14 (3.08013e-08,-0.0657165) (1.87776e-07,-0.0657164) 
15 (2.31281e-07,-0.061493) (2.57133e-07,-0.0614927) 
16 (1.20501e-08,-0.0577783) (-1.01054e-07,-0.0577785) 
17 (-1.48073e-07,-0.0544868) (4.07977e-08,-0.0544869) 
18 (-1.77069e-07,-0.0515496) (-2.41698e-08,-0.0515496) 
19 (-2.17341e-07,-0.0489125) (9.69049e-08,-0.0489125) 
20 (-7.2614e-08,-0.0465318) (-5.62634e-08,-0.0465319) 
21 (2.47246e-08,-0.0443719) (6.54638e-08,-0.0443719) 
22 (-2.84646e-09,-0.0424033) (-1.29252e-07,-0.0424032) 
23 (4.68976e-08,-0.040602) (-1.03843e-07,-0.0406019) 
24 (8.80309e-09,-0.0389473) (-2.11082e-08,-0.0389473) 
25 (4.06645e-08,-0.0374221) (-2.7062e-08,-0.0374221) 
26 (3.8553e-08,-0.0360118) (3.29088e-08,-0.0360118) 
27 (-1.0345e-08,-0.0347039) (1.16928e-08,-0.0347039) 
28 (-3.02571e-09,-0.0334876) (1.5619e-08,-0.0334876) 
29 (2.79525e-10,-0.0323536) (-5.27408e-09,-0.0323536) 
30 (3.50669e-08,-0.0312939) (7.02467e-09,-0.0312939) 
31 (-6.2554e-09,-0.0303013) (3.37847e-09,-0.0303013) 
32 (2.35956e-08,-0.0293698) (1.31843e-08,-0.0293698) 
33 (2.56115e-08,-0.0284938) (-3.89203e-08,-0.0284938) 
34 (-2.55426e-09,-0.0276685) (-1.00335e-08,-0.0276685) 
35 (-1.61161e-08,-0.0268897) (2.99962e-08,-0.0268897) 
36 (6.81155e-09,-0.0261535) (1.33407e-09,-0.0261535) 
37 (-8.31752e-09,-0.0254565) (5.07945e-10,-0.0254566) 
38 (1.45403e-08,-0.0247958) (1.87216e-08,-0.0247957) 
39 (-1.02442e-08,-0.0241684) (-5.53247e-10,-0.0241684) 
40 (2.23936e-08,-0.023572) (-1.39946e-08,-0.023572) 
41 (-4.55796e-09,-0.0230043) (9.55847e-09,-0.0230043) 
42 (1.18121e-08,-0.0224633) (-6.00778e-09,-0.0224633) 
43 (5.52739e-09,-0.0219471) (7.28272e-10,-0.0219471) 
44 (1.61509e-09,-0.0214542) (-5.5621e-10,-0.0214542) 
45 (6.85871e-09,-0.0209828) (-2.93628e-10,-0.0209829) 
46 (8.18375e-09,-0.0205318) (5.15939e-09,-0.0205318) 
47 (-1.34182e-09,-0.0200997) (1.09604e-08,-0.0200997) 
48 (-8.62521e-09,-0.0196855) (7.02344e-09,-0.0196855) 
49 (-1.61251e-09,-0.0192879) (2.29901e-09,-0.0192879) 
50 (1.9712e-09,-0.0189061) (1.11793e-08,-0.0189061) 
51 (-4.15661e-09,-0.0185391) (-1.28356e-09,-0.0185391) 
52 (-3.49996e-09,-0.0181861) (3.49496e-09,-0.0181861) 
53 (1.544e-09,-0.0178463) (-2.6903e-09,-0.0178463) 
54 (-8.77826e-10,-0.017519) (-1.39094e-09,-0.017519) 
55 (5.09608e-11,-0.0172034) (6.70613e-09,-0.0172034) 
56 (-4.42649e-09,-0.016899) (-2.12867e-09,-0.016899) 
57 (1.95382e-09,-0.0166052) (4.31586e-09,-0.0166052) 
58 (8.10627e-10,-0.0163214) (-5.85177e-09,-0.0163214) 
59 (1.30629e-09,-0.0160472) (-6.23337e-09,-0.0160472) 
60 (2.32189e-09,-0.015782) (-6.24109e-09,-0.015782) 
61 (-8.98179e-10,-0.0155254) (4.60656e-09,-0.0155254) 
62 (-3.33181e-09,-0.0152771) (1.28061e-09,-0.0152771) 
63 (1.64301e-09,-0.0150366) (-1.14447e-09,-0.0150366) 
64 (-1.16365e-09,-0.0148035) (-2.41115e-09,-0.0148035) 
65 (-1.12549e-09,-0.0145775) (-1.68748e-09,-0.0145775) 
66 (3.15789e-09,-0.0143584) (3.99257e-09,-0.0143584) 
67 (-1.14553e-09,-0.0141457) (-3.80472e-10,-0.0141457) 
68 (1.67267e-09,-0.0139392) (-4.04333e-09,-0.0139392) 
69 (-1.66062e-10,-0.0137387) (1.767e-10,-0.0137387) 
70 (2.71404e-10,-0.0135439) (6.73907e-10,-0.0135439) 
71 (1.98393e-09,-0.0133545) (8.62888e-10,-0.0133545) 
72 (1.57438e-09,-0.0131703) (1.35533e-09,-0.0131703) 
73 (-2.38481e-09,-0.0129911) (1.88751e-09,-0.0129911) 
74 (-1.03372e-09,-0.0128168) (3.84125e-10,-0.0128168) 
75 (-1.27164e-10,-0.0126471) (-1.10838e-09,-0.0126471) 
76 (-6.02101e-10,-0.0124818) (-1.26103e-09,-0.0124818) 
77 (1.46921e-09,-0.0123207) (4.83871e-10,-0.0123207) 
78 (-2.32973e-10,-0.0121638) (8.50049e-10,-0.0121638) 
79 (1.13195e-09,-0.0120108) (1.76406e-09,-0.0120108) 
80 (2.73204e-09,-0.0118616) (8.14274e-11,-0.0118616) 
81 (-6.8442e-10,-0.0117161) (-1.02617e-09,-0.0117161) 
82 (-5.53381e-10,-0.0115741) (-7.02365e-10,-0.0115741) 
83 (2.02218e-09,-0.0114355) (-1.05348e-09,-0.0114355) 
84 (-4.75936e-10,-0.0113002) (-2.71871e-10,-0.0113002) 
85 (-1.18787e-09,-0.0111681) (2.57793e-10,-0.0111681) 
86 (1.52227e-09,-0.011039) (3.12658e-10,-0.011039) 
87 (-7.02503e-10,-0.0109128) (1.32229e-09,-0.0109128) 
88 (1.33894e-09,-0.0107895) (7.43696e-10,-0.0107895) 
89 (4.2712e-10,-0.010669) (-3.69009e-10,-0.010669) 
90 (7.3755e-10,-0.0105511) (-1.97701e-10,-0.0105511) 
91 (1.42832e-09,-0.0104358) (1.00933e-09,-0.0104358) 
92 (1.3786e-09,-0.010323) (-2.94321e-10,-0.010323) 
93 (-9.34818e-10,-0.0102126) (-5.00538e-10,-0.0102126) 
94 (4.36242e-10,-0.0101046) (-4.33519e-10,-0.0101046) 
95 (-1.76626e-11,-0.00999876) (8.04223e-10,-0.00999876) 
96 (1.43982e-10,-0.00989516) (1.09985e-09,-0.00989516) 
97 (-7.73248e-10,-0.00979368) (-2.13934e-10,-0.00979368) 
98 (-1.17565e-10,-0.00969426) (1.41233e-09,-0.00969426) 
99 (-3.2107e-10,-0.00959684) (1.01684e-09,-0.00959684) 
100 (1.71795e-09,-0.00950136) (-1.32071e-10,-0.00950136) 
101 (2.54615e-10,-0.00940776) (4.83343e-10,-0.00940776) 
102 (-5.92283e-10,-0.00931598) (1.80295e-09,-0.00931598) 
103 (-1.23644e-10,-0.00922598) (3.64005e-10,-0.00922598) 
104 (7.38026e-10,-0.0091377) (6.12724e-10,-0.0091377) 
105 (4.77654e-10,-0.00905109) (-2.44526e-10,-0.0090511) 
106 (-3.72379e-10,-0.00896612) (4.19942e-10,-0.00896611) 
107 (1.41191e-09,-0.00888272) (-4.27544e-10,-0.00888272) 
108 (9.59223e-10,-0.00880085) (4.90975e-11,-0.00880085) 
109 (8.18032e-10,-0.00872049) (7.33375e-10,-0.00872049) 
110 (1.56146e-10,-0.00864157) (5.1507e-10,-0.00864157) 
111 (1.01401e-09,-0.00856408) (5.6193e-10,-0.00856408) 
112 (-6.12898e-10,-0.00848796) (7.45683e-10,-0.00848796) 
113 (-8.48362e-10,-0.00841318) (2.81065e-10,-0.00841318) 
114 (7.66245e-10,-0.00833971) (-3.018e-11,-0.00833971) 
115 (5.86737e-10,-0.00826751) (1.60612e-10,-0.00826751) 
116 (-1.7648e-10,-0.00819655) (-6.30914e-10,-0.00819655) 
117 (3.47636e-11,-0.00812679) (4.08137e-12,-0.00812679) 
118 (1.85361e-10,-0.00805822) (2.51336e-10,-0.00805822) 
119 (-3.37987e-10,-0.00799079) (2.94443e-10,-0.00799079) 
120 (3.81637e-10,-0.00792448) (2.08105e-10,-0.00792448) 
121 (6.0607e-11,-0.00785926) (9.90639e-11,-0.00785926) 
122 (1.58125e-10,-0.00779511) (1.21553e-10,-0.00779511) 
123 (1.09515e-10,-0.00773199) (-9.9382e-10,-0.00773199) 
124 (-1.21787e-11,-0.00766989) (4.88842e-11,-0.00766989) 
125 (-9.6963e-11,-0.00760878) (2.73172e-10,-0.00760878) 
126 (-1.15282e-10,-0.00754864) (2.7057e-10,-0.00754864) 
127 (2.95574e-10,-0.00748943) (-2.1467e-10,-0.00748943) 
128 (-4.402e-13,-0.00743115) (4.97548e-10,-0.00743115) 
129 (-2.96314e-10,-0.00737377) (5.07924e-10,-0.00737377) 
130 (1.18298e-10,-0.00731727) (2.67919e-10,-0.00731727) 
131 (7.06231e-10,-0.00726163) (6.73294e-10,-0.00726163) 
132 (-4.35148e-10,-0.00720683) (5.10192e-10,-0.00720683) 
133 (2.41446e-10,-0.00715285) (3.85998e-10,-0.00715285) 
134 (4.19621e-10,-0.00709967) (2.83043e-10,-0.00709967) 
135 (-1.05418e-10,-0.00704728) (1.62326e-10,-0.00704728) 
136 (-1.82825e-11,-0.00699565) (3.29553e-10,-0.00699565) 
137 (1.60661e-10,-0.00694478) (4.77286e-10,-0.00694477) 
138 (8.69261e-11,-0.00689463) (-6.57321e-11,-0.00689464) 
139 (1.37667e-10,-0.00684521) (-1.97274e-10,-0.00684521) 
140 (9.05558e-11,-0.0067965) (7.29166e-11,-0.00679649) 
141 (-2.31387e-11,-0.00674847) (-1.62335e-10,-0.00674847) 
142 (7.95452e-10,-0.00670111) (2.31532e-10,-0.00670111) 
143 (2.85997e-10,-0.00665441) (1.24403e-10,-0.00665441) 
144 (1.87737e-10,-0.00660837) (4.12069e-10,-0.00660837) 
145 (-1.70599e-10,-0.00656295) (-4.61915e-10,-0.00656295) 
146 (-2.0484e-10,-0.00651815) (-1.30825e-10,-0.00651815) 
147 (3.01291e-12,-0.00647396) (2.61007e-10,-0.00647396) 
148 (1.31671e-10,-0.00643037) (2.81741e-10,-0.00643037) 
149 (-3.10328e-10,-0.00638736) (7.22654e-11,-0.00638736) 
150 (3.52451e-10,-0.00634492) (9.53023e-13,-0.00634492) 
151 (1.89117e-10,-0.00630304) (4.12925e-11,-0.00630304) 
152 (1.36216e-10,-0.00626171) (9.05959e-11,-0.00626171) 
153 (-1.59226e-10,-0.00622092) (-7.1459e-11,-0.00622092) 
154 (3.23983e-10,-0.00618066) (2.62804e-10,-0.00618066) 
155 (1.8684e-10,-0.00614091) (9.41549e-11,-0.00614091) 
156 (-4.29519e-12,-0.00610167) (1.10186e-10,-0.00610167) 
157 (3.16029e-10,-0.00606293) (-2.2152e-11,-0.00606293) 
158 (1.42348e-10,-0.00602468) (5.51133e-11,-0.00602468) 
159 (2.96739e-10,-0.00598691) (8.20798e-11,-0.00598691) 
160 (3.04015e-10,-0.00594961) (6.11835e-11,-0.00594961) 
161 (3.25029e-10,-0.00591277) (-1.24564e-10,-0.00591277) 
162 (1.6795e-10,-0.00587639) (-1.75861e-10,-0.00587639) 
163 (9.04134e-11,-0.00584045) (1.83347e-10,-0.00584045) 
164 (1.72901e-10,-0.00580495) (2.65096e-10,-0.00580495) 
165 (1.35998e-10,-0.00576987) (1.5899e-10,-0.00576987) 
166 (1.32066e-10,-0.00573522) (1.71487e-11,-0.00573522) 
167 (1.56826e-10,-0.00570098) (-2.3176e-11,-0.00570098) 
168 (-4.93341e-11,-0.00566715) (-1.67291e-11,-0.00566715) 
169 (-8.7631e-11,-0.00563371) (7.63584e-11,-0.00563371) 
170 (1.40034e-10,-0.00560067) (8.0458e-11,-0.00560067) 
171 (2.07964e-11,-0.00556802) (8.49927e-11,-0.00556802) 
172 (-1.21627e-10,-0.00553574) (1.03768e-10,-0.00553574) 
173 (-1.2693e-11,-0.00550383) (4.81556e-11,-0.00550383) 
174 (-6.12402e-11,-0.00547229) (-1.08679e-10,-0.00547229) 
175 (1.70085e-10,-0.00544111) (4.43622e-11,-0.00544111) 
176 (-8.6478e-11,-0.00541029) (-2.24377e-10,-0.00541029) 
177 (6.10462e-11,-0.00537981) (-1.38402e-10,-0.00537981) 
178 (2.86536e-10,-0.00534967) (-1.1467e-10,-0.00534967) 
179 (-1.76982e-11,-0.00531987) (6.98923e-11,-0.00531987) 
180 (-2.11145e-10,-0.00529039) (-2.61212e-11,-0.0052904) 
181 (2.07883e-10,-0.00526125) (-5.58511e-13,-0.00526125) 
182 (-5.243e-11,-0.00523242) (7.10225e-11,-0.00523242) 
183 (1.77366e-10,-0.00520391) (1.71672e-10,-0.00520391) 
184 (9.41799e-12,-0.0051757) (1.65366e-10,-0.0051757) 
185 (2.87237e-11,-0.0051478) (8.58893e-11,-0.0051478) 
186 (2.04381e-10,-0.0051202) (-4.8101e-11,-0.0051202) 
187 (1.01262e-10,-0.00509289) (2.84131e-10,-0.00509289) 
188 (9.75974e-11,-0.00506588) (1.70323e-10,-0.00506587) 
189 (1.82813e-10,-0.00503914) (9.4026e-11,-0.00503914) 
190 (-1.24011e-10,-0.00501269) (1.10594e-10,-0.00501269) 
191 (-5.20573e-12,-0.00498652) (1.70633e-10,-0.00498652) 
192 (4.93247e-11,-0.00496061) (9.23148e-11,-0.00496061) 
193 (1.09925e-11,-0.00493498) (8.15618e-11,-0.00493498) 
194 (6.14785e-11,-0.0049096) (-8.66321e-11,-0.0049096) 
195 (9.76162e-11,-0.00488449) (-1.25515e-11,-0.00488449) 
196 (1.11276e-10,-0.00485964) (1.45129e-11,-0.00485964) 
197 (5.22295e-12,-0.00483503) (1.24845e-10,-0.00483503) 
198 (3.39572e-11,-0.00481067) (-1.50138e-10,-0.00481067) 
199 (2.85138e-10,-0.00478656) (8.84056e-11,-0.00478656) 
200 (-5.60069e-11,-0.00476269) (-3.23749e-11,-0.00476269) 
201 (5.1423e-11,-0.00473905) (1.56333e-10,-0.00473905) 
202 (3.44692e-11,-0.00471565) (2.75227e-11,-0.00471565) 
203 (3.22831e-11,-0.00469248) (1.67658e-10,-0.00469248) 
204 (-5.26126e-11,-0.00466953) (7.41303e-11,-0.00466953) 
205 (-2.15948e-11,-0.00464681) (2.46117e-12,-0.00464681) 
206 (-7.27305e-11,-0.00462431) (-4.02827e-11,-0.00462431) 
207 (-3.75816e-11,-0.00460202) (1.17327e-10,-0.00460202) 
208 (3.64304e-12,-0.00457995) (1.53361e-10,-0.00457995) 
209 (5.7555e-11,-0.00455809) (2.65897e-11,-0.00455809) 
210 (-5.03807e-11,-0.00453644) (4.98009e-11,-0.00453644) 
211 (-3.90133e-11,-0.00451499) (3.65277e-11,-0.00451499) 
212 (8.45596e-11,-0.00449374) (1.35912e-10,-0.00449374) 
213 (-3.42916e-11,-0.00447269) (7.91359e-11,-0.00447269) 
214 (-8.98026e-12,-0.00445184) (7.70212e-11,-0.00445184) 
215 (-9.74102e-11,-0.00443118) (1.25683e-10,-0.00443118) 
216 (-7.54136e-12,-0.00441072) (6.75519e-11,-0.00441072) 
217 (2.36315e-11,-0.00439044) (5.48787e-11,-0.00439044) 
218 (4.43158e-11,-0.00437035) (-3.80259e-11,-0.00437035) 
219 (-1.30587e-10,-0.00435044) (4.32956e-11,-0.00435044) 
220 (8.23727e-11,-0.00433071) (-3.67529e-11,-0.00433071) 
221 (-3.4437e-11,-0.00431115) (1.64628e-10,-0.00431115) 
222 (9.41326e-11,-0.00429178) (-1.23258e-11,-0.00429178) 
223 (2.56034e-11,-0.00427258) (-5.37844e-11,-0.00427258) 
224 (-6.30178e-11,-0.00425355) (-2.3129e-11,-0.00425355) 
225 (3.39066e-11,-0.00423468) (7.09605e-11,-0.00423468) 
226 (4.715e-11,-0.00421599) (-3.66425e-11,-0.00421599) 
227 (-2.63911e-11,-0.00419746) (5.09677e-11,-0.00419746) 
228 (4.10922e-11,-0.00417909) (-3.59515e-11,-0.00417909) 
229 (2.28378e-11,-0.00416088) (1.13464e-11,-0.00416088) 
230 (-9.12846e-12,-0.00414283) (8.14381e-11,-0.00414283) 
231 (-1.59034e-11,-0.00412493) (-1.56232e-11,-0.00412493) 
232 (5.73485e-11,-0.00410719) (4.45903e-11,-0.00410719) 
233 (1.05039e-10,-0.0040896) (8.42396e-11,-0.0040896) 
234 (-3.94711e-11,-0.00407216) (2.33583e-11,-0.00407216) 
235 (2.069e-11,-0.00405487) (1.13406e-10,-0.00405487) 
236 (6.52107e-11,-0.00403772) (-1.39152e-11,-0.00403772) 
237 (5.88098e-11,-0.00402072) (5.1141e-11,-0.00402072) 
238 (4.10271e-12,-0.00400387) (-4.23066e-11,-0.00400387) 
239 (-1.89596e-11,-0.00398715) (8.92e-11,-0.00398715) 
240 (2.17184e-11,-0.00397057) (-4.54439e-13,-0.00397057) 
241 (-1.09091e-11,-0.00395413) (4.66278e-11,-0.00395413) 
242 (-1.02794e-11,-0.00393782) (1.05318e-11,-0.00393782) 
243 (-7.02363e-11,-0.00392165) (3.2673e-13,-0.00392165) 
244 (-3.07723e-13,-0.00390561) (1.17169e-11,-0.00390561) 
245 (8.47523e-11,-0.0038897) (-2.22082e-11,-0.0038897) 
246 (4.27491e-11,-0.00387392) (1.74356e-11,-0.00387392) 
247 (-1.76409e-11,-0.00385827) (3.30019e-11,-0.00385827) 
248 (2.04177e-12,-0.00384275) (-2.075e-11,-0.00384275) 
249 (1.1615e-11,-0.00382735) (3.00486e-12,-0.00382735) 
250 (1.13412e-11,-0.00381207) (2.93196e-12,-0.00381207) 
251 (1.90469e-12,-0.00379691) (-1.93133e-11,-0.00379691) 
252 (-1.56383e-11,-0.00378187) (2.92621e-11,-0.00378187) 
253 (3.61483e-11,-0.00376695) (1.47284e-11,-0.00376695) 
254 (6.82997e-11,-0.00375215) (-1.7907e-11,-0.00375215) 
255 (-2.2044e-13,-0.00373747) (8.98181e-12,-0.00373747) 
256 (-5.13898e-11,-0.0037229) (2.20603e-13,-0.0037229) 
257 (-7.15031e-12,-0.00370844) (7.32609e-12,-0.00370844) 
258 (-7.23031e-12,-0.00369409) (3.09785e-11,-0.00369409) 
259 (1.37874e-11,-0.00367986) (-3.13239e-13,-0.00367986) 
260 (-1.14233e-11,-0.00366573) (5.38434e-11,-0.00366573) 
261 (2.39029e-12,-0.00365171) (-2.43798e-11,-0.00365171) 
262 (3.22901e-11,-0.0036378) (2.80218e-11,-0.0036378) 
263 (3.41221e-11,-0.003624) (-7.30713e-12,-0.003624) 
264 (1.03415e-11,-0.0036103) (5.64629e-11,-0.0036103) 
265 (-1.87037e-11,-0.0035967) (1.10536e-11,-0.0035967) 
266 (4.75587e-11,-0.0035832) (3.80741e-11,-0.0035832) 
267 (2.47623e-11,-0.00356981) (1.91849e-11,-0.00356981) 
268 (-6.49367e-12,-0.00355651) (-6.4583e-12,-0.00355651) 
269 (-3.53246e-12,-0.00354332) (3.18375e-11,-0.00354332) 
270 (8.56022e-12,-0.00353022) (4.18957e-12,-0.00353022) 
271 (1.46467e-11,-0.00351721) (-1.28203e-11,-0.00351721) 
272 (-8.89199e-12,-0.00350431) (1.72132e-11,-0.00350431) 
273 (1.52558e-11,-0.00349149) (-1.18666e-11,-0.00349149) 
274 (1.0467e-11,-0.00347878) (2.17629e-11,-0.00347878) 
275 (-1.84048e-11,-0.00346615) (-6.81956e-12,-0.00346615) 
276 (7.1892e-12,-0.00345361) (-1.50503e-11,-0.00345361) 
277 (2.50602e-11,-0.00344117) (-3.32399e-12,-0.00344117) 
278 (-8.667e-12,-0.00342881) (4.1618e-11,-0.00342881) 
279 (1.99082e-11,-0.00341654) (-8.91072e-12,-0.00341654) 
280 (-2.99353e-11,-0.00340436) (9.89076e-12,-0.00340436) 
281 (9.74252e-12,-0.00339227) (-8.36755e-12,-0.00339227) 
282 (4.97332e-12,-0.00338026) (1.13782e-11,-0.00338026) 
283 (-1.44402e-12,-0.00336834) (1.33465e-11,-0.00336834) 
284 (-1.83469e-11,-0.0033565) (2.36865e-11,-0.0033565) 
285 (-1.56254e-12,-0.00334474) (1.37997e-11,-0.00334474) 
286 (-5.81961e-12,-0.00333307) (1.34988e-11,-0.00333307) 
287 (1.38411e-11,-0.00332148) (2.21071e-11,-0.00332148) 
288 (-6.00265e-12,-0.00330996) (5.61615e-12,-0.00330996) 
289 (-7.39155e-12,-0.00329853) (7.30524e-12,-0.00329853) 
290 (8.15093e-12,-0.00328718) (3.68589e-12,-0.00328718) 
291 (5.42147e-13,-0.0032759) (2.04815e-11,-0.0032759) 
292 (-4.73549e-12,-0.0032647) (1.48988e-11,-0.0032647) 
293 (-8.76788e-12,-0.00325358) (-4.94174e-12,-0.00325358) 
294 (-2.43818e-12,-0.00324253) (2.28712e-13,-0.00324253) 
295 (-5.72489e-12,-0.00323156) (8.08807e-12,-0.00323156) 
296 (3.42952e-12,-0.00322066) (1.74698e-11,-0.00322066) 
297 (3.4832e-12,-0.00320983) (2.68165e-12,-0.00320983) 
298 (4.92077e-12,-0.00319908) (1.47368e-11,-0.00319908) 
299 (-4.98634e-12,-0.0031884) (-2.96991e-12,-0.0031884) 
300 (2.44698e-11,-0.00317779) (7.51393e-12,-0.00317779) 
301 (2.82057e-12,-0.00316725) (-1.22831e-11,-0.00316725) 
302 (4.59565e-13,-0.00315678) (9.61437e-12,-0.00315678) 
303 (8.25147e-12,-0.00314638) (1.0134e-12,-0.00314638) 
304 (6.8922e-12,-0.00313604) (-9.34686e-13,-0.00313604) 
305 (4.14912e-12,-0.00312578) (-5.82492e-12,-0.00312578) 
306 (7.50715e-13,-0.00311558) (5.10876e-12,-0.00311558) 
307 (3.02343e-12,-0.00310545) (5.50112e-12,-0.00310545) 
308 (-2.43343e-13,-0.00309538) (9.70717e-12,-0.00309538) 
309 (-6.68893e-12,-0.00308538) (5.95872e-12,-0.00308538) 
310 (9.50134e-12,-0.00307544) (4.80409e-12,-0.00307544) 
311 (4.84658e-12,-0.00306557) (8.30903e-12,-0.00306557) 
312 (4.77846e-12,-0.00305576) (1.32021e-11,-0.00305576) 
313 (9.11303e-12,-0.00304601) (-2.18645e-12,-0.00304601) 
314 (1.26297e-12,-0.00303633) (3.56233e-12,-0.00303633) 
315 (4.29982e-13,-0.0030267) (6.55962e-12,-0.0030267) 
316 (6.7899e-12,-0.00301714) (6.46677e-12,-0.00301714) 
317 (-1.83814e-12,-0.00300764) (2.50812e-12,-0.00300764) 
318 (7.17189e-12,-0.0029982) (-7.24336e-14,-0.0029982) 
319 (-6.81233e-12,-0.00298881) (-9.02333e-13,-0.00298881) 
320 (-4.93979e-13,-0.00297949) (2.10419e-12,-0.00297949) 
321 (8.44527e-12,-0.00297022) (-3.41154e-12,-0.00297022) 
322 (1.74873e-12,-0.00296101) (-3.8997e-12,-0.00296101) 
323 (-2.22957e-12,-0.00295186) (-5.97058e-12,-0.00295186) 
324 (4.30771e-12,-0.00294276) (1.05836e-12,-0.00294276) 
325 (-1.40286e-12,-0.00293372) (-2.63158e-12,-0.00293372) 
326 (-2.35102e-13,-0.00292473) (1.03301e-12,-0.00292473) 
327 (-2.54677e-12,-0.0029158) (2.16481e-12,-0.0029158) 
328 (4.71243e-13,-0.00290693) (1.67019e-12,-0.00290693) 
329 (2.73804e-12,-0.00289811) (1.49405e-12,-0.00289811) 
330 (-1.54503e-12,-0.00288934) (1.33931e-12,-0.00288934) 
331 (-8.01545e-13,-0.00288062) (-3.38413e-13,-0.00288062) 
332 (2.61214e-12,-0.00287196) (-4.28377e-13,-0.00287196) 
333 (2.09382e-12,-0.00286335) (2.16252e-13,-0.00286335) 
334 (2.04349e-12,-0.00285479) (2.28333e-12,-0.00285479) 
335 (2.45056e-12,-0.00284628) (3.63474e-12,-0.00284628) 
336 (1.23755e-12,-0.00283782) (2.36417e-12,-0.00283782) 
337 (2.14005e-12,-0.00282941) (-2.23917e-12,-0.00282941) 
338 (3.88093e-12,-0.00282105) (-1.51702e-12,-0.00282105) 
339 (3.44098e-12,-0.00281274) (6.35576e-13,-0.00281274) 
340 (3.1817e-12,-0.00280448) (8.20008e-13,-0.00280448) 
341 (1.46929e-12,-0.00279627) (5.04072e-13,-0.00279627) 
342 (3.03456e-12,-0.0027881) (-2.56032e-13,-0.0027881) 
343 (7.28422e-15,-0.00277999) (9.3928e-13,-0.00277999) 
344 (1.62566e-12,-0.00277192) (7.50423e-13,-0.00277192) 
345 (2.63579e-12,-0.0027639) (2.05588e-12,-0.0027639) 
346 (-1.15876e-12,-0.00275592) (-5.8543e-13,-0.00275592) 
347 (1.0175e-12,-0.00274799) (6.02181e-13,-0.00274799) 
348 (1.3206e-12,-0.0027401) (2.34039e-13,-0.0027401) 
349 (2.29107e-12,-0.00273226) (-3.82731e-14,-0.00273226) 
350 (-1.82524e-12,-0.00272447) (3.91141e-13,-0.00272447) 
351 (7.91916e-13,-0.00271672) (1.55832e-12,-0.00271672) 
352 (5.9072e-14,-0.00270901) (1.35768e-12,-0.00270901) 
353 (-9.95226e-13,-0.00270135) (-7.05906e-13,-0.00270135) 
354 (-7.73315e-13,-0.00269373) (-2.25108e-12,-0.00269373) 
355 (8.88675e-13,-0.00268615) (1.81601e-12,-0.00268615) 
356 (1.25821e-12,-0.00267861) (4.87033e-13,-0.00267861) 
357 (3.23188e-12,-0.00267112) (8.86836e-13,-0.00267112) 
358 (-4.64538e-14,-0.00266367) (-6.55326e-13,-0.00266367) 
359 (3.63427e-13,-0.00265626) (2.18634e-13,-0.00265626) 
360 (5.02655e-13,-0.00264889) (-7.03266e-13,-0.00264889) 
361 (3.15041e-13,-0.00264157) (-2.48481e-13,-0.00264157) 
362 (5.18324e-13,-0.00263428) (1.38128e-12,-0.00263428) 
363 (-1.17609e-14,-0.00262703) (8.84118e-13,-0.00262703) 
364 (-2.39015e-13,-0.00261983) (3.88747e-13,-0.00261983) 
365 (1.08094e-12,-0.00261266) (6.63525e-13,-0.00261266) 
366 (6.02602e-13,-0.00260553) (8.6262e-13,-0.00260553) 
367 (-9.17593e-13,-0.00259844) (1.08199e-12,-0.00259844) 
368 (1.49647e-12,-0.00259139) (1.352e-12,-0.00259139) 
369 (2.67302e-13,-0.00258437) (4.81852e-13,-0.00258437) 
370 (-5.02929e-13,-0.0025774) (8.88364e-13,-0.0025774) 
371 (3.63567e-14,-0.00257046) (8.14615e-13,-0.00257046) 
372 (5.12143e-13,-0.00256356) (-3.8247e-13,-0.00256356) 
373 (-1.37487e-13,-0.0025567) (3.7146e-13,-0.0025567) 
374 (-1.01099e-13,-0.00254987) (3.50249e-13,-0.00254987) 
375 (1.97667e-14,-0.00254308) (2.85761e-14,-0.00254308) 
376 (1.72089e-13,-0.00253633) (-1.27414e-12,-0.00253633) 
377 (2.2002e-13,-0.00252961) (1.0615e-13,-0.00252961) 
378 (1.01405e-13,-0.00252292) (7.28907e-14,-0.00252292) 
379 (4.25943e-13,-0.00251628) (1.78067e-13,-0.00251628) 
380 (-2.89816e-13,-0.00250966) (2.47624e-13,-0.00250966) 
381 (2.00737e-13,-0.00250308) (1.91097e-13,-0.00250308) 
382 (6.31845e-14,-0.00249654) (-3.094e-14,-0.00249654) 
383 (-1.05008e-13,-0.00249003) (-5.29952e-13,-0.00249003) 
384 (4.64528e-13,-0.00248355) (8.4196e-14,-0.00248355) 
385 (5.59265e-13,-0.00247711) (-5.42605e-14,-0.00247711) 
386 (-5.11233e-13,-0.0024707) (1.47001e-13,-0.0024707) 
387 (-3.3442e-13,-0.00246433) (4.13555e-13,-0.00246433) 
388 (5.99073e-13,-0.00245798) (2.81339e-13,-0.00245798) 
389 (1.1349e-13,-0.00245167) (2.36095e-13,-0.00245167) 
390 (4.29518e-13,-0.0024454) (3.24357e-13,-0.0024454) 
391 (4.66202e-13,-0.00243915) (-9.67655e-15,-0.00243915) 
392 (6.27302e-13,-0.00243293) (-2.12139e-13,-0.00243293) 
393 (-1.15333e-13,-0.00242675) (1.33663e-13,-0.00242675) 
394 (2.05514e-13,-0.0024206) (-1.20593e-13,-0.0024206) 
395 (2.8167e-13,-0.00241448) (1.77621e-13,-0.00241448) 
396 (-8.84638e-15,-0.00240839) (8.45375e-14,-0.00240839) 
397 (-1.44112e-13,-0.00240233) (4.99702e-13,-0.00240233) 
398 (9.92996e-14,-0.0023963) (1.01859e-13,-0.0023963) 
399 (4.64982e-13,-0.00239031) (-6.33502e-14,-0.00239031) 
400 (-4.62206e-14,-0.00238434) (2.09493e-13,-0.00238434) 
401 (3.40434e-15,-0.0023784) (2.78569e-13,-0.0023784) 
402 (-1.27442e-13,-0.00237249) (-7.23623e-14,-0.00237249) 
403 (5.55011e-14,-0.00236661) (1.76922e-13,-0.00236661) 
404 (2.52608e-14,-0.00236076) (1.10639e-13,-0.00236076) 
405 (9.79742e-14,-0.00235494) (-9.78679e-14,-0.00235494) 
406 (-1.10595e-13,-0.00234914) (-1.02306e-13,-0.00234914) 
407 (2.1623e-13,-0.00234338) (-6.82095e-14,-0.00234338) 
408 (2.07791e-13,-0.00233764) (9.97731e-14,-0.00233764) 
409 (1.13101e-13,-0.00233193) (-5.0515e-14,-0.00233193) 
410 (7.28157e-14,-0.00232625) (-6.68896e-14,-0.00232625) 
411 (1.59217e-13,-0.0023206) (4.65799e-14,-0.0023206) 
412 (-3.75191e-14,-0.00231497) (9.36749e-14,-0.00231497) 
413 (1.53844e-13,-0.00230938) (-3.67706e-16,-0.00230938) 
414 (-6.54668e-14,-0.0023038) (-6.4896e-15,-0.0023038) 
415 (-7.85017e-15,-0.00229826) (-4.53656e-14,-0.00229826) 
416 (1.56921e-13,-0.00229274) (-9.43189e-14,-0.00229274) 
417 (-7.5555e-15,-0.00228725) (-6.75155e-14,-0.00228725) 
418 (-1.21554e-14,-0.00228179) (-8.14607e-14,-0.00228179) 
419 (1.61408e-13,-0.00227635) (-2.11991e-14,-0.00227635) 
420 (7.64635e-14,-0.00227093) (5.55174e-14,-0.00227093) 
421 (1.48328e-14,-0.00226554) (1.06319e-14,-0.00226554) 
422 (8.03256e-14,-0.00226018) (-6.20151e-15,-0.00226018) 
423 (3.22554e-15,-0.00225485) (-6.82471e-14,-0.00225485) 
424 (1.99187e-14,-0.00224953) (-5.93149e-14,-0.00224953) 
425 (-6.04195e-15,-0.00224425) (-1.29548e-14,-0.00224425) 
426 (-3.89337e-14,-0.00223899) (2.56284e-14,-0.00223899) 
427 (6.08106e-14,-0.00223375) (8.62711e-15,-0.00223375) 
428 (6.59815e-14,-0.00222854) (-4.79745e-15,-0.00222854) 
429 (2.82689e-14,-0.00222335) (-1.00457e-14,-0.00222335) 
430 (1.9827e-14,-0.00221818) (-1.99062e-14,-0.00221818) 
431 (4.93535e-14,-0.00221304) (-8.75686e-14,-0.00221304) 
432 (5.83081e-15,-0.00220792) (-2.81509e-14,-0.00220792) 
433 (6.33617e-14,-0.00220283) (2.95776e-14,-0.00220283) 
434 (8.80465e-15,-0.00219776) (-4.20824e-14,-0.00219776) 
435 (9.54777e-15,-0.00219271) (-4.75419e-14,-0.00219271) 
436 (3.72262e-14,-0.00218769) (-3.27543e-14,-0.00218769) 
437 (-6.85757e-15,-0.00218269) (-1.08337e-14,-0.00218269) 
438 (1.44522e-14,-0.00217771) (1.35282e-14,-0.00217771) 
439 (3.69147e-14,-0.00217276) (-6.38365e-14,-0.00217276) 
440 (2.88716e-14,-0.00216783) (-5.9049e-14,-0.00216783) 
441 (2.51498e-14,-0.00216292) (-5.26832e-14,-0.00216292) 
442 (2.99973e-14,-0.00215803) (-4.74002e-17,-0.00215803) 
443 (1.4889e-15,-0.00215316) (-2.97596e-14,-0.00215316) 
444 (2.04404e-14,-0.00214832) (4.9319e-15,-0.00214832) 
445 (1.71355e-14,-0.0021435) (-2.49785e-14,-0.0021435) 
446 (2.44824e-14,-0.0021387) (-2.81098e-14,-0.0021387) 
447 (1.06177e-14,-0.00213392) (-1.08628e-14,-0.00213392) 
448 (1.00509e-14,-0.00212916) (-2.27557e-14,-0.00212916) 
449 (2.33847e-14,-0.00212442) (2.83937e-15,-0.00212442) 
450 (1.64197e-14,-0.00211971) (-1.54376e-14,-0.00211971) 
451 (5.84191e-15,-0.00211501) (-8.52828e-15,-0.00211501) 
452 (1.71444e-14,-0.00211034) (-4.49242e-15,-0.00211034) 
453 (2.8298e-14,-0.00210568) (-1.30059e-14,-0.00210568) 
454 (2.55351e-14,-0.00210105) (-1.91426e-14,-0.00210105) 
455 (1.98787e-14,-0.00209644) (-1.91748e-14,-0.00209644) 
456 (2.24613e-14,-0.00209185) (-1.79909e-14,-0.00209185) 
457 (2.57648e-14,-0.00208727) (-2.22462e-14,-0.00208727) 
458 (1.55121e-14,-0.00208272) (-1.29729e-14,-0.00208272) 
459 (2.83756e-14,-0.00207819) (-2.46457e-14,-0.00207819) 
460 (1.3641e-14,-0.00207368) (-1.81523e-14,-0.00207368) 
461 (2.24817e-14,-0.00206918) (-1.14695e-14,-0.00206918) 
462 (1.50679e-14,-0.00206471) (-1.74932e-14,-0.00206471) 
463 (1.89148e-14,-0.00206025) (-1.71741e-14,-0.00206025) 
464 (1.39332e-14,-0.00205582) (-1.13668e-14,-0.00205582) 
465 (1.65825e-14,-0.0020514) (-1.88701e-14,-0.0020514) 
466 (2.03816e-14,-0.002047) (-2.24065e-14,-0.002047) 
467 (1.93938e-14,-0.00204263) (-1.54352e-14,-0.00204263) 
468 (1.60125e-14,-0.00203827) (-1.64735e-14,-0.00203827) 
469 (1.90932e-14,-0.00203392) (-1.61199e-14,-0.00203392) 
470 (1.63373e-14,-0.0020296) (-1.68328e-14,-0.0020296) 
471 (1.6039e-14,-0.0020253) (-1.56144e-14,-0.0020253) 
472 (1.56519e-14,-0.00202101) (-1.57881e-14,-0.00202101) 
473 (1.71096e-14,-0.00201674) (-1.50979e-14,-0.00201674) 
474 (1.67743e-14,-0.00201249) (-1.66318e-14,-0.00201249) 
475 (1.58296e-14,-0.00200826) (-1.62443e-14,-0.00200826) 
476 (1.62129e-14,-0.00200405) (-1.72163e-14,-0.00200405) 
477 (1.53793e-14,-0.00199985) (-1.7009e-14,-0.00199985) 
478 (1.5489e-14,-0.00199567) (-1.49251e-14,-0.00199567) 
479 (1.47166e-14,-0.00199151) (-1.56835e-14,-0.00199151) 
480 (1.40647e-14,-0.00198736) (-1.47807e-14,-0.00198736) 
481 (1.43448e-14,-0.00198324) (-1.51692e-14,-0.00198324) 
482 (1.4457e-14,-0.00197912) (-1.48758e-14,-0.00197912) 
483 (1.46943e-14,-0.00197503) (-1.50078e-14,-0.00197503) 
484 (1.48054e-14,-0.00197096) (-1.44509e-14,-0.00197096) 
485 (1.44608e-14,-0.0019669) (-1.44747e-14,-0.0019669) 
486 (1.41739e-14,-0.00196285) (-1.44545e-14,-0.00196285) 
487 (1.41903e-14,-0.00195883) (-1.44688e-14,-0.00195883) 
488 (1.41003e-14,-0.00195482) (-1.42867e-14,-0.00195482) 
489 (1.40036e-14,-0.00195082) (-1.41859e-14,-0.00195082) 
490 (1.39247e-14,-0.00194685) (-1.40193e-14,-0.00194685) 
491 (1.37359e-14,-0.00194288) (-1.39194e-14,-0.00194288) 
492 (1.36403e-14,-0.00193894) (-1.37965e-14,-0.00193894) 
493 (1.35442e-14,-0.00193501) (-1.36769e-14,-0.00193501) 
494 (1.34189e-14,-0.0019311) (-1.35695e-14,-0.0019311) 
495 (1.33082e-14,-0.0019272) (-1.34758e-14,-0.0019272) 
496 (1.32114e-14,-0.00192332) (-1.337e-14,-0.00192332) 
497 (1.31055e-14,-0.00191945) (-1.326e-14,-0.00191945) 
498 (1.30019e-14,-0.0019156) (-1.31547e-14,-0.0019156) 
499 (1.28984e-14,-0.00191177) (-1.305e-14,-0.00191177) 
