0 (0,-1.23143) (0,-1.23143) 
1 (0,-0.942936) (0,-0.942936) 
2 (0,-0.73983) (0,-0.73983) 
3 (0,-0.597634) (0,-0.597634) 
4 (0,-0.496215) (0,-0.496215) 
5 (0,-0.421808) (0,-0.421808) 
6 (0,-0.365586) (0,-0.365586) 
7 (0,-0.321936) (0,-0.321936) 
8 (0,-0.287228) (0,-0.287228) 
9 (0,-0.259056) (0,-0.259056) 
10 (0,-0.235781) (0,-0.235781) 
11 (0,-0.216255) (0,-0.216255) 
12 (0,-0.199658) (0,-0.199658) 
13 (0,-0.185387) (0,-0.185387) 
14 (0,-0.172991) (0,-0.172991) 
15 (0,-0.16213) (0,-0.16213) 
16 (0,-0.152537) (0,-0.152537) 
17 (0,-0.144004) (0,-0.144004) 
18 (0,-0.136368) (0,-0.136368) 
19 (0,-0.129494) (0,-0.129494) 
20 (0,-0.123275) (0,-0.123275) 
21 (0,-0.117622) (0,-0.117622) 
22 (0,-0.112461) (0,-0.112461) 
23 (0,-0.107732) (0,-0.107732) 
24 (0,-0.103382) (0,-0.103382) 
25 (0,-0.0993689) (0,-0.0993689) 
26 (0,-0.0956539) (0,-0.0956539) 
27 (0,-0.0922056) (0,-0.0922056) 
28 (0,-0.0889963) (0,-0.0889963) 
29 (0,-0.0860021) (0,-0.0860021) 
30 (0,-0.0832021) (0,-0.0832021) 
31 (0,-0.0805782) (0,-0.0805782) 
32 (0,-0.0781142) (0,-0.0781142) 
33 (0,-0.0757959) (0,-0.0757959) 
34 (0,-0.073611) (0,-0.073611) 
35 (0,-0.0715482) (0,-0.0715482) 
36 (0,-0.0695976) (0,-0.0695976) 
37 (0,-0.0677503) (0,-0.0677503) 
38 (0,-0.0659983) (0,-0.0659983) 
39 (0,-0.0643344) (0,-0.0643344) 
40 (0,-0.0627522) (0,-0.0627522) 
41 (0,-0.0612459) (0,-0.0612459) 
42 (0,-0.05981) (0,-0.05981) 
43 (0,-0.0584398) (0,-0.0584398) 
44 (0,-0.0571309) (0,-0.0571309) 
45 (0,-0.0558792) (0,-0.0558792) 
46 (0,-0.0546811) (0,-0.0546811) 
47 (0,-0.0535333) (0,-0.0535333) 
48 (0,-0.0524326) (0,-0.0524326) 
49 (0,-0.0513761) (0,-0.0513761) 
50 (0,-0.0503614) (0,-0.0503614) 
51 (0,-0.0493859) (0,-0.0493859) 
52 (0,-0.0484474) (0,-0.0484474) 
53 (0,-0.0475439) (0,-0.0475439) 
54 (0,-0.0466735) (0,-0.0466735) 
55 (0,-0.0458343) (0,-0.0458343) 
56 (0,-0.0450247) (0,-0.0450247) 
57 (0,-0.0442432) (0,-0.0442432) 
58 (0,-0.0434884) (0,-0.0434884) 
59 (0,-0.0427588) (0,-0.0427588) 
60 (0,-0.0420533) (0,-0.0420533) 
61 (0,-0.0413707) (0,-0.0413707) 
62 (0,-0.0407099) (0,-0.0407099) 
63 (0,-0.0400698) (0,-0.0400698) 
64 (0,-0.0394496) (0,-0.0394496) 
65 (0,-0.0388482) (0,-0.0388482) 
66 (0,-0.0382649) (0,-0.0382649) 
67 (0,-0.0376988) (0,-0.0376988) 
68 (0,-0.0371492) (0,-0.0371492) 
69 (0,-0.0366154) (0,-0.0366154) 
70 (0,-0.0360967) (0,-0.0360967) 
71 (0,-0.0355925) (0,-0.0355925) 
72 (0,-0.0351022) (0,-0.0351022) 
73 (0,-0.0346252) (0,-0.0346252) 
74 (0,-0.034161) (0,-0.034161) 
75 (0,-0.033709) (0,-0.033709) 
76 (0,-0.0332689) (0,-0.0332689) 
77 (0,-0.0328401) (0,-0.0328401) 
78 (0,-0.0324222) (0,-0.0324222) 
79 (0,-0.0320148) (0,-0.0320148) 
80 (0,-0.0316175) (0,-0.0316175) 
81 (0,-0.0312299) (0,-0.0312299) 
82 (0,-0.0308517) (0,-0.0308517) 
83 (0,-0.0304826) (0,-0.0304826) 
84 (0,-0.0301222) (0,-0.0301222) 
85 (0,-0.0297702) (0,-0.0297702) 
86 (0,-0.0294263) (0,-0.0294263) 
87 (0,-0.0290903) (0,-0.0290903) 
88 (0,-0.0287619) (0,-0.0287619) 
89 (0,-0.0284408) (0,-0.0284408) 
90 (0,-0.0281268) (0,-0.0281268) 
91 (0,-0.0278196) (0,-0.0278196) 
92 (0,-0.0275191) (0,-0.0275191) 
93 (0,-0.027225) (0,-0.027225) 
94 (0,-0.0269371) (0,-0.0269371) 
95 (0,-0.0266552) (0,-0.0266552) 
96 (0,-0.0263792) (0,-0.0263792) 
97 (0,-0.0261088) (0,-0.0261088) 
98 (0,-0.0258439) (0,-0.0258439) 
99 (0,-0.0255844) (0,-0.0255844) 
100 (0,-0.02533) (0,-0.02533) 
101 (0,-0.0250806) (0,-0.0250806) 
102 (0,-0.024836) (0,-0.024836) 
103 (0,-0.0245962) (0,-0.0245962) 
104 (0,-0.024361) (0,-0.024361) 
105 (0,-0.0241302) (0,-0.0241302) 
106 (0,-0.0239038) (0,-0.0239038) 
107 (0,-0.0236815) (0,-0.0236815) 
108 (0,-0.0234634) (0,-0.0234634) 
109 (0,-0.0232492) (0,-0.0232492) 
110 (0,-0.0230389) (0,-0.0230389) 
111 (0,-0.0228324) (0,-0.0228324) 
112 (0,-0.0226296) (0,-0.0226296) 
113 (0,-0.0224303) (0,-0.0224303) 
114 (0,-0.0222345) (0,-0.0222345) 
115 (0,-0.0220421) (0,-0.0220421) 
116 (0,-0.021853) (0,-0.021853) 
117 (0,-0.0216671) (0,-0.0216671) 
118 (0,-0.0214843) (0,-0.0214843) 
119 (0,-0.0213046) (0,-0.0213046) 
120 (0,-0.0211279) (0,-0.0211279) 
121 (0,-0.0209541) (0,-0.0209541) 
122 (0,-0.0207831) (0,-0.0207831) 
123 (0,-0.0206149) (0,-0.0206149) 
124 (0,-0.0204494) (0,-0.0204494) 
125 (0,-0.0202865) (0,-0.0202865) 
126 (0,-0.0201262) (0,-0.0201262) 
127 (0,-0.0199684) (0,-0.0199684) 
128 (0,-0.0198131) (0,-0.0198131) 
129 (0,-0.0196601) (0,-0.0196601) 
130 (0,-0.0195095) (0,-0.0195095) 
131 (0,-0.0193612) (0,-0.0193612) 
132 (0,-0.0192152) (0,-0.0192152) 
133 (0,-0.0190713) (0,-0.0190713) 
134 (0,-0.0189295) (0,-0.0189295) 
135 (0,-0.0187899) (0,-0.0187899) 
136 (0,-0.0186523) (0,-0.0186523) 
137 (0,-0.0185167) (0,-0.0185167) 
138 (0,-0.018383) (0,-0.018383) 
139 (0,-0.0182513) (0,-0.0182513) 
140 (0,-0.0181214) (0,-0.0181214) 
141 (0,-0.0179934) (0,-0.0179934) 
142 (0,-0.0178672) (0,-0.0178672) 
143 (0,-0.0177427) (0,-0.0177427) 
144 (0,-0.01762) (0,-0.01762) 
145 (0,-0.0174989) (0,-0.0174989) 
146 (0,-0.0173795) (0,-0.0173795) 
147 (0,-0.0172617) (0,-0.0172617) 
148 (0,-0.0171455) (0,-0.0171455) 
149 (0,-0.0170308) (0,-0.0170308) 
150 (0,-0.0169177) (0,-0.0169177) 
151 (0,-0.0168061) (0,-0.0168061) 
152 (0,-0.0166959) (0,-0.0166959) 
153 (0,-0.0165872) (0,-0.0165872) 
154 (0,-0.0164798) (0,-0.0164798) 
155 (0,-0.0163739) (0,-0.0163739) 
156 (0,-0.0162693) (0,-0.0162693) 
157 (0,-0.016166) (0,-0.016166) 
158 (0,-0.016064) (0,-0.016064) 
159 (0,-0.0159634) (0,-0.0159634) 
160 (0,-0.0158639) (0,-0.0158639) 
161 (0,-0.0157657) (0,-0.0157657) 
162 (0,-0.0156687) (0,-0.0156687) 
163 (0,-0.0155729) (0,-0.0155729) 
164 (0,-0.0154783) (0,-0.0154783) 
165 (0,-0.0153848) (0,-0.0153848) 
166 (0,-0.0152924) (0,-0.0152924) 
167 (0,-0.0152011) (0,-0.0152011) 
168 (0,-0.0151109) (0,-0.0151109) 
169 (0,-0.0150218) (0,-0.0150218) 
170 (0,-0.0149337) (0,-0.0149337) 
171 (0,-0.0148466) (0,-0.0148466) 
172 (0,-0.0147606) (0,-0.0147606) 
173 (0,-0.0146755) (0,-0.0146755) 
174 (0,-0.0145914) (0,-0.0145914) 
175 (0,-0.0145083) (0,-0.0145083) 
176 (0,-0.0144261) (0,-0.0144261) 
177 (0,-0.0143449) (0,-0.0143449) 
178 (0,-0.0142645) (0,-0.0142645) 
179 (0,-0.0141851) (0,-0.0141851) 
180 (0,-0.0141065) (0,-0.0141065) 
181 (0,-0.0140288) (0,-0.0140288) 
182 (0,-0.013952) (0,-0.013952) 
183 (0,-0.0138759) (0,-0.0138759) 
184 (0,-0.0138007) (0,-0.0138007) 
185 (0,-0.0137264) (0,-0.0137264) 
186 (0,-0.0136528) (0,-0.0136528) 
187 (0,-0.01358) (0,-0.01358) 
188 (0,-0.0135079) (0,-0.0135079) 
189 (0,-0.0134367) (0,-0.0134367) 
190 (0,-0.0133662) (0,-0.0133662) 
191 (0,-0.0132964) (0,-0.0132964) 
192 (0,-0.0132273) (0,-0.0132273) 
193 (0,-0.013159) (0,-0.013159) 
194 (0,-0.0130913) (0,-0.0130913) 
195 (0,-0.0130244) (0,-0.0130244) 
196 (0,-0.0129581) (0,-0.0129581) 
197 (0,-0.0128925) (0,-0.0128925) 
198 (0,-0.0128276) (0,-0.0128276) 
199 (0,-0.0127633) (0,-0.0127633) 
200 (0,-0.0126996) (0,-0.0126996) 
201 (0,-0.0126366) (0,-0.0126366) 
202 (0,-0.0125742) (0,-0.0125742) 
203 (0,-0.0125124) (0,-0.0125124) 
204 (0,-0.0124513) (0,-0.0124513) 
205 (0,-0.0123907) (0,-0.0123907) 
206 (0,-0.0123307) (0,-0.0123307) 
207 (0,-0.0122713) (0,-0.0122713) 
208 (0,-0.0122124) (0,-0.0122124) 
209 (0,-0.0121541) (0,-0.0121541) 
210 (0,-0.0120964) (0,-0.0120964) 
211 (0,-0.0120392) (0,-0.0120392) 
212 (0,-0.0119826) (0,-0.0119826) 
213 (0,-0.0119265) (0,-0.0119265) 
214 (0,-0.0118709) (0,-0.0118709) 
215 (0,-0.0118158) (0,-0.0118158) 
216 (0,-0.0117612) (0,-0.0117612) 
217 (0,-0.0117071) (0,-0.0117071) 
218 (0,-0.0116536) (0,-0.0116536) 
219 (0,-0.0116005) (0,-0.0116005) 
220 (0,-0.0115479) (0,-0.0115479) 
221 (0,-0.0114958) (0,-0.0114958) 
222 (0,-0.0114441) (0,-0.0114441) 
223 (0,-0.0113929) (0,-0.0113929) 
224 (0,-0.0113422) (0,-0.0113422) 
225 (0,-0.0112919) (0,-0.0112919) 
226 (0,-0.011242) (0,-0.011242) 
227 (0,-0.0111926) (0,-0.0111926) 
228 (0,-0.0111436) (0,-0.0111436) 
229 (0,-0.0110951) (0,-0.0110951) 
230 (0,-0.011047) (0,-0.011047) 
231 (0,-0.0109992) (0,-0.0109992) 
232 (0,-0.0109519) (0,-0.0109519) 
233 (0,-0.010905) (0,-0.010905) 
234 (0,-0.0108585) (0,-0.0108585) 
235 (0,-0.0108124) (0,-0.0108124) 
236 (0,-0.0107667) (0,-0.0107667) 
237 (0,-0.0107214) (0,-0.0107214) 
238 (0,-0.0106765) (0,-0.0106765) 
239 (0,-0.0106319) (0,-0.0106319) 
240 (0,-0.0105877) (0,-0.0105877) 
241 (0,-0.0105438) (0,-0.0105438) 
242 (0,-0.0105004) (0,-0.0105004) 
243 (0,-0.0104572) (0,-0.0104572) 
244 (0,-0.0104145) (0,-0.0104145) 
245 (0,-0.0103721) (0,-0.0103721) 
246 (0,-0.01033) (0,-0.01033) 
247 (0,-0.0102883) (0,-0.0102883) 
248 (0,-0.0102469) (0,-0.0102469) 
249 (0,-0.0102058) (0,-0.0102058) 
250 (0,-0.0101651) (0,-0.0101651) 
251 (0,-0.0101246) (0,-0.0101246) 
252 (0,-0.0100846) (0,-0.0100846) 
253 (0,-0.0100448) (0,-0.0100448) 
254 (0,-0.0100053) (0,-0.0100053) 
255 (0,-0.00996616) (0,-0.00996616) 
256 (0,-0.0099273) (0,-0.0099273) 
257 (0,-0.00988876) (0,-0.00988876) 
258 (0,-0.00985051) (0,-0.00985051) 
259 (0,-0.00981255) (0,-0.00981255) 
260 (0,-0.00977488) (0,-0.00977488) 
261 (0,-0.00973751) (0,-0.00973751) 
262 (0,-0.00970042) (0,-0.00970042) 
263 (0,-0.00966361) (0,-0.00966361) 
264 (0,-0.00962707) (0,-0.00962707) 
265 (0,-0.00959082) (0,-0.00959082) 
266 (0,-0.00955483) (0,-0.00955483) 
267 (0,-0.00951912) (0,-0.00951912) 
268 (0,-0.00948367) (0,-0.00948367) 
269 (0,-0.00944848) (0,-0.00944848) 
270 (0,-0.00941355) (0,-0.00941355) 
271 (0,-0.00937888) (0,-0.00937888) 
272 (0,-0.00934447) (0,-0.00934447) 
273 (0,-0.00931031) (0,-0.00931031) 
274 (0,-0.00927639) (0,-0.00927639) 
275 (0,-0.00924272) (0,-0.00924272) 
276 (0,-0.0092093) (0,-0.0092093) 
277 (0,-0.00917611) (0,-0.00917611) 
278 (0,-0.00914317) (0,-0.00914317) 
279 (0,-0.00911046) (0,-0.00911046) 
280 (0,-0.00907798) (0,-0.00907798) 
281 (0,-0.00904574) (0,-0.00904574) 
282 (0,-0.00901372) (0,-0.00901372) 
283 (0,-0.00898193) (0,-0.00898193) 
284 (0,-0.00895036) (0,-0.00895036) 
285 (0,-0.00891901) (0,-0.00891901) 
286 (0,-0.00888788) (0,-0.00888788) 
287 (0,-0.00885697) (0,-0.00885697) 
288 (0,-0.00882627) (0,-0.00882627) 
289 (0,-0.00879579) (0,-0.00879579) 
290 (0,-0.00876551) (0,-0.00876551) 
291 (0,-0.00873544) (0,-0.00873544) 
292 (0,-0.00870558) (0,-0.00870558) 
293 (0,-0.00867592) (0,-0.00867592) 
294 (0,-0.00864646) (0,-0.00864646) 
295 (0,-0.00861721) (0,-0.00861721) 
296 (0,-0.00858815) (0,-0.00858815) 
297 (0,-0.00855928) (0,-0.00855928) 
298 (0,-0.00853061) (0,-0.00853061) 
299 (0,-0.00850213) (0,-0.00850213) 
300 (0,-0.00847384) (0,-0.00847384) 
301 (0,-0.00844573) (0,-0.00844573) 
302 (0,-0.00841781) (0,-0.00841781) 
303 (0,-0.00839008) (0,-0.00839008) 
304 (0,-0.00836253) (0,-0.00836253) 
305 (0,-0.00833516) (0,-0.00833516) 
306 (0,-0.00830796) (0,-0.00830796) 
307 (0,-0.00828095) (0,-0.00828095) 
308 (0,-0.00825411) (0,-0.00825411) 
309 (0,-0.00822744) (0,-0.00822744) 
310 (0,-0.00820095) (0,-0.00820095) 
311 (0,-0.00817462) (0,-0.00817462) 
312 (0,-0.00814846) (0,-0.00814846) 
313 (0,-0.00812247) (0,-0.00812247) 
314 (0,-0.00809665) (0,-0.00809665) 
315 (0,-0.00807099) (0,-0.00807099) 
316 (0,-0.00804549) (0,-0.00804549) 
317 (0,-0.00802015) (0,-0.00802015) 
318 (0,-0.00799497) (0,-0.00799497) 
319 (0,-0.00796995) (0,-0.00796995) 
320 (0,-0.00794508) (0,-0.00794508) 
321 (0,-0.00792037) (0,-0.00792037) 
322 (0,-0.00789581) (0,-0.00789581) 
323 (0,-0.00787141) (0,-0.00787141) 
324 (0,-0.00784715) (0,-0.00784715) 
325 (0,-0.00782305) (0,-0.00782305) 
326 (0,-0.00779909) (0,-0.00779909) 
327 (0,-0.00777527) (0,-0.00777527) 
328 (0,-0.00775161) (0,-0.00775161) 
329 (0,-0.00772808) (0,-0.00772808) 
330 (0,-0.0077047) (0,-0.0077047) 
331 (0,-0.00768146) (0,-0.00768146) 
332 (0,-0.00765836) (0,-0.00765836) 
333 (0,-0.0076354) (0,-0.0076354) 
334 (0,-0.00761257) (0,-0.00761257) 
335 (0,-0.00758988) (0,-0.00758988) 
336 (0,-0.00756733) (0,-0.00756733) 
337 (0,-0.00754491) (0,-0.00754491) 
338 (0,-0.00752262) (0,-0.00752262) 
339 (0,-0.00750046) (0,-0.00750046) 
340 (0,-0.00747844) (0,-0.00747844) 
341 (0,-0.00745654) (0,-0.00745654) 
342 (0,-0.00743477) (0,-0.00743477) 
343 (0,-0.00741313) (0,-0.00741313) 
344 (0,-0.00739161) (0,-0.00739161) 
345 (0,-0.00737022) (0,-0.00737022) 
346 (0,-0.00734895) (0,-0.00734895) 
347 (0,-0.0073278) (0,-0.0073278) 
348 (0,-0.00730678) (0,-0.00730678) 
349 (0,-0.00728587) (0,-0.00728587) 
350 (0,-0.00726508) (0,-0.00726508) 
351 (0,-0.00724442) (0,-0.00724442) 
352 (0,-0.00722387) (0,-0.00722387) 
353 (0,-0.00720343) (0,-0.00720343) 
354 (0,-0.00718311) (0,-0.00718311) 
355 (0,-0.00716291) (0,-0.00716291) 
356 (0,-0.00714282) (0,-0.00714282) 
357 (0,-0.00712284) (0,-0.00712284) 
358 (0,-0.00710297) (0,-0.00710297) 
359 (0,-0.00708321) (0,-0.00708321) 
360 (0,-0.00706357) (0,-0.00706357) 
361 (0,-0.00704403) (0,-0.00704403) 
362 (0,-0.0070246) (0,-0.0070246) 
363 (0,-0.00700527) (0,-0.00700527) 
364 (0,-0.00698605) (0,-0.00698605) 
365 (0,-0.00696694) (0,-0.00696694) 
366 (0,-0.00694793) (0,-0.00694793) 
367 (0,-0.00692903) (0,-0.00692903) 
368 (0,-0.00691023) (0,-0.00691023) 
369 (0,-0.00689153) (0,-0.00689153) 
370 (0,-0.00687293) (0,-0.00687293) 
371 (0,-0.00685443) (0,-0.00685443) 
372 (0,-0.00683603) (0,-0.00683603) 
373 (0,-0.00681772) (0,-0.00681772) 
374 (0,-0.00679952) (0,-0.00679952) 
375 (0,-0.00678141) (0,-0.00678141) 
376 (0,-0.0067634) (0,-0.0067634) 
377 (0,-0.00674549) (0,-0.00674549) 
378 (0,-0.00672767) (0,-0.00672767) 
379 (0,-0.00670994) (0,-0.00670994) 
380 (0,-0.00669231) (0,-0.00669231) 
381 (0,-0.00667476) (0,-0.00667476) 
382 (0,-0.00665731) (0,-0.00665731) 
383 (0,-0.00663996) (0,-0.00663996) 
384 (0,-0.00662269) (0,-0.00662269) 
385 (0,-0.00660551) (0,-0.00660551) 
386 (0,-0.00658842) (0,-0.00658842) 
387 (0,-0.00657142) (0,-0.00657142) 
388 (0,-0.0065545) (0,-0.0065545) 
389 (0,-0.00653768) (0,-0.00653768) 
390 (0,-0.00652093) (0,-0.00652093) 
391 (0,-0.00650428) (0,-0.00650428) 
392 (0,-0.00648771) (0,-0.00648771) 
393 (0,-0.00647122) (0,-0.00647122) 
394 (0,-0.00645482) (0,-0.00645482) 
395 (0,-0.0064385) (0,-0.0064385) 
396 (0,-0.00642226) (0,-0.00642226) 
397 (0,-0.00640611) (0,-0.00640611) 
398 (0,-0.00639003) (0,-0.00639003) 
399 (0,-0.00637404) (0,-0.00637404) 
400 (0,-0.00635812) (0,-0.00635812) 
401 (0,-0.00634229) (0,-0.00634229) 
402 (0,-0.00632653) (0,-0.00632653) 
403 (0,-0.00631085) (0,-0.00631085) 
404 (0,-0.00629525) (0,-0.00629525) 
405 (0,-0.00627973) (0,-0.00627973) 
406 (0,-0.00626428) (0,-0.00626428) 
407 (0,-0.00624891) (0,-0.00624891) 
408 (0,-0.00623361) (0,-0.00623361) 
409 (0,-0.00621839) (0,-0.00621839) 
410 (0,-0.00620324) (0,-0.00620324) 
411 (0,-0.00618817) (0,-0.00618817) 
412 (0,-0.00617317) (0,-0.00617317) 
413 (0,-0.00615824) (0,-0.00615824) 
414 (0,-0.00614338) (0,-0.00614338) 
415 (0,-0.0061286) (0,-0.0061286) 
416 (0,-0.00611388) (0,-0.00611388) 
417 (0,-0.00609924) (0,-0.00609924) 
418 (0,-0.00608466) (0,-0.00608466) 
419 (0,-0.00607016) (0,-0.00607016) 
420 (0,-0.00605573) (0,-0.00605573) 
421 (0,-0.00604136) (0,-0.00604136) 
422 (0,-0.00602706) (0,-0.00602706) 
423 (0,-0.00601283) (0,-0.00601283) 
424 (0,-0.00599866) (0,-0.00599866) 
425 (0,-0.00598457) (0,-0.00598457) 
426 (0,-0.00597054) (0,-0.00597054) 
427 (0,-0.00595657) (0,-0.00595657) 
428 (0,-0.00594267) (0,-0.00594267) 
429 (0,-0.00592883) (0,-0.00592883) 
430 (0,-0.00591506) (0,-0.00591506) 
431 (0,-0.00590136) (0,-0.00590136) 
432 (0,-0.00588771) (0,-0.00588771) 
433 (0,-0.00587413) (0,-0.00587413) 
434 (0,-0.00586061) (0,-0.00586061) 
435 (0,-0.00584715) (0,-0.00584715) 
436 (0,-0.00583376) (0,-0.00583376) 
437 (0,-0.00582043) (0,-0.00582043) 
438 (0,-0.00580715) (0,-0.00580715) 
439 (0,-0.00579394) (0,-0.00579394) 
440 (0,-0.00578079) (0,-0.00578079) 
441 (0,-0.00576769) (0,-0.00576769) 
442 (0,-0.00575466) (0,-0.00575466) 
443 (0,-0.00574168) (0,-0.00574168) 
444 (0,-0.00572877) (0,-0.00572877) 
445 (0,-0.00571591) (0,-0.00571591) 
446 (0,-0.00570311) (0,-0.00570311) 
447 (0,-0.00569036) (0,-0.00569036) 
448 (0,-0.00567768) (0,-0.00567768) 
449 (0,-0.00566505) (0,-0.00566505) 
450 (0,-0.00565247) (0,-0.00565247) 
451 (0,-0.00563995) (0,-0.00563995) 
452 (0,-0.00562749) (0,-0.00562749) 
453 (0,-0.00561508) (0,-0.00561508) 
454 (0,-0.00560273) (0,-0.00560273) 
455 (0,-0.00559043) (0,-0.00559043) 
456 (0,-0.00557818) (0,-0.00557818) 
457 (0,-0.00556599) (0,-0.00556599) 
458 (0,-0.00555385) (0,-0.00555385) 
459 (0,-0.00554176) (0,-0.00554176) 
460 (0,-0.00552973) (0,-0.00552973) 
461 (0,-0.00551775) (0,-0.00551775) 
462 (0,-0.00550582) (0,-0.00550582) 
463 (0,-0.00549394) (0,-0.00549394) 
464 (0,-0.00548211) (0,-0.00548211) 
465 (0,-0.00547034) (0,-0.00547034) 
466 (0,-0.00545861) (0,-0.00545861) 
467 (0,-0.00544693) (0,-0.00544693) 
468 (0,-0.00543531) (0,-0.00543531) 
469 (0,-0.00542373) (0,-0.00542373) 
470 (0,-0.0054122) (0,-0.0054122) 
471 (0,-0.00540073) (0,-0.00540073) 
472 (0,-0.0053893) (0,-0.0053893) 
473 (0,-0.00537791) (0,-0.00537791) 
474 (0,-0.00536658) (0,-0.00536658) 
475 (0,-0.00535529) (0,-0.00535529) 
476 (0,-0.00534406) (0,-0.00534406) 
477 (0,-0.00533286) (0,-0.00533286) 
478 (0,-0.00532172) (0,-0.00532172) 
479 (0,-0.00531062) (0,-0.00531062) 
480 (0,-0.00529957) (0,-0.00529957) 
481 (0,-0.00528856) (0,-0.00528856) 
482 (0,-0.0052776) (0,-0.0052776) 
483 (0,-0.00526669) (0,-0.00526669) 
484 (0,-0.00525582) (0,-0.00525582) 
485 (0,-0.00524499) (0,-0.00524499) 
486 (0,-0.00523421) (0,-0.00523421) 
487 (0,-0.00522348) (0,-0.00522348) 
488 (0,-0.00521278) (0,-0.00521278) 
489 (0,-0.00520213) (0,-0.00520213) 
490 (0,-0.00519153) (0,-0.00519153) 
491 (0,-0.00518097) (0,-0.00518097) 
492 (0,-0.00517045) (0,-0.00517045) 
493 (0,-0.00515997) (0,-0.00515997) 
494 (0,-0.00514954) (0,-0.00514954) 
495 (0,-0.00513914) (0,-0.00513914) 
496 (0,-0.00512879) (0,-0.00512879) 
497 (0,-0.00511848) (0,-0.00511848) 
498 (0,-0.00510822) (0,-0.00510822) 
499 (0,-0.00509799) (0,-0.00509799) 
500 (0,-0.0050878) (0,-0.0050878) 
501 (0,-0.00507766) (0,-0.00507766) 
502 (0,-0.00506756) (0,-0.00506756) 
503 (0,-0.00505749) (0,-0.00505749) 
504 (0,-0.00504747) (0,-0.00504747) 
505 (0,-0.00503748) (0,-0.00503748) 
506 (0,-0.00502754) (0,-0.00502754) 
507 (0,-0.00501763) (0,-0.00501763) 
508 (0,-0.00500776) (0,-0.00500776) 
509 (0,-0.00499793) (0,-0.00499793) 
510 (0,-0.00498814) (0,-0.00498814) 
511 (0,-0.00497839) (0,-0.00497839) 
512 (0,-0.00496868) (0,-0.00496868) 
513 (0,-0.004959) (0,-0.004959) 
514 (0,-0.00494936) (0,-0.00494936) 
515 (0,-0.00493976) (0,-0.00493976) 
516 (0,-0.0049302) (0,-0.0049302) 
517 (0,-0.00492067) (0,-0.00492067) 
518 (0,-0.00491118) (0,-0.00491118) 
519 (0,-0.00490173) (0,-0.00490173) 
520 (0,-0.00489231) (0,-0.00489231) 
521 (0,-0.00488293) (0,-0.00488293) 
522 (0,-0.00487359) (0,-0.00487359) 
523 (0,-0.00486428) (0,-0.00486428) 
524 (0,-0.004855) (0,-0.004855) 
525 (0,-0.00484576) (0,-0.00484576) 
526 (0,-0.00483656) (0,-0.00483656) 
527 (0,-0.00482739) (0,-0.00482739) 
528 (0,-0.00481826) (0,-0.00481826) 
529 (0,-0.00480916) (0,-0.00480916) 
530 (0,-0.00480009) (0,-0.00480009) 
531 (0,-0.00479106) (0,-0.00479106) 
532 (0,-0.00478207) (0,-0.00478207) 
533 (0,-0.0047731) (0,-0.0047731) 
534 (0,-0.00476417) (0,-0.00476417) 
535 (0,-0.00475528) (0,-0.00475528) 
536 (0,-0.00474641) (0,-0.00474641) 
537 (0,-0.00473758) (0,-0.00473758) 
538 (0,-0.00472878) (0,-0.00472878) 
539 (0,-0.00472002) (0,-0.00472002) 
540 (0,-0.00471129) (0,-0.00471129) 
541 (0,-0.00470259) (0,-0.00470259) 
542 (0,-0.00469392) (0,-0.00469392) 
543 (0,-0.00468528) (0,-0.00468528) 
544 (0,-0.00467668) (0,-0.00467668) 
545 (0,-0.00466811) (0,-0.00466811) 
546 (0,-0.00465956) (0,-0.00465956) 
547 (0,-0.00465105) (0,-0.00465105) 
548 (0,-0.00464257) (0,-0.00464257) 
549 (0,-0.00463413) (0,-0.00463413) 
550 (0,-0.00462571) (0,-0.00462571) 
551 (0,-0.00461732) (0,-0.00461732) 
552 (0,-0.00460896) (0,-0.00460896) 
553 (0,-0.00460064) (0,-0.00460064) 
554 (0,-0.00459234) (0,-0.00459234) 
555 (0,-0.00458407) (0,-0.00458407) 
556 (0,-0.00457584) (0,-0.00457584) 
557 (0,-0.00456763) (0,-0.00456763) 
558 (0,-0.00455945) (0,-0.00455945) 
559 (0,-0.0045513) (0,-0.0045513) 
560 (0,-0.00454318) (0,-0.00454318) 
561 (0,-0.00453509) (0,-0.00453509) 
562 (0,-0.00452703) (0,-0.00452703) 
563 (0,-0.00451899) (0,-0.00451899) 
564 (0,-0.00451099) (0,-0.00451099) 
565 (0,-0.00450301) (0,-0.00450301) 
566 (0,-0.00449506) (0,-0.00449506) 
567 (0,-0.00448714) (0,-0.00448714) 
568 (0,-0.00447925) (0,-0.00447925) 
569 (0,-0.00447138) (0,-0.00447138) 
570 (0,-0.00446355) (0,-0.00446355) 
571 (0,-0.00445574) (0,-0.00445574) 
572 (0,-0.00444795) (0,-0.00444795) 
573 (0,-0.0044402) (0,-0.0044402) 
574 (0,-0.00443247) (0,-0.00443247) 
575 (0,-0.00442477) (0,-0.00442477) 
576 (0,-0.00441709) (0,-0.00441709) 
577 (0,-0.00440944) (0,-0.00440944) 
578 (0,-0.00440182) (0,-0.00440182) 
579 (0,-0.00439423) (0,-0.00439423) 
580 (0,-0.00438666) (0,-0.00438666) 
581 (0,-0.00437911) (0,-0.00437911) 
582 (0,-0.0043716) (0,-0.0043716) 
583 (0,-0.0043641) (0,-0.0043641) 
584 (0,-0.00435664) (0,-0.00435664) 
585 (0,-0.0043492) (0,-0.0043492) 
586 (0,-0.00434178) (0,-0.00434178) 
587 (0,-0.00433439) (0,-0.00433439) 
588 (0,-0.00432703) (0,-0.00432703) 
589 (0,-0.00431969) (0,-0.00431969) 
590 (0,-0.00431237) (0,-0.00431237) 
591 (0,-0.00430508) (0,-0.00430508) 
592 (0,-0.00429782) (0,-0.00429782) 
593 (0,-0.00429057) (0,-0.00429057) 
594 (0,-0.00428336) (0,-0.00428336) 
595 (0,-0.00427616) (0,-0.00427616) 
596 (0,-0.004269) (0,-0.004269) 
597 (0,-0.00426185) (0,-0.00426185) 
598 (0,-0.00425473) (0,-0.00425473) 
599 (0,-0.00424763) (0,-0.00424763) 
600 (0,-0.00424056) (0,-0.00424056) 
601 (0,-0.00423351) (0,-0.00423351) 
602 (0,-0.00422648) (0,-0.00422648) 
603 (0,-0.00421948) (0,-0.00421948) 
604 (0,-0.0042125) (0,-0.0042125) 
605 (0,-0.00420554) (0,-0.00420554) 
606 (0,-0.00419861) (0,-0.00419861) 
607 (0,-0.0041917) (0,-0.0041917) 
608 (0,-0.00418481) (0,-0.00418481) 
609 (0,-0.00417794) (0,-0.00417794) 
610 (0,-0.0041711) (0,-0.0041711) 
611 (0,-0.00416428) (0,-0.00416428) 
612 (0,-0.00415748) (0,-0.00415748) 
613 (0,-0.0041507) (0,-0.0041507) 
614 (0,-0.00414395) (0,-0.00414395) 
615 (0,-0.00413722) (0,-0.00413722) 
616 (0,-0.00413051) (0,-0.00413051) 
617 (0,-0.00412382) (0,-0.00412382) 
618 (0,-0.00411715) (0,-0.00411715) 
619 (0,-0.0041105) (0,-0.0041105) 
620 (0,-0.00410388) (0,-0.00410388) 
621 (0,-0.00409728) (0,-0.00409728) 
622 (0,-0.0040907) (0,-0.0040907) 
623 (0,-0.00408413) (0,-0.00408413) 
624 (0,-0.00407759) (0,-0.00407759) 
625 (0,-0.00407108) (0,-0.00407108) 
626 (0,-0.00406458) (0,-0.00406458) 
627 (0,-0.0040581) (0,-0.0040581) 
628 (0,-0.00405164) (0,-0.00405164) 
629 (0,-0.00404521) (0,-0.00404521) 
630 (0,-0.00403879) (0,-0.00403879) 
631 (0,-0.0040324) (0,-0.0040324) 
632 (0,-0.00402602) (0,-0.00402602) 
633 (0,-0.00401967) (0,-0.00401967) 
634 (0,-0.00401333) (0,-0.00401333) 
635 (0,-0.00400702) (0,-0.00400702) 
636 (0,-0.00400072) (0,-0.00400072) 
637 (0,-0.00399445) (0,-0.00399445) 
638 (0,-0.00398819) (0,-0.00398819) 
639 (0,-0.00398195) (0,-0.00398195) 
640 (0,-0.00397574) (0,-0.00397574) 
641 (0,-0.00396954) (0,-0.00396954) 
642 (0,-0.00396336) (0,-0.00396336) 
643 (0,-0.0039572) (0,-0.0039572) 
644 (0,-0.00395106) (0,-0.00395106) 
645 (0,-0.00394494) (0,-0.00394494) 
646 (0,-0.00393884) (0,-0.00393884) 
647 (0,-0.00393276) (0,-0.00393276) 
648 (0,-0.00392669) (0,-0.00392669) 
649 (0,-0.00392065) (0,-0.00392065) 
650 (0,-0.00391462) (0,-0.00391462) 
651 (0,-0.00390861) (0,-0.00390861) 
652 (0,-0.00390262) (0,-0.00390262) 
653 (0,-0.00389665) (0,-0.00389665) 
654 (0,-0.00389069) (0,-0.00389069) 
655 (0,-0.00388476) (0,-0.00388476) 
656 (0,-0.00387884) (0,-0.00387884) 
657 (0,-0.00387294) (0,-0.00387294) 
658 (0,-0.00386706) (0,-0.00386706) 
659 (0,-0.0038612) (0,-0.0038612) 
660 (0,-0.00385535) (0,-0.00385535) 
661 (0,-0.00384952) (0,-0.00384952) 
662 (0,-0.00384371) (0,-0.00384371) 
663 (0,-0.00383792) (0,-0.00383792) 
664 (0,-0.00383215) (0,-0.00383215) 
665 (0,-0.00382639) (0,-0.00382639) 
666 (0,-0.00382065) (0,-0.00382065) 
667 (0,-0.00381492) (0,-0.00381492) 
668 (0,-0.00380922) (0,-0.00380922) 
669 (0,-0.00380353) (0,-0.00380353) 
670 (0,-0.00379785) (0,-0.00379785) 
671 (0,-0.0037922) (0,-0.0037922) 
672 (0,-0.00378656) (0,-0.00378656) 
673 (0,-0.00378094) (0,-0.00378094) 
674 (0,-0.00377533) (0,-0.00377533) 
675 (0,-0.00376974) (0,-0.00376974) 
676 (0,-0.00376417) (0,-0.00376417) 
677 (0,-0.00375861) (0,-0.00375861) 
678 (0,-0.00375307) (0,-0.00375307) 
679 (0,-0.00374755) (0,-0.00374755) 
680 (0,-0.00374204) (0,-0.00374204) 
681 (0,-0.00373655) (0,-0.00373655) 
682 (0,-0.00373108) (0,-0.00373108) 
683 (0,-0.00372562) (0,-0.00372562) 
684 (0,-0.00372018) (0,-0.00372018) 
685 (0,-0.00371475) (0,-0.00371475) 
686 (0,-0.00370934) (0,-0.00370934) 
687 (0,-0.00370394) (0,-0.00370394) 
688 (0,-0.00369856) (0,-0.00369856) 
689 (0,-0.0036932) (0,-0.0036932) 
690 (0,-0.00368785) (0,-0.00368785) 
691 (0,-0.00368252) (0,-0.00368252) 
692 (0,-0.0036772) (0,-0.0036772) 
693 (0,-0.0036719) (0,-0.0036719) 
694 (0,-0.00366661) (0,-0.00366661) 
695 (0,-0.00366134) (0,-0.00366134) 
696 (0,-0.00365608) (0,-0.00365608) 
697 (0,-0.00365084) (0,-0.00365084) 
698 (0,-0.00364562) (0,-0.00364562) 
699 (0,-0.0036404) (0,-0.0036404) 
700 (0,-0.00363521) (0,-0.00363521) 
701 (0,-0.00363002) (0,-0.00363002) 
702 (0,-0.00362486) (0,-0.00362486) 
703 (0,-0.0036197) (0,-0.0036197) 
704 (0,-0.00361457) (0,-0.00361457) 
705 (0,-0.00360944) (0,-0.00360944) 
706 (0,-0.00360433) (0,-0.00360433) 
707 (0,-0.00359924) (0,-0.00359924) 
708 (0,-0.00359416) (0,-0.00359416) 
709 (0,-0.00358909) (0,-0.00358909) 
710 (0,-0.00358404) (0,-0.00358404) 
711 (0,-0.00357901) (0,-0.00357901) 
712 (0,-0.00357398) (0,-0.00357398) 
713 (0,-0.00356897) (0,-0.00356897) 
714 (0,-0.00356398) (0,-0.00356398) 
715 (0,-0.003559) (0,-0.003559) 
716 (0,-0.00355403) (0,-0.00355403) 
717 (0,-0.00354908) (0,-0.00354908) 
718 (0,-0.00354414) (0,-0.00354414) 
719 (0,-0.00353921) (0,-0.00353921) 
720 (0,-0.0035343) (0,-0.0035343) 
721 (0,-0.0035294) (0,-0.0035294) 
722 (0,-0.00352452) (0,-0.00352452) 
723 (0,-0.00351965) (0,-0.00351965) 
724 (0,-0.00351479) (0,-0.00351479) 
725 (0,-0.00350994) (0,-0.00350994) 
726 (0,-0.00350511) (0,-0.00350511) 
727 (0,-0.00350029) (0,-0.00350029) 
728 (0,-0.00349549) (0,-0.00349549) 
729 (0,-0.0034907) (0,-0.0034907) 
730 (0,-0.00348592) (0,-0.00348592) 
731 (0,-0.00348115) (0,-0.00348115) 
732 (0,-0.0034764) (0,-0.0034764) 
733 (0,-0.00347166) (0,-0.00347166) 
734 (0,-0.00346694) (0,-0.00346694) 
735 (0,-0.00346222) (0,-0.00346222) 
736 (0,-0.00345752) (0,-0.00345752) 
737 (0,-0.00345283) (0,-0.00345283) 
738 (0,-0.00344816) (0,-0.00344816) 
739 (0,-0.00344349) (0,-0.00344349) 
740 (0,-0.00343884) (0,-0.00343884) 
741 (0,-0.00343421) (0,-0.00343421) 
742 (0,-0.00342958) (0,-0.00342958) 
743 (0,-0.00342497) (0,-0.00342497) 
744 (0,-0.00342037) (0,-0.00342037) 
745 (0,-0.00341578) (0,-0.00341578) 
746 (0,-0.0034112) (0,-0.0034112) 
747 (0,-0.00340664) (0,-0.00340664) 
748 (0,-0.00340209) (0,-0.00340209) 
749 (0,-0.00339755) (0,-0.00339755) 
750 (0,-0.00339302) (0,-0.00339302) 
751 (0,-0.00338851) (0,-0.00338851) 
752 (0,-0.00338401) (0,-0.00338401) 
753 (0,-0.00337951) (0,-0.00337951) 
754 (0,-0.00337504) (0,-0.00337504) 
755 (0,-0.00337057) (0,-0.00337057) 
756 (0,-0.00336611) (0,-0.00336611) 
757 (0,-0.00336167) (0,-0.00336167) 
758 (0,-0.00335724) (0,-0.00335724) 
759 (0,-0.00335282) (0,-0.00335282) 
760 (0,-0.00334841) (0,-0.00334841) 
761 (0,-0.00334401) (0,-0.00334401) 
762 (0,-0.00333963) (0,-0.00333963) 
763 (0,-0.00333525) (0,-0.00333525) 
764 (0,-0.00333089) (0,-0.00333089) 
765 (0,-0.00332654) (0,-0.00332654) 
766 (0,-0.0033222) (0,-0.0033222) 
767 (0,-0.00331787) (0,-0.00331787) 
768 (0,-0.00331355) (0,-0.00331355) 
769 (0,-0.00330925) (0,-0.00330925) 
770 (0,-0.00330495) (0,-0.00330495) 
771 (0,-0.00330067) (0,-0.00330067) 
772 (0,-0.0032964) (0,-0.0032964) 
773 (0,-0.00329213) (0,-0.00329213) 
774 (0,-0.00328788) (0,-0.00328788) 
775 (0,-0.00328364) (0,-0.00328364) 
776 (0,-0.00327941) (0,-0.00327941) 
777 (0,-0.0032752) (0,-0.0032752) 
778 (0,-0.00327099) (0,-0.00327099) 
779 (0,-0.00326679) (0,-0.00326679) 
780 (0,-0.00326261) (0,-0.00326261) 
781 (0,-0.00325843) (0,-0.00325843) 
782 (0,-0.00325427) (0,-0.00325427) 
783 (0,-0.00325012) (0,-0.00325012) 
784 (0,-0.00324597) (0,-0.00324597) 
785 (0,-0.00324184) (0,-0.00324184) 
786 (0,-0.00323772) (0,-0.00323772) 
787 (0,-0.00323361) (0,-0.00323361) 
788 (0,-0.00322951) (0,-0.00322951) 
789 (0,-0.00322542) (0,-0.00322542) 
790 (0,-0.00322134) (0,-0.00322134) 
791 (0,-0.00321727) (0,-0.00321727) 
792 (0,-0.00321321) (0,-0.00321321) 
793 (0,-0.00320916) (0,-0.00320916) 
794 (0,-0.00320512) (0,-0.00320512) 
795 (0,-0.00320109) (0,-0.00320109) 
796 (0,-0.00319707) (0,-0.00319707) 
797 (0,-0.00319306) (0,-0.00319306) 
798 (0,-0.00318906) (0,-0.00318906) 
799 (0,-0.00318507) (0,-0.00318507) 
800 (0,-0.00318109) (0,-0.00318109) 
801 (0,-0.00317713) (0,-0.00317713) 
802 (0,-0.00317317) (0,-0.00317317) 
803 (0,-0.00316922) (0,-0.00316922) 
804 (0,-0.00316528) (0,-0.00316528) 
805 (0,-0.00316135) (0,-0.00316135) 
806 (0,-0.00315743) (0,-0.00315743) 
807 (0,-0.00315352) (0,-0.00315352) 
808 (0,-0.00314962) (0,-0.00314962) 
809 (0,-0.00314573) (0,-0.00314573) 
810 (0,-0.00314185) (0,-0.00314185) 
811 (0,-0.00313797) (0,-0.00313797) 
812 (0,-0.00313411) (0,-0.00313411) 
813 (0,-0.00313026) (0,-0.00313026) 
814 (0,-0.00312642) (0,-0.00312642) 
815 (0,-0.00312258) (0,-0.00312258) 
816 (0,-0.00311876) (0,-0.00311876) 
817 (0,-0.00311494) (0,-0.00311494) 
818 (0,-0.00311114) (0,-0.00311114) 
819 (0,-0.00310734) (0,-0.00310734) 
820 (0,-0.00310355) (0,-0.00310355) 
821 (0,-0.00309978) (0,-0.00309978) 
822 (0,-0.00309601) (0,-0.00309601) 
823 (0,-0.00309225) (0,-0.00309225) 
824 (0,-0.0030885) (0,-0.0030885) 
825 (0,-0.00308476) (0,-0.00308476) 
826 (0,-0.00308102) (0,-0.00308102) 
827 (0,-0.0030773) (0,-0.0030773) 
828 (0,-0.00307359) (0,-0.00307359) 
829 (0,-0.00306988) (0,-0.00306988) 
830 (0,-0.00306619) (0,-0.00306619) 
831 (0,-0.0030625) (0,-0.0030625) 
832 (0,-0.00305882) (0,-0.00305882) 
833 (0,-0.00305515) (0,-0.00305515) 
834 (0,-0.00305149) (0,-0.00305149) 
835 (0,-0.00304784) (0,-0.00304784) 
836 (0,-0.00304419) (0,-0.00304419) 
837 (0,-0.00304056) (0,-0.00304056) 
838 (0,-0.00303693) (0,-0.00303693) 
839 (0,-0.00303331) (0,-0.00303331) 
840 (0,-0.00302971) (0,-0.00302971) 
841 (0,-0.00302611) (0,-0.00302611) 
842 (0,-0.00302251) (0,-0.00302251) 
843 (0,-0.00301893) (0,-0.00301893) 
844 (0,-0.00301536) (0,-0.00301536) 
845 (0,-0.00301179) (0,-0.00301179) 
846 (0,-0.00300823) (0,-0.00300823) 
847 (0,-0.00300468) (0,-0.00300468) 
848 (0,-0.00300114) (0,-0.00300114) 
849 (0,-0.00299761) (0,-0.00299761) 
850 (0,-0.00299408) (0,-0.00299408) 
851 (0,-0.00299057) (0,-0.00299057) 
852 (0,-0.00298706) (0,-0.00298706) 
853 (0,-0.00298356) (0,-0.00298356) 
854 (0,-0.00298007) (0,-0.00298007) 
855 (0,-0.00297658) (0,-0.00297658) 
856 (0,-0.00297311) (0,-0.00297311) 
857 (0,-0.00296964) (0,-0.00296964) 
858 (0,-0.00296618) (0,-0.00296618) 
859 (0,-0.00296273) (0,-0.00296273) 
860 (0,-0.00295929) (0,-0.00295929) 
861 (0,-0.00295585) (0,-0.00295585) 
862 (0,-0.00295243) (0,-0.00295243) 
863 (0,-0.00294901) (0,-0.00294901) 
864 (0,-0.0029456) (0,-0.0029456) 
865 (0,-0.00294219) (0,-0.00294219) 
866 (0,-0.0029388) (0,-0.0029388) 
867 (0,-0.00293541) (0,-0.00293541) 
868 (0,-0.00293203) (0,-0.00293203) 
869 (0,-0.00292866) (0,-0.00292866) 
870 (0,-0.00292529) (0,-0.00292529) 
871 (0,-0.00292194) (0,-0.00292194) 
872 (0,-0.00291859) (0,-0.00291859) 
873 (0,-0.00291525) (0,-0.00291525) 
874 (0,-0.00291191) (0,-0.00291191) 
875 (0,-0.00290859) (0,-0.00290859) 
876 (0,-0.00290527) (0,-0.00290527) 
877 (0,-0.00290196) (0,-0.00290196) 
878 (0,-0.00289865) (0,-0.00289865) 
879 (0,-0.00289536) (0,-0.00289536) 
880 (0,-0.00289207) (0,-0.00289207) 
881 (0,-0.00288879) (0,-0.00288879) 
882 (0,-0.00288552) (0,-0.00288552) 
883 (0,-0.00288225) (0,-0.00288225) 
884 (0,-0.00287899) (0,-0.00287899) 
885 (0,-0.00287574) (0,-0.00287574) 
886 (0,-0.0028725) (0,-0.0028725) 
887 (0,-0.00286926) (0,-0.00286926) 
888 (0,-0.00286603) (0,-0.00286603) 
889 (0,-0.00286281) (0,-0.00286281) 
890 (0,-0.00285959) (0,-0.00285959) 
891 (0,-0.00285639) (0,-0.00285639) 
892 (0,-0.00285319) (0,-0.00285319) 
893 (0,-0.00284999) (0,-0.00284999) 
894 (0,-0.00284681) (0,-0.00284681) 
895 (0,-0.00284363) (0,-0.00284363) 
896 (0,-0.00284046) (0,-0.00284046) 
897 (0,-0.00283729) (0,-0.00283729) 
898 (0,-0.00283413) (0,-0.00283413) 
899 (0,-0.00283098) (0,-0.00283098) 
900 (0,-0.00282784) (0,-0.00282784) 
901 (0,-0.0028247) (0,-0.0028247) 
902 (0,-0.00282157) (0,-0.00282157) 
903 (0,-0.00281845) (0,-0.00281845) 
904 (0,-0.00281533) (0,-0.00281533) 
905 (0,-0.00281222) (0,-0.00281222) 
906 (0,-0.00280912) (0,-0.00280912) 
907 (0,-0.00280603) (0,-0.00280603) 
908 (0,-0.00280294) (0,-0.00280294) 
909 (0,-0.00279986) (0,-0.00279986) 
910 (0,-0.00279678) (0,-0.00279678) 
911 (0,-0.00279371) (0,-0.00279371) 
912 (0,-0.00279065) (0,-0.00279065) 
913 (0,-0.0027876) (0,-0.0027876) 
914 (0,-0.00278455) (0,-0.00278455) 
915 (0,-0.00278151) (0,-0.00278151) 
916 (0,-0.00277847) (0,-0.00277847) 
917 (0,-0.00277544) (0,-0.00277544) 
918 (0,-0.00277242) (0,-0.00277242) 
919 (0,-0.00276941) (0,-0.00276941) 
920 (0,-0.0027664) (0,-0.0027664) 
921 (0,-0.0027634) (0,-0.0027634) 
922 (0,-0.0027604) (0,-0.0027604) 
923 (0,-0.00275741) (0,-0.00275741) 
924 (0,-0.00275443) (0,-0.00275443) 
925 (0,-0.00275145) (0,-0.00275145) 
926 (0,-0.00274848) (0,-0.00274848) 
927 (0,-0.00274552) (0,-0.00274552) 
928 (0,-0.00274256) (0,-0.00274256) 
929 (0,-0.00273961) (0,-0.00273961) 
930 (0,-0.00273667) (0,-0.00273667) 
931 (0,-0.00273373) (0,-0.00273373) 
932 (0,-0.0027308) (0,-0.0027308) 
933 (0,-0.00272787) (0,-0.00272787) 
934 (0,-0.00272495) (0,-0.00272495) 
935 (0,-0.00272204) (0,-0.00272204) 
936 (0,-0.00271913) (0,-0.00271913) 
937 (0,-0.00271623) (0,-0.00271623) 
938 (0,-0.00271334) (0,-0.00271334) 
939 (0,-0.00271045) (0,-0.00271045) 
940 (0,-0.00270757) (0,-0.00270757) 
941 (0,-0.00270469) (0,-0.00270469) 
942 (0,-0.00270182) (0,-0.00270182) 
943 (0,-0.00269896) (0,-0.00269896) 
944 (0,-0.0026961) (0,-0.0026961) 
945 (0,-0.00269325) (0,-0.00269325) 
946 (0,-0.00269041) (0,-0.00269041) 
947 (0,-0.00268757) (0,-0.00268757) 
948 (0,-0.00268473) (0,-0.00268473) 
949 (0,-0.00268191) (0,-0.00268191) 
950 (0,-0.00267908) (0,-0.00267908) 
951 (0,-0.00267627) (0,-0.00267627) 
952 (0,-0.00267346) (0,-0.00267346) 
953 (0,-0.00267066) (0,-0.00267066) 
954 (0,-0.00266786) (0,-0.00266786) 
955 (0,-0.00266507) (0,-0.00266507) 
956 (0,-0.00266228) (0,-0.00266228) 
957 (0,-0.0026595) (0,-0.0026595) 
958 (0,-0.00265672) (0,-0.00265672) 
959 (0,-0.00265396) (0,-0.00265396) 
960 (0,-0.00265119) (0,-0.00265119) 
961 (0,-0.00264843) (0,-0.00264843) 
962 (0,-0.00264568) (0,-0.00264568) 
963 (0,-0.00264294) (0,-0.00264294) 
964 (0,-0.0026402) (0,-0.0026402) 
965 (0,-0.00263746) (0,-0.00263746) 
966 (0,-0.00263473) (0,-0.00263473) 
967 (0,-0.00263201) (0,-0.00263201) 
968 (0,-0.00262929) (0,-0.00262929) 
969 (0,-0.00262658) (0,-0.00262658) 
970 (0,-0.00262387) (0,-0.00262387) 
971 (0,-0.00262117) (0,-0.00262117) 
972 (0,-0.00261848) (0,-0.00261848) 
973 (0,-0.00261579) (0,-0.00261579) 
974 (0,-0.0026131) (0,-0.0026131) 
975 (0,-0.00261043) (0,-0.00261043) 
976 (0,-0.00260775) (0,-0.00260775) 
977 (0,-0.00260508) (0,-0.00260508) 
978 (0,-0.00260242) (0,-0.00260242) 
979 (0,-0.00259977) (0,-0.00259977) 
980 (0,-0.00259711) (0,-0.00259711) 
981 (0,-0.00259447) (0,-0.00259447) 
982 (0,-0.00259183) (0,-0.00259183) 
983 (0,-0.00258919) (0,-0.00258919) 
984 (0,-0.00258656) (0,-0.00258656) 
985 (0,-0.00258394) (0,-0.00258394) 
986 (0,-0.00258132) (0,-0.00258132) 
987 (0,-0.0025787) (0,-0.0025787) 
988 (0,-0.0025761) (0,-0.0025761) 
989 (0,-0.00257349) (0,-0.00257349) 
990 (0,-0.00257089) (0,-0.00257089) 
991 (0,-0.0025683) (0,-0.0025683) 
992 (0,-0.00256571) (0,-0.00256571) 
993 (0,-0.00256313) (0,-0.00256313) 
994 (0,-0.00256055) (0,-0.00256055) 
995 (0,-0.00255798) (0,-0.00255798) 
996 (0,-0.00255541) (0,-0.00255541) 
997 (0,-0.00255285) (0,-0.00255285) 
998 (0,-0.0025503) (0,-0.0025503) 
999 (0,-0.00254774) (0,-0.00254774) 
