0 (0,-1.17644) (0,-1.17644) 
1 (0,-0.83227) (0,-0.83227) 
2 (0,-0.61804) (0,-0.61804) 
3 (0,-0.482228) (0,-0.482228) 
4 (0,-0.391833) (0,-0.391833) 
5 (0,-0.32851) (0,-0.32851) 
6 (0,-0.282131) (0,-0.282131) 
7 (0,-0.246887) (0,-0.246887) 
8 (0,-0.219287) (0,-0.219287) 
9 (0,-0.197132) (0,-0.197132) 
10 (0,-0.178978) (0,-0.178978) 
11 (0,-0.163846) (0,-0.163846) 
12 (0,-0.151046) (0,-0.151046) 
13 (0,-0.140083) (0,-0.140083) 
14 (0,-0.130591) (0,-0.130591) 
15 (0,-0.122295) (0,-0.122295) 
16 (0,-0.114984) (0,-0.114984) 
17 (0,-0.108493) (0,-0.108493) 
18 (0,-0.102691) (0,-0.102691) 
19 (0,-0.0974762) (0,-0.0974762) 
20 (0,-0.092763) (0,-0.092763) 
21 (0,-0.0884829) (0,-0.0884829) 
22 (0,-0.084579) (0,-0.084579) 
23 (0,-0.081004) (0,-0.081004) 
24 (0,-0.077718) (0,-0.077718) 
25 (0,-0.0746875) (0,-0.0746875) 
26 (0,-0.071884) (0,-0.071884) 
27 (0,-0.0692827) (0,-0.0692827) 
28 (0,-0.0668628) (0,-0.0668628) 
29 (0,-0.0646059) (0,-0.0646059) 
30 (0,-0.0624961) (0,-0.0624961) 
31 (0,-0.0605194) (0,-0.0605194) 
32 (0,-0.0586638) (0,-0.0586638) 
33 (0,-0.0569184) (0,-0.0569184) 
34 (0,-0.0552737) (0,-0.0552737) 
35 (0,-0.0537212) (0,-0.0537212) 
36 (0,-0.0522535) (0,-0.0522535) 
37 (0,-0.0508637) (0,-0.0508637) 
38 (0,-0.0495458) (0,-0.0495458) 
39 (0,-0.0482945) (0,-0.0482945) 
40 (0,-0.0471047) (0,-0.0471047) 
41 (0,-0.0459721) (0,-0.0459721) 
42 (0,-0.0448926) (0,-0.0448926) 
43 (0,-0.0438626) (0,-0.0438626) 
44 (0,-0.0428787) (0,-0.0428787) 
45 (0,-0.041938) (0,-0.041938) 
46 (0,-0.0410377) (0,-0.0410377) 
47 (0,-0.0401751) (0,-0.0401751) 
48 (0,-0.0393481) (0,-0.0393481) 
49 (0,-0.0385543) (0,-0.0385543) 
50 (0,-0.037792) (0,-0.037792) 
51 (0,-0.0370592) (0,-0.0370592) 
52 (0,-0.0363542) (0,-0.0363542) 
53 (0,-0.0356756) (0,-0.0356756) 
54 (0,-0.0350218) (0,-0.0350218) 
55 (0,-0.0343915) (0,-0.0343915) 
56 (0,-0.0337835) (0,-0.0337835) 
57 (0,-0.0331966) (0,-0.0331966) 
58 (0,-0.0326298) (0,-0.0326298) 
59 (0,-0.032082) (0,-0.032082) 
60 (0,-0.0315522) (0,-0.0315522) 
61 (0,-0.0310397) (0,-0.0310397) 
62 (0,-0.0305435) (0,-0.0305435) 
63 (0,-0.0300629) (0,-0.0300629) 
64 (0,-0.0295973) (0,-0.0295973) 
65 (0,-0.0291458) (0,-0.0291458) 
66 (0,-0.0287079) (0,-0.0287079) 
67 (0,-0.0282829) (0,-0.0282829) 
68 (0,-0.0278703) (0,-0.0278703) 
69 (0,-0.0274696) (0,-0.0274696) 
70 (0,-0.0270803) (0,-0.0270803) 
71 (0,-0.0267018) (0,-0.0267018) 
72 (0,-0.0263338) (0,-0.0263338) 
73 (0,-0.0259757) (0,-0.0259757) 
74 (0,-0.0256273) (0,-0.0256273) 
75 (0,-0.0252881) (0,-0.0252881) 
76 (0,-0.0249577) (0,-0.0249577) 
77 (0,-0.0246359) (0,-0.0246359) 
78 (0,-0.0243222) (0,-0.0243222) 
79 (0,-0.0240165) (0,-0.0240165) 
80 (0,-0.0237183) (0,-0.0237183) 
81 (0,-0.0234274) (0,-0.0234274) 
82 (0,-0.0231436) (0,-0.0231436) 
83 (0,-0.0228666) (0,-0.0228666) 
84 (0,-0.0225961) (0,-0.0225961) 
85 (0,-0.022332) (0,-0.022332) 
86 (0,-0.0220739) (0,-0.0220739) 
87 (0,-0.0218218) (0,-0.0218218) 
88 (0,-0.0215753) (0,-0.0215753) 
89 (0,-0.0213344) (0,-0.0213344) 
90 (0,-0.0210987) (0,-0.0210987) 
91 (0,-0.0208682) (0,-0.0208682) 
92 (0,-0.0206427) (0,-0.0206427) 
93 (0,-0.020422) (0,-0.020422) 
94 (0,-0.020206) (0,-0.020206) 
95 (0,-0.0199945) (0,-0.0199945) 
96 (0,-0.0197874) (0,-0.0197874) 
97 (0,-0.0195845) (0,-0.0195845) 
98 (0,-0.0193858) (0,-0.0193858) 
99 (0,-0.019191) (0,-0.019191) 
100 (0,-0.0190001) (0,-0.0190001) 
101 (0,-0.018813) (0,-0.018813) 
102 (0,-0.0186295) (0,-0.0186295) 
103 (0,-0.0184496) (0,-0.0184496) 
104 (0,-0.0182731) (0,-0.0182731) 
105 (0,-0.0181) (0,-0.0181) 
106 (0,-0.0179301) (0,-0.0179301) 
107 (0,-0.0177633) (0,-0.0177633) 
108 (0,-0.0175997) (0,-0.0175997) 
109 (0,-0.017439) (0,-0.017439) 
110 (0,-0.0172812) (0,-0.0172812) 
111 (0,-0.0171263) (0,-0.0171263) 
112 (0,-0.0169741) (0,-0.0169741) 
113 (0,-0.0168246) (0,-0.0168246) 
114 (0,-0.0166777) (0,-0.0166777) 
115 (0,-0.0165333) (0,-0.0165333) 
116 (0,-0.0163914) (0,-0.0163914) 
117 (0,-0.016252) (0,-0.016252) 
118 (0,-0.0161149) (0,-0.0161149) 
119 (0,-0.01598) (0,-0.01598) 
120 (0,-0.0158475) (0,-0.0158475) 
121 (0,-0.0157171) (0,-0.0157171) 
122 (0,-0.0155888) (0,-0.0155888) 
123 (0,-0.0154626) (0,-0.0154626) 
124 (0,-0.0153384) (0,-0.0153384) 
125 (0,-0.0152162) (0,-0.0152162) 
126 (0,-0.015096) (0,-0.015096) 
127 (0,-0.0149776) (0,-0.0149776) 
128 (0,-0.0148611) (0,-0.0148611) 
129 (0,-0.0147463) (0,-0.0147463) 
130 (0,-0.0146334) (0,-0.0146334) 
131 (0,-0.0145221) (0,-0.0145221) 
132 (0,-0.0144125) (0,-0.0144125) 
133 (0,-0.0143046) (0,-0.0143046) 
134 (0,-0.0141983) (0,-0.0141983) 
135 (0,-0.0140935) (0,-0.0140935) 
136 (0,-0.0139903) (0,-0.0139903) 
137 (0,-0.0138885) (0,-0.0138885) 
138 (0,-0.0137883) (0,-0.0137883) 
139 (0,-0.0136895) (0,-0.0136895) 
140 (0,-0.013592) (0,-0.013592) 
141 (0,-0.013496) (0,-0.013496) 
142 (0,-0.0134013) (0,-0.0134013) 
143 (0,-0.0133079) (0,-0.0133079) 
144 (0,-0.0132159) (0,-0.0132159) 
145 (0,-0.0131251) (0,-0.0131251) 
146 (0,-0.0130355) (0,-0.0130355) 
147 (0,-0.0129471) (0,-0.0129471) 
148 (0,-0.0128599) (0,-0.0128599) 
149 (0,-0.0127739) (0,-0.0127739) 
150 (0,-0.0126891) (0,-0.0126891) 
151 (0,-0.0126053) (0,-0.0126053) 
152 (0,-0.0125227) (0,-0.0125227) 
153 (0,-0.0124411) (0,-0.0124411) 
154 (0,-0.0123606) (0,-0.0123606) 
155 (0,-0.0122811) (0,-0.0122811) 
156 (0,-0.0122027) (0,-0.0122027) 
157 (0,-0.0121252) (0,-0.0121252) 
158 (0,-0.0120487) (0,-0.0120487) 
159 (0,-0.0119732) (0,-0.0119732) 
160 (0,-0.0118986) (0,-0.0118986) 
161 (0,-0.0118249) (0,-0.0118249) 
162 (0,-0.0117522) (0,-0.0117522) 
163 (0,-0.0116803) (0,-0.0116803) 
164 (0,-0.0116093) (0,-0.0116093) 
165 (0,-0.0115392) (0,-0.0115392) 
166 (0,-0.0114699) (0,-0.0114699) 
167 (0,-0.0114014) (0,-0.0114014) 
168 (0,-0.0113337) (0,-0.0113337) 
169 (0,-0.0112669) (0,-0.0112669) 
170 (0,-0.0112008) (0,-0.0112008) 
171 (0,-0.0111355) (0,-0.0111355) 
172 (0,-0.011071) (0,-0.011071) 
173 (0,-0.0110072) (0,-0.0110072) 
174 (0,-0.0109441) (0,-0.0109441) 
175 (0,-0.0108817) (0,-0.0108817) 
176 (0,-0.0108201) (0,-0.0108201) 
177 (0,-0.0107591) (0,-0.0107591) 
178 (0,-0.0106989) (0,-0.0106989) 
179 (0,-0.0106393) (0,-0.0106393) 
180 (0,-0.0105803) (0,-0.0105803) 
181 (0,-0.0105221) (0,-0.0105221) 
182 (0,-0.0104644) (0,-0.0104644) 
183 (0,-0.0104074) (0,-0.0104074) 
184 (0,-0.010351) (0,-0.010351) 
185 (0,-0.0102952) (0,-0.0102952) 
186 (0,-0.01024) (0,-0.01024) 
187 (0,-0.0101854) (0,-0.0101854) 
188 (0,-0.0101314) (0,-0.0101314) 
189 (0,-0.0100779) (0,-0.0100779) 
190 (0,-0.010025) (0,-0.010025) 
191 (0,-0.00997266) (0,-0.00997266) 
192 (0,-0.00992086) (0,-0.00992086) 
193 (0,-0.00986959) (0,-0.00986959) 
194 (0,-0.00981885) (0,-0.00981885) 
195 (0,-0.00976864) (0,-0.00976864) 
196 (0,-0.00971893) (0,-0.00971893) 
197 (0,-0.00966972) (0,-0.00966972) 
198 (0,-0.00962101) (0,-0.00962101) 
199 (0,-0.00957279) (0,-0.00957279) 
200 (0,-0.00952505) (0,-0.00952505) 
201 (0,-0.00947778) (0,-0.00947778) 
202 (0,-0.00943098) (0,-0.00943098) 
203 (0,-0.00938464) (0,-0.00938464) 
204 (0,-0.00933876) (0,-0.00933876) 
205 (0,-0.00929332) (0,-0.00929332) 
206 (0,-0.00924832) (0,-0.00924832) 
207 (0,-0.00920375) (0,-0.00920375) 
208 (0,-0.00915961) (0,-0.00915961) 
209 (0,-0.00911589) (0,-0.00911589) 
210 (0,-0.00907259) (0,-0.00907259) 
211 (0,-0.0090297) (0,-0.0090297) 
212 (0,-0.00898721) (0,-0.00898721) 
213 (0,-0.00894512) (0,-0.00894512) 
214 (0,-0.00890342) (0,-0.00890342) 
215 (0,-0.00886211) (0,-0.00886211) 
216 (0,-0.00882118) (0,-0.00882118) 
217 (0,-0.00878062) (0,-0.00878062) 
218 (0,-0.00874044) (0,-0.00874044) 
219 (0,-0.00870062) (0,-0.00870062) 
220 (0,-0.00866117) (0,-0.00866117) 
221 (0,-0.00862207) (0,-0.00862207) 
222 (0,-0.00858332) (0,-0.00858332) 
223 (0,-0.00854492) (0,-0.00854492) 
224 (0,-0.00850686) (0,-0.00850686) 
225 (0,-0.00846914) (0,-0.00846914) 
226 (0,-0.00843175) (0,-0.00843175) 
227 (0,-0.00839469) (0,-0.00839469) 
228 (0,-0.00835795) (0,-0.00835795) 
229 (0,-0.00832154) (0,-0.00832154) 
230 (0,-0.00828544) (0,-0.00828544) 
231 (0,-0.00824965) (0,-0.00824965) 
232 (0,-0.00821417) (0,-0.00821417) 
233 (0,-0.008179) (0,-0.008179) 
234 (0,-0.00814412) (0,-0.00814412) 
235 (0,-0.00810954) (0,-0.00810954) 
236 (0,-0.00807525) (0,-0.00807525) 
237 (0,-0.00804125) (0,-0.00804125) 
238 (0,-0.00800754) (0,-0.00800754) 
239 (0,-0.00797411) (0,-0.00797411) 
240 (0,-0.00794095) (0,-0.00794095) 
241 (0,-0.00790807) (0,-0.00790807) 
242 (0,-0.00787546) (0,-0.00787546) 
243 (0,-0.00784312) (0,-0.00784312) 
244 (0,-0.00781105) (0,-0.00781105) 
245 (0,-0.00777923) (0,-0.00777923) 
246 (0,-0.00774768) (0,-0.00774768) 
247 (0,-0.00771637) (0,-0.00771637) 
248 (0,-0.00768532) (0,-0.00768532) 
249 (0,-0.00765452) (0,-0.00765452) 
250 (0,-0.00762397) (0,-0.00762397) 
251 (0,-0.00759366) (0,-0.00759366) 
252 (0,-0.00756358) (0,-0.00756358) 
253 (0,-0.00753375) (0,-0.00753375) 
254 (0,-0.00750415) (0,-0.00750415) 
255 (0,-0.00747478) (0,-0.00747478) 
256 (0,-0.00744564) (0,-0.00744564) 
257 (0,-0.00741673) (0,-0.00741673) 
258 (0,-0.00738804) (0,-0.00738804) 
259 (0,-0.00735957) (0,-0.00735957) 
260 (0,-0.00733132) (0,-0.00733132) 
261 (0,-0.00730328) (0,-0.00730328) 
262 (0,-0.00727546) (0,-0.00727546) 
263 (0,-0.00724785) (0,-0.00724785) 
264 (0,-0.00722045) (0,-0.00722045) 
265 (0,-0.00719326) (0,-0.00719326) 
266 (0,-0.00716627) (0,-0.00716627) 
267 (0,-0.00713948) (0,-0.00713948) 
268 (0,-0.00711289) (0,-0.00711289) 
269 (0,-0.0070865) (0,-0.0070865) 
270 (0,-0.0070603) (0,-0.0070603) 
271 (0,-0.0070343) (0,-0.0070343) 
272 (0,-0.00700849) (0,-0.00700849) 
273 (0,-0.00698286) (0,-0.00698286) 
274 (0,-0.00695742) (0,-0.00695742) 
275 (0,-0.00693217) (0,-0.00693217) 
276 (0,-0.0069071) (0,-0.0069071) 
277 (0,-0.00688221) (0,-0.00688221) 
278 (0,-0.0068575) (0,-0.0068575) 
279 (0,-0.00683297) (0,-0.00683297) 
280 (0,-0.00680861) (0,-0.00680861) 
281 (0,-0.00678442) (0,-0.00678442) 
282 (0,-0.00676041) (0,-0.00676041) 
283 (0,-0.00673656) (0,-0.00673656) 
284 (0,-0.00671289) (0,-0.00671289) 
285 (0,-0.00668938) (0,-0.00668938) 
286 (0,-0.00666603) (0,-0.00666603) 
287 (0,-0.00664284) (0,-0.00664284) 
288 (0,-0.00661982) (0,-0.00661982) 
289 (0,-0.00659695) (0,-0.00659695) 
290 (0,-0.00657424) (0,-0.00657424) 
291 (0,-0.00655169) (0,-0.00655169) 
292 (0,-0.00652929) (0,-0.00652929) 
293 (0,-0.00650705) (0,-0.00650705) 
294 (0,-0.00648495) (0,-0.00648495) 
295 (0,-0.00646301) (0,-0.00646301) 
296 (0,-0.00644121) (0,-0.00644121) 
297 (0,-0.00641956) (0,-0.00641956) 
298 (0,-0.00639806) (0,-0.00639806) 
299 (0,-0.0063767) (0,-0.0063767) 
300 (0,-0.00635548) (0,-0.00635548) 
301 (0,-0.0063344) (0,-0.0063344) 
302 (0,-0.00631346) (0,-0.00631346) 
303 (0,-0.00629266) (0,-0.00629266) 
304 (0,-0.00627199) (0,-0.00627199) 
305 (0,-0.00625146) (0,-0.00625146) 
306 (0,-0.00623107) (0,-0.00623107) 
307 (0,-0.0062108) (0,-0.0062108) 
308 (0,-0.00619067) (0,-0.00619067) 
309 (0,-0.00617067) (0,-0.00617067) 
310 (0,-0.0061508) (0,-0.0061508) 
311 (0,-0.00613105) (0,-0.00613105) 
312 (0,-0.00611144) (0,-0.00611144) 
313 (0,-0.00609194) (0,-0.00609194) 
314 (0,-0.00607257) (0,-0.00607257) 
315 (0,-0.00605333) (0,-0.00605333) 
316 (0,-0.0060342) (0,-0.0060342) 
317 (0,-0.0060152) (0,-0.0060152) 
318 (0,-0.00599631) (0,-0.00599631) 
319 (0,-0.00597754) (0,-0.00597754) 
320 (0,-0.00595889) (0,-0.00595889) 
321 (0,-0.00594036) (0,-0.00594036) 
322 (0,-0.00592194) (0,-0.00592194) 
323 (0,-0.00590364) (0,-0.00590364) 
324 (0,-0.00588544) (0,-0.00588544) 
325 (0,-0.00586736) (0,-0.00586736) 
326 (0,-0.00584939) (0,-0.00584939) 
327 (0,-0.00583153) (0,-0.00583153) 
328 (0,-0.00581378) (0,-0.00581378) 
329 (0,-0.00579614) (0,-0.00579614) 
330 (0,-0.0057786) (0,-0.0057786) 
331 (0,-0.00576117) (0,-0.00576117) 
332 (0,-0.00574384) (0,-0.00574384) 
333 (0,-0.00572662) (0,-0.00572662) 
334 (0,-0.0057095) (0,-0.0057095) 
335 (0,-0.00569248) (0,-0.00569248) 
336 (0,-0.00567557) (0,-0.00567557) 
337 (0,-0.00565875) (0,-0.00565875) 
338 (0,-0.00564204) (0,-0.00564204) 
339 (0,-0.00562542) (0,-0.00562542) 
340 (0,-0.0056089) (0,-0.0056089) 
341 (0,-0.00559247) (0,-0.00559247) 
342 (0,-0.00557614) (0,-0.00557614) 
343 (0,-0.00555991) (0,-0.00555991) 
344 (0,-0.00554377) (0,-0.00554377) 
345 (0,-0.00552773) (0,-0.00552773) 
346 (0,-0.00551178) (0,-0.00551178) 
347 (0,-0.00549592) (0,-0.00549592) 
348 (0,-0.00548015) (0,-0.00548015) 
349 (0,-0.00546447) (0,-0.00546447) 
350 (0,-0.00544888) (0,-0.00544888) 
351 (0,-0.00543337) (0,-0.00543337) 
352 (0,-0.00541796) (0,-0.00541796) 
353 (0,-0.00540263) (0,-0.00540263) 
354 (0,-0.0053874) (0,-0.0053874) 
355 (0,-0.00537224) (0,-0.00537224) 
356 (0,-0.00535717) (0,-0.00535717) 
357 (0,-0.00534219) (0,-0.00534219) 
358 (0,-0.00532729) (0,-0.00532729) 
359 (0,-0.00531247) (0,-0.00531247) 
360 (0,-0.00529773) (0,-0.00529773) 
361 (0,-0.00528308) (0,-0.00528308) 
362 (0,-0.0052685) (0,-0.0052685) 
363 (0,-0.00525401) (0,-0.00525401) 
364 (0,-0.0052396) (0,-0.0052396) 
365 (0,-0.00522526) (0,-0.00522526) 
366 (0,-0.00521101) (0,-0.00521101) 
367 (0,-0.00519683) (0,-0.00519683) 
368 (0,-0.00518272) (0,-0.00518272) 
369 (0,-0.0051687) (0,-0.0051687) 
370 (0,-0.00515475) (0,-0.00515475) 
371 (0,-0.00514087) (0,-0.00514087) 
372 (0,-0.00512707) (0,-0.00512707) 
373 (0,-0.00511334) (0,-0.00511334) 
374 (0,-0.00509969) (0,-0.00509969) 
375 (0,-0.00508611) (0,-0.00508611) 
376 (0,-0.0050726) (0,-0.0050726) 
377 (0,-0.00505917) (0,-0.00505917) 
378 (0,-0.0050458) (0,-0.0050458) 
379 (0,-0.0050325) (0,-0.0050325) 
380 (0,-0.00501928) (0,-0.00501928) 
381 (0,-0.00500612) (0,-0.00500612) 
382 (0,-0.00499303) (0,-0.00499303) 
383 (0,-0.00498001) (0,-0.00498001) 
384 (0,-0.00496706) (0,-0.00496706) 
385 (0,-0.00495418) (0,-0.00495418) 
386 (0,-0.00494136) (0,-0.00494136) 
387 (0,-0.00492861) (0,-0.00492861) 
388 (0,-0.00491592) (0,-0.00491592) 
389 (0,-0.0049033) (0,-0.0049033) 
390 (0,-0.00489075) (0,-0.00489075) 
391 (0,-0.00487825) (0,-0.00487825) 
392 (0,-0.00486583) (0,-0.00486583) 
393 (0,-0.00485346) (0,-0.00485346) 
394 (0,-0.00484116) (0,-0.00484116) 
395 (0,-0.00482892) (0,-0.00482892) 
396 (0,-0.00481674) (0,-0.00481674) 
397 (0,-0.00480462) (0,-0.00480462) 
398 (0,-0.00479257) (0,-0.00479257) 
399 (0,-0.00478057) (0,-0.00478057) 
400 (0,-0.00476863) (0,-0.00476863) 
401 (0,-0.00475676) (0,-0.00475676) 
402 (0,-0.00474494) (0,-0.00474494) 
403 (0,-0.00473318) (0,-0.00473318) 
404 (0,-0.00472148) (0,-0.00472148) 
405 (0,-0.00470984) (0,-0.00470984) 
406 (0,-0.00469825) (0,-0.00469825) 
407 (0,-0.00468672) (0,-0.00468672) 
408 (0,-0.00467525) (0,-0.00467525) 
409 (0,-0.00466383) (0,-0.00466383) 
410 (0,-0.00465247) (0,-0.00465247) 
411 (0,-0.00464116) (0,-0.00464116) 
412 (0,-0.00462991) (0,-0.00462991) 
413 (0,-0.00461872) (0,-0.00461872) 
414 (0,-0.00460757) (0,-0.00460757) 
415 (0,-0.00459648) (0,-0.00459648) 
416 (0,-0.00458545) (0,-0.00458545) 
417 (0,-0.00457447) (0,-0.00457447) 
418 (0,-0.00456354) (0,-0.00456354) 
419 (0,-0.00455266) (0,-0.00455266) 
420 (0,-0.00454183) (0,-0.00454183) 
421 (0,-0.00453106) (0,-0.00453106) 
422 (0,-0.00452033) (0,-0.00452033) 
423 (0,-0.00450966) (0,-0.00450966) 
424 (0,-0.00449903) (0,-0.00449903) 
425 (0,-0.00448846) (0,-0.00448846) 
426 (0,-0.00447794) (0,-0.00447794) 
427 (0,-0.00446746) (0,-0.00446746) 
428 (0,-0.00445704) (0,-0.00445704) 
429 (0,-0.00444666) (0,-0.00444666) 
430 (0,-0.00443633) (0,-0.00443633) 
431 (0,-0.00442605) (0,-0.00442605) 
432 (0,-0.00441582) (0,-0.00441582) 
433 (0,-0.00440563) (0,-0.00440563) 
434 (0,-0.00439549) (0,-0.00439549) 
435 (0,-0.0043854) (0,-0.0043854) 
436 (0,-0.00437535) (0,-0.00437535) 
437 (0,-0.00436535) (0,-0.00436535) 
438 (0,-0.0043554) (0,-0.0043554) 
439 (0,-0.00434549) (0,-0.00434549) 
440 (0,-0.00433562) (0,-0.00433562) 
441 (0,-0.0043258) (0,-0.0043258) 
442 (0,-0.00431603) (0,-0.00431603) 
443 (0,-0.00430629) (0,-0.00430629) 
444 (0,-0.00429661) (0,-0.00429661) 
445 (0,-0.00428696) (0,-0.00428696) 
446 (0,-0.00427736) (0,-0.00427736) 
447 (0,-0.0042678) (0,-0.0042678) 
448 (0,-0.00425829) (0,-0.00425829) 
449 (0,-0.00424881) (0,-0.00424881) 
450 (0,-0.00423938) (0,-0.00423938) 
451 (0,-0.00422999) (0,-0.00422999) 
452 (0,-0.00422065) (0,-0.00422065) 
453 (0,-0.00421134) (0,-0.00421134) 
454 (0,-0.00420207) (0,-0.00420207) 
455 (0,-0.00419285) (0,-0.00419285) 
456 (0,-0.00418366) (0,-0.00418366) 
457 (0,-0.00417452) (0,-0.00417452) 
458 (0,-0.00416541) (0,-0.00416541) 
459 (0,-0.00415635) (0,-0.00415635) 
460 (0,-0.00414732) (0,-0.00414732) 
461 (0,-0.00413834) (0,-0.00413834) 
462 (0,-0.00412939) (0,-0.00412939) 
463 (0,-0.00412048) (0,-0.00412048) 
464 (0,-0.00411161) (0,-0.00411161) 
465 (0,-0.00410278) (0,-0.00410278) 
466 (0,-0.00409398) (0,-0.00409398) 
467 (0,-0.00408523) (0,-0.00408523) 
468 (0,-0.00407651) (0,-0.00407651) 
469 (0,-0.00406782) (0,-0.00406782) 
470 (0,-0.00405918) (0,-0.00405918) 
471 (0,-0.00405057) (0,-0.00405057) 
472 (0,-0.004042) (0,-0.004042) 
473 (0,-0.00403346) (0,-0.00403346) 
474 (0,-0.00402496) (0,-0.00402496) 
475 (0,-0.0040165) (0,-0.0040165) 
476 (0,-0.00400807) (0,-0.00400807) 
477 (0,-0.00399967) (0,-0.00399967) 
478 (0,-0.00399131) (0,-0.00399131) 
479 (0,-0.00398299) (0,-0.00398299) 
480 (0,-0.0039747) (0,-0.0039747) 
481 (0,-0.00396645) (0,-0.00396645) 
482 (0,-0.00395823) (0,-0.00395823) 
483 (0,-0.00395004) (0,-0.00395004) 
484 (0,-0.00394189) (0,-0.00394189) 
485 (0,-0.00393377) (0,-0.00393377) 
486 (0,-0.00392568) (0,-0.00392568) 
487 (0,-0.00391763) (0,-0.00391763) 
488 (0,-0.00390961) (0,-0.00390961) 
489 (0,-0.00390162) (0,-0.00390162) 
490 (0,-0.00389367) (0,-0.00389367) 
491 (0,-0.00388575) (0,-0.00388575) 
492 (0,-0.00387786) (0,-0.00387786) 
493 (0,-0.00387) (0,-0.00387) 
494 (0,-0.00386217) (0,-0.00386217) 
495 (0,-0.00385438) (0,-0.00385438) 
496 (0,-0.00384662) (0,-0.00384662) 
497 (0,-0.00383888) (0,-0.00383888) 
498 (0,-0.00383118) (0,-0.00383118) 
499 (0,-0.00382351) (0,-0.00382351) 
500 (0,-0.00381587) (0,-0.00381587) 
501 (0,-0.00380827) (0,-0.00380827) 
502 (0,-0.00380069) (0,-0.00380069) 
503 (0,-0.00379314) (0,-0.00379314) 
504 (0,-0.00378562) (0,-0.00378562) 
505 (0,-0.00377813) (0,-0.00377813) 
506 (0,-0.00377067) (0,-0.00377067) 
507 (0,-0.00376324) (0,-0.00376324) 
508 (0,-0.00375584) (0,-0.00375584) 
509 (0,-0.00374847) (0,-0.00374847) 
510 (0,-0.00374113) (0,-0.00374113) 
511 (0,-0.00373381) (0,-0.00373381) 
512 (0,-0.00372653) (0,-0.00372653) 
513 (0,-0.00371927) (0,-0.00371927) 
514 (0,-0.00371204) (0,-0.00371204) 
515 (0,-0.00370484) (0,-0.00370484) 
516 (0,-0.00369767) (0,-0.00369767) 
517 (0,-0.00369052) (0,-0.00369052) 
518 (0,-0.00368341) (0,-0.00368341) 
519 (0,-0.00367632) (0,-0.00367632) 
520 (0,-0.00366925) (0,-0.00366925) 
521 (0,-0.00366222) (0,-0.00366222) 
522 (0,-0.00365521) (0,-0.00365521) 
523 (0,-0.00364823) (0,-0.00364823) 
524 (0,-0.00364127) (0,-0.00364127) 
525 (0,-0.00363434) (0,-0.00363434) 
526 (0,-0.00362744) (0,-0.00362744) 
527 (0,-0.00362056) (0,-0.00362056) 
528 (0,-0.00361371) (0,-0.00361371) 
529 (0,-0.00360689) (0,-0.00360689) 
530 (0,-0.00360009) (0,-0.00360009) 
531 (0,-0.00359332) (0,-0.00359332) 
532 (0,-0.00358657) (0,-0.00358657) 
533 (0,-0.00357984) (0,-0.00357984) 
534 (0,-0.00357315) (0,-0.00357315) 
535 (0,-0.00356647) (0,-0.00356647) 
536 (0,-0.00355983) (0,-0.00355983) 
537 (0,-0.0035532) (0,-0.0035532) 
538 (0,-0.00354661) (0,-0.00354661) 
539 (0,-0.00354003) (0,-0.00354003) 
540 (0,-0.00353348) (0,-0.00353348) 
541 (0,-0.00352696) (0,-0.00352696) 
542 (0,-0.00352046) (0,-0.00352046) 
543 (0,-0.00351398) (0,-0.00351398) 
544 (0,-0.00350753) (0,-0.00350753) 
545 (0,-0.0035011) (0,-0.0035011) 
546 (0,-0.00349469) (0,-0.00349469) 
547 (0,-0.00348831) (0,-0.00348831) 
548 (0,-0.00348195) (0,-0.00348195) 
549 (0,-0.00347561) (0,-0.00347561) 
550 (0,-0.0034693) (0,-0.0034693) 
551 (0,-0.00346301) (0,-0.00346301) 
552 (0,-0.00345674) (0,-0.00345674) 
553 (0,-0.00345049) (0,-0.00345049) 
554 (0,-0.00344427) (0,-0.00344427) 
555 (0,-0.00343807) (0,-0.00343807) 
556 (0,-0.00343189) (0,-0.00343189) 
557 (0,-0.00342574) (0,-0.00342574) 
558 (0,-0.0034196) (0,-0.0034196) 
559 (0,-0.00341349) (0,-0.00341349) 
560 (0,-0.0034074) (0,-0.0034074) 
561 (0,-0.00340133) (0,-0.00340133) 
562 (0,-0.00339529) (0,-0.00339529) 
563 (0,-0.00338926) (0,-0.00338926) 
564 (0,-0.00338326) (0,-0.00338326) 
565 (0,-0.00337727) (0,-0.00337727) 
566 (0,-0.00337131) (0,-0.00337131) 
567 (0,-0.00336537) (0,-0.00336537) 
568 (0,-0.00335945) (0,-0.00335945) 
569 (0,-0.00335355) (0,-0.00335355) 
570 (0,-0.00334768) (0,-0.00334768) 
571 (0,-0.00334182) (0,-0.00334182) 
572 (0,-0.00333598) (0,-0.00333598) 
573 (0,-0.00333016) (0,-0.00333016) 
574 (0,-0.00332437) (0,-0.00332437) 
575 (0,-0.00331859) (0,-0.00331859) 
576 (0,-0.00331283) (0,-0.00331283) 
577 (0,-0.0033071) (0,-0.0033071) 
578 (0,-0.00330138) (0,-0.00330138) 
579 (0,-0.00329568) (0,-0.00329568) 
580 (0,-0.00329001) (0,-0.00329001) 
581 (0,-0.00328435) (0,-0.00328435) 
582 (0,-0.00327871) (0,-0.00327871) 
583 (0,-0.00327309) (0,-0.00327309) 
584 (0,-0.00326749) (0,-0.00326749) 
585 (0,-0.00326191) (0,-0.00326191) 
586 (0,-0.00325635) (0,-0.00325635) 
587 (0,-0.00325081) (0,-0.00325081) 
588 (0,-0.00324528) (0,-0.00324528) 
589 (0,-0.00323978) (0,-0.00323978) 
590 (0,-0.00323429) (0,-0.00323429) 
591 (0,-0.00322882) (0,-0.00322882) 
592 (0,-0.00322337) (0,-0.00322337) 
593 (0,-0.00321794) (0,-0.00321794) 
594 (0,-0.00321253) (0,-0.00321253) 
595 (0,-0.00320714) (0,-0.00320714) 
596 (0,-0.00320176) (0,-0.00320176) 
597 (0,-0.0031964) (0,-0.0031964) 
598 (0,-0.00319106) (0,-0.00319106) 
599 (0,-0.00318574) (0,-0.00318574) 
600 (0,-0.00318043) (0,-0.00318043) 
601 (0,-0.00317514) (0,-0.00317514) 
602 (0,-0.00316988) (0,-0.00316988) 
603 (0,-0.00316462) (0,-0.00316462) 
604 (0,-0.00315939) (0,-0.00315939) 
605 (0,-0.00315417) (0,-0.00315417) 
606 (0,-0.00314897) (0,-0.00314897) 
607 (0,-0.00314379) (0,-0.00314379) 
608 (0,-0.00313862) (0,-0.00313862) 
609 (0,-0.00313347) (0,-0.00313347) 
610 (0,-0.00312834) (0,-0.00312834) 
611 (0,-0.00312322) (0,-0.00312322) 
612 (0,-0.00311812) (0,-0.00311812) 
613 (0,-0.00311304) (0,-0.00311304) 
614 (0,-0.00310797) (0,-0.00310797) 
615 (0,-0.00310292) (0,-0.00310292) 
616 (0,-0.00309789) (0,-0.00309789) 
617 (0,-0.00309287) (0,-0.00309287) 
618 (0,-0.00308787) (0,-0.00308787) 
619 (0,-0.00308289) (0,-0.00308289) 
620 (0,-0.00307792) (0,-0.00307792) 
621 (0,-0.00307297) (0,-0.00307297) 
622 (0,-0.00306803) (0,-0.00306803) 
623 (0,-0.00306311) (0,-0.00306311) 
624 (0,-0.00305821) (0,-0.00305821) 
625 (0,-0.00305332) (0,-0.00305332) 
626 (0,-0.00304844) (0,-0.00304844) 
627 (0,-0.00304359) (0,-0.00304359) 
628 (0,-0.00303874) (0,-0.00303874) 
629 (0,-0.00303392) (0,-0.00303392) 
630 (0,-0.0030291) (0,-0.0030291) 
631 (0,-0.00302431) (0,-0.00302431) 
632 (0,-0.00301953) (0,-0.00301953) 
633 (0,-0.00301476) (0,-0.00301476) 
634 (0,-0.00301001) (0,-0.00301001) 
635 (0,-0.00300527) (0,-0.00300527) 
636 (0,-0.00300055) (0,-0.00300055) 
637 (0,-0.00299584) (0,-0.00299584) 
638 (0,-0.00299115) (0,-0.00299115) 
639 (0,-0.00298648) (0,-0.00298648) 
640 (0,-0.00298181) (0,-0.00298181) 
641 (0,-0.00297716) (0,-0.00297716) 
642 (0,-0.00297253) (0,-0.00297253) 
643 (0,-0.00296791) (0,-0.00296791) 
644 (0,-0.00296331) (0,-0.00296331) 
645 (0,-0.00295872) (0,-0.00295872) 
646 (0,-0.00295414) (0,-0.00295414) 
647 (0,-0.00294958) (0,-0.00294958) 
648 (0,-0.00294503) (0,-0.00294503) 
649 (0,-0.00294049) (0,-0.00294049) 
650 (0,-0.00293597) (0,-0.00293597) 
651 (0,-0.00293147) (0,-0.00293147) 
652 (0,-0.00292697) (0,-0.00292697) 
653 (0,-0.0029225) (0,-0.0029225) 
654 (0,-0.00291803) (0,-0.00291803) 
655 (0,-0.00291358) (0,-0.00291358) 
656 (0,-0.00290914) (0,-0.00290914) 
657 (0,-0.00290472) (0,-0.00290472) 
658 (0,-0.00290031) (0,-0.00290031) 
659 (0,-0.00289591) (0,-0.00289591) 
660 (0,-0.00289152) (0,-0.00289152) 
661 (0,-0.00288715) (0,-0.00288715) 
662 (0,-0.00288279) (0,-0.00288279) 
663 (0,-0.00287845) (0,-0.00287845) 
664 (0,-0.00287412) (0,-0.00287412) 
665 (0,-0.0028698) (0,-0.0028698) 
666 (0,-0.00286549) (0,-0.00286549) 
667 (0,-0.0028612) (0,-0.0028612) 
668 (0,-0.00285692) (0,-0.00285692) 
669 (0,-0.00285265) (0,-0.00285265) 
670 (0,-0.0028484) (0,-0.0028484) 
671 (0,-0.00284416) (0,-0.00284416) 
672 (0,-0.00283993) (0,-0.00283993) 
673 (0,-0.00283571) (0,-0.00283571) 
674 (0,-0.00283151) (0,-0.00283151) 
675 (0,-0.00282732) (0,-0.00282732) 
676 (0,-0.00282314) (0,-0.00282314) 
677 (0,-0.00281897) (0,-0.00281897) 
678 (0,-0.00281481) (0,-0.00281481) 
679 (0,-0.00281067) (0,-0.00281067) 
680 (0,-0.00280654) (0,-0.00280654) 
681 (0,-0.00280242) (0,-0.00280242) 
682 (0,-0.00279832) (0,-0.00279832) 
683 (0,-0.00279422) (0,-0.00279422) 
684 (0,-0.00279014) (0,-0.00279014) 
685 (0,-0.00278607) (0,-0.00278607) 
686 (0,-0.00278201) (0,-0.00278201) 
687 (0,-0.00277797) (0,-0.00277797) 
688 (0,-0.00277393) (0,-0.00277393) 
689 (0,-0.00276991) (0,-0.00276991) 
690 (0,-0.0027659) (0,-0.0027659) 
691 (0,-0.0027619) (0,-0.0027619) 
692 (0,-0.00275791) (0,-0.00275791) 
693 (0,-0.00275393) (0,-0.00275393) 
694 (0,-0.00274997) (0,-0.00274997) 
695 (0,-0.00274601) (0,-0.00274601) 
696 (0,-0.00274207) (0,-0.00274207) 
697 (0,-0.00273814) (0,-0.00273814) 
698 (0,-0.00273422) (0,-0.00273422) 
699 (0,-0.00273031) (0,-0.00273031) 
700 (0,-0.00272641) (0,-0.00272641) 
701 (0,-0.00272253) (0,-0.00272253) 
702 (0,-0.00271865) (0,-0.00271865) 
703 (0,-0.00271479) (0,-0.00271479) 
704 (0,-0.00271093) (0,-0.00271093) 
705 (0,-0.00270709) (0,-0.00270709) 
706 (0,-0.00270326) (0,-0.00270326) 
707 (0,-0.00269944) (0,-0.00269944) 
708 (0,-0.00269563) (0,-0.00269563) 
709 (0,-0.00269183) (0,-0.00269183) 
710 (0,-0.00268804) (0,-0.00268804) 
711 (0,-0.00268426) (0,-0.00268426) 
712 (0,-0.00268049) (0,-0.00268049) 
713 (0,-0.00267674) (0,-0.00267674) 
714 (0,-0.00267299) (0,-0.00267299) 
715 (0,-0.00266926) (0,-0.00266926) 
716 (0,-0.00266553) (0,-0.00266553) 
717 (0,-0.00266182) (0,-0.00266182) 
718 (0,-0.00265811) (0,-0.00265811) 
719 (0,-0.00265442) (0,-0.00265442) 
720 (0,-0.00265073) (0,-0.00265073) 
721 (0,-0.00264706) (0,-0.00264706) 
722 (0,-0.00264339) (0,-0.00264339) 
723 (0,-0.00263974) (0,-0.00263974) 
724 (0,-0.0026361) (0,-0.0026361) 
725 (0,-0.00263246) (0,-0.00263246) 
726 (0,-0.00262884) (0,-0.00262884) 
727 (0,-0.00262523) (0,-0.00262523) 
728 (0,-0.00262162) (0,-0.00262162) 
729 (0,-0.00261803) (0,-0.00261803) 
730 (0,-0.00261445) (0,-0.00261445) 
731 (0,-0.00261087) (0,-0.00261087) 
732 (0,-0.00260731) (0,-0.00260731) 
733 (0,-0.00260375) (0,-0.00260375) 
734 (0,-0.00260021) (0,-0.00260021) 
735 (0,-0.00259667) (0,-0.00259667) 
736 (0,-0.00259315) (0,-0.00259315) 
737 (0,-0.00258963) (0,-0.00258963) 
738 (0,-0.00258612) (0,-0.00258612) 
739 (0,-0.00258263) (0,-0.00258263) 
740 (0,-0.00257914) (0,-0.00257914) 
741 (0,-0.00257566) (0,-0.00257566) 
742 (0,-0.00257219) (0,-0.00257219) 
743 (0,-0.00256873) (0,-0.00256873) 
744 (0,-0.00256528) (0,-0.00256528) 
745 (0,-0.00256184) (0,-0.00256184) 
746 (0,-0.00255841) (0,-0.00255841) 
747 (0,-0.00255499) (0,-0.00255499) 
748 (0,-0.00255157) (0,-0.00255157) 
749 (0,-0.00254817) (0,-0.00254817) 
750 (0,-0.00254477) (0,-0.00254477) 
751 (0,-0.00254139) (0,-0.00254139) 
752 (0,-0.00253801) (0,-0.00253801) 
753 (0,-0.00253464) (0,-0.00253464) 
754 (0,-0.00253128) (0,-0.00253128) 
755 (0,-0.00252793) (0,-0.00252793) 
756 (0,-0.00252459) (0,-0.00252459) 
757 (0,-0.00252126) (0,-0.00252126) 
758 (0,-0.00251793) (0,-0.00251793) 
759 (0,-0.00251462) (0,-0.00251462) 
760 (0,-0.00251131) (0,-0.00251131) 
761 (0,-0.00250801) (0,-0.00250801) 
762 (0,-0.00250473) (0,-0.00250473) 
763 (0,-0.00250145) (0,-0.00250145) 
764 (0,-0.00249817) (0,-0.00249817) 
765 (0,-0.00249491) (0,-0.00249491) 
766 (0,-0.00249165) (0,-0.00249165) 
767 (0,-0.00248841) (0,-0.00248841) 
768 (0,-0.00248517) (0,-0.00248517) 
769 (0,-0.00248194) (0,-0.00248194) 
770 (0,-0.00247872) (0,-0.00247872) 
771 (0,-0.00247551) (0,-0.00247551) 
772 (0,-0.0024723) (0,-0.0024723) 
773 (0,-0.00246911) (0,-0.00246911) 
774 (0,-0.00246592) (0,-0.00246592) 
775 (0,-0.00246274) (0,-0.00246274) 
776 (0,-0.00245957) (0,-0.00245957) 
777 (0,-0.0024564) (0,-0.0024564) 
778 (0,-0.00245325) (0,-0.00245325) 
779 (0,-0.0024501) (0,-0.0024501) 
780 (0,-0.00244696) (0,-0.00244696) 
781 (0,-0.00244383) (0,-0.00244383) 
782 (0,-0.00244071) (0,-0.00244071) 
783 (0,-0.00243759) (0,-0.00243759) 
784 (0,-0.00243449) (0,-0.00243449) 
785 (0,-0.00243139) (0,-0.00243139) 
786 (0,-0.00242829) (0,-0.00242829) 
787 (0,-0.00242521) (0,-0.00242521) 
788 (0,-0.00242214) (0,-0.00242214) 
789 (0,-0.00241907) (0,-0.00241907) 
790 (0,-0.00241601) (0,-0.00241601) 
791 (0,-0.00241295) (0,-0.00241295) 
792 (0,-0.00240991) (0,-0.00240991) 
793 (0,-0.00240687) (0,-0.00240687) 
794 (0,-0.00240384) (0,-0.00240384) 
795 (0,-0.00240082) (0,-0.00240082) 
796 (0,-0.00239781) (0,-0.00239781) 
797 (0,-0.0023948) (0,-0.0023948) 
798 (0,-0.0023918) (0,-0.0023918) 
799 (0,-0.00238881) (0,-0.00238881) 
800 (0,-0.00238583) (0,-0.00238583) 
801 (0,-0.00238285) (0,-0.00238285) 
802 (0,-0.00237988) (0,-0.00237988) 
803 (0,-0.00237692) (0,-0.00237692) 
804 (0,-0.00237396) (0,-0.00237396) 
805 (0,-0.00237102) (0,-0.00237102) 
806 (0,-0.00236808) (0,-0.00236808) 
807 (0,-0.00236514) (0,-0.00236514) 
808 (0,-0.00236222) (0,-0.00236222) 
809 (0,-0.0023593) (0,-0.0023593) 
810 (0,-0.00235639) (0,-0.00235639) 
811 (0,-0.00235349) (0,-0.00235349) 
812 (0,-0.00235059) (0,-0.00235059) 
813 (0,-0.0023477) (0,-0.0023477) 
814 (0,-0.00234482) (0,-0.00234482) 
815 (0,-0.00234194) (0,-0.00234194) 
816 (0,-0.00233907) (0,-0.00233907) 
817 (0,-0.00233621) (0,-0.00233621) 
818 (0,-0.00233336) (0,-0.00233336) 
819 (0,-0.00233051) (0,-0.00233051) 
820 (0,-0.00232767) (0,-0.00232767) 
821 (0,-0.00232484) (0,-0.00232484) 
822 (0,-0.00232201) (0,-0.00232201) 
823 (0,-0.00231919) (0,-0.00231919) 
824 (0,-0.00231638) (0,-0.00231638) 
825 (0,-0.00231357) (0,-0.00231357) 
826 (0,-0.00231077) (0,-0.00231077) 
827 (0,-0.00230798) (0,-0.00230798) 
828 (0,-0.0023052) (0,-0.0023052) 
829 (0,-0.00230242) (0,-0.00230242) 
830 (0,-0.00229964) (0,-0.00229964) 
831 (0,-0.00229688) (0,-0.00229688) 
832 (0,-0.00229412) (0,-0.00229412) 
833 (0,-0.00229137) (0,-0.00229137) 
834 (0,-0.00228862) (0,-0.00228862) 
835 (0,-0.00228588) (0,-0.00228588) 
836 (0,-0.00228315) (0,-0.00228315) 
837 (0,-0.00228042) (0,-0.00228042) 
838 (0,-0.0022777) (0,-0.0022777) 
839 (0,-0.00227499) (0,-0.00227499) 
840 (0,-0.00227228) (0,-0.00227228) 
841 (0,-0.00226958) (0,-0.00226958) 
842 (0,-0.00226689) (0,-0.00226689) 
843 (0,-0.0022642) (0,-0.0022642) 
844 (0,-0.00226152) (0,-0.00226152) 
845 (0,-0.00225885) (0,-0.00225885) 
846 (0,-0.00225618) (0,-0.00225618) 
847 (0,-0.00225352) (0,-0.00225352) 
848 (0,-0.00225086) (0,-0.00225086) 
849 (0,-0.00224821) (0,-0.00224821) 
850 (0,-0.00224557) (0,-0.00224557) 
851 (0,-0.00224293) (0,-0.00224293) 
852 (0,-0.0022403) (0,-0.0022403) 
853 (0,-0.00223767) (0,-0.00223767) 
854 (0,-0.00223506) (0,-0.00223506) 
855 (0,-0.00223244) (0,-0.00223244) 
856 (0,-0.00222984) (0,-0.00222984) 
857 (0,-0.00222724) (0,-0.00222724) 
858 (0,-0.00222464) (0,-0.00222464) 
859 (0,-0.00222205) (0,-0.00222205) 
860 (0,-0.00221947) (0,-0.00221947) 
861 (0,-0.00221689) (0,-0.00221689) 
862 (0,-0.00221432) (0,-0.00221432) 
863 (0,-0.00221176) (0,-0.00221176) 
864 (0,-0.0022092) (0,-0.0022092) 
865 (0,-0.00220665) (0,-0.00220665) 
866 (0,-0.0022041) (0,-0.0022041) 
867 (0,-0.00220156) (0,-0.00220156) 
868 (0,-0.00219903) (0,-0.00219903) 
869 (0,-0.0021965) (0,-0.0021965) 
870 (0,-0.00219397) (0,-0.00219397) 
871 (0,-0.00219146) (0,-0.00219146) 
872 (0,-0.00218895) (0,-0.00218895) 
873 (0,-0.00218644) (0,-0.00218644) 
874 (0,-0.00218394) (0,-0.00218394) 
875 (0,-0.00218144) (0,-0.00218144) 
876 (0,-0.00217896) (0,-0.00217896) 
877 (0,-0.00217647) (0,-0.00217647) 
878 (0,-0.002174) (0,-0.002174) 
879 (0,-0.00217152) (0,-0.00217152) 
880 (0,-0.00216906) (0,-0.00216906) 
881 (0,-0.0021666) (0,-0.0021666) 
882 (0,-0.00216414) (0,-0.00216414) 
883 (0,-0.00216169) (0,-0.00216169) 
884 (0,-0.00215925) (0,-0.00215925) 
885 (0,-0.00215681) (0,-0.00215681) 
886 (0,-0.00215438) (0,-0.00215438) 
887 (0,-0.00215195) (0,-0.00215195) 
888 (0,-0.00214953) (0,-0.00214953) 
889 (0,-0.00214711) (0,-0.00214711) 
890 (0,-0.0021447) (0,-0.0021447) 
891 (0,-0.00214229) (0,-0.00214229) 
892 (0,-0.00213989) (0,-0.00213989) 
893 (0,-0.0021375) (0,-0.0021375) 
894 (0,-0.00213511) (0,-0.00213511) 
895 (0,-0.00213272) (0,-0.00213272) 
896 (0,-0.00213035) (0,-0.00213035) 
897 (0,-0.00212797) (0,-0.00212797) 
898 (0,-0.0021256) (0,-0.0021256) 
899 (0,-0.00212324) (0,-0.00212324) 
900 (0,-0.00212088) (0,-0.00212088) 
901 (0,-0.00211853) (0,-0.00211853) 
902 (0,-0.00211618) (0,-0.00211618) 
903 (0,-0.00211384) (0,-0.00211384) 
904 (0,-0.0021115) (0,-0.0021115) 
905 (0,-0.00210917) (0,-0.00210917) 
906 (0,-0.00210685) (0,-0.00210685) 
907 (0,-0.00210452) (0,-0.00210452) 
908 (0,-0.00210221) (0,-0.00210221) 
909 (0,-0.0020999) (0,-0.0020999) 
910 (0,-0.00209759) (0,-0.00209759) 
911 (0,-0.00209529) (0,-0.00209529) 
912 (0,-0.00209299) (0,-0.00209299) 
913 (0,-0.0020907) (0,-0.0020907) 
914 (0,-0.00208841) (0,-0.00208841) 
915 (0,-0.00208613) (0,-0.00208613) 
916 (0,-0.00208386) (0,-0.00208386) 
917 (0,-0.00208159) (0,-0.00208159) 
918 (0,-0.00207932) (0,-0.00207932) 
919 (0,-0.00207706) (0,-0.00207706) 
920 (0,-0.0020748) (0,-0.0020748) 
921 (0,-0.00207255) (0,-0.00207255) 
922 (0,-0.0020703) (0,-0.0020703) 
923 (0,-0.00206806) (0,-0.00206806) 
924 (0,-0.00206583) (0,-0.00206583) 
925 (0,-0.00206359) (0,-0.00206359) 
926 (0,-0.00206137) (0,-0.00206137) 
927 (0,-0.00205914) (0,-0.00205914) 
928 (0,-0.00205693) (0,-0.00205693) 
929 (0,-0.00205471) (0,-0.00205471) 
930 (0,-0.0020525) (0,-0.0020525) 
931 (0,-0.0020503) (0,-0.0020503) 
932 (0,-0.0020481) (0,-0.0020481) 
933 (0,-0.00204591) (0,-0.00204591) 
934 (0,-0.00204372) (0,-0.00204372) 
935 (0,-0.00204153) (0,-0.00204153) 
936 (0,-0.00203935) (0,-0.00203935) 
937 (0,-0.00203718) (0,-0.00203718) 
938 (0,-0.00203501) (0,-0.00203501) 
939 (0,-0.00203284) (0,-0.00203284) 
940 (0,-0.00203068) (0,-0.00203068) 
941 (0,-0.00202852) (0,-0.00202852) 
942 (0,-0.00202637) (0,-0.00202637) 
943 (0,-0.00202422) (0,-0.00202422) 
944 (0,-0.00202208) (0,-0.00202208) 
945 (0,-0.00201994) (0,-0.00201994) 
946 (0,-0.00201781) (0,-0.00201781) 
947 (0,-0.00201568) (0,-0.00201568) 
948 (0,-0.00201355) (0,-0.00201355) 
949 (0,-0.00201143) (0,-0.00201143) 
950 (0,-0.00200932) (0,-0.00200932) 
951 (0,-0.0020072) (0,-0.0020072) 
952 (0,-0.0020051) (0,-0.0020051) 
953 (0,-0.00200299) (0,-0.00200299) 
954 (0,-0.0020009) (0,-0.0020009) 
955 (0,-0.0019988) (0,-0.0019988) 
956 (0,-0.00199671) (0,-0.00199671) 
957 (0,-0.00199463) (0,-0.00199463) 
958 (0,-0.00199255) (0,-0.00199255) 
959 (0,-0.00199047) (0,-0.00199047) 
960 (0,-0.0019884) (0,-0.0019884) 
961 (0,-0.00198633) (0,-0.00198633) 
962 (0,-0.00198427) (0,-0.00198427) 
963 (0,-0.00198221) (0,-0.00198221) 
964 (0,-0.00198015) (0,-0.00198015) 
965 (0,-0.0019781) (0,-0.0019781) 
966 (0,-0.00197605) (0,-0.00197605) 
967 (0,-0.00197401) (0,-0.00197401) 
968 (0,-0.00197197) (0,-0.00197197) 
969 (0,-0.00196994) (0,-0.00196994) 
970 (0,-0.00196791) (0,-0.00196791) 
971 (0,-0.00196588) (0,-0.00196588) 
972 (0,-0.00196386) (0,-0.00196386) 
973 (0,-0.00196184) (0,-0.00196184) 
974 (0,-0.00195983) (0,-0.00195983) 
975 (0,-0.00195782) (0,-0.00195782) 
976 (0,-0.00195582) (0,-0.00195582) 
977 (0,-0.00195382) (0,-0.00195382) 
978 (0,-0.00195182) (0,-0.00195182) 
979 (0,-0.00194983) (0,-0.00194983) 
980 (0,-0.00194784) (0,-0.00194784) 
981 (0,-0.00194585) (0,-0.00194585) 
982 (0,-0.00194387) (0,-0.00194387) 
983 (0,-0.0019419) (0,-0.0019419) 
984 (0,-0.00193992) (0,-0.00193992) 
985 (0,-0.00193796) (0,-0.00193796) 
986 (0,-0.00193599) (0,-0.00193599) 
987 (0,-0.00193403) (0,-0.00193403) 
988 (0,-0.00193207) (0,-0.00193207) 
989 (0,-0.00193012) (0,-0.00193012) 
990 (0,-0.00192817) (0,-0.00192817) 
991 (0,-0.00192623) (0,-0.00192623) 
992 (0,-0.00192429) (0,-0.00192429) 
993 (0,-0.00192235) (0,-0.00192235) 
994 (0,-0.00192042) (0,-0.00192042) 
995 (0,-0.00191849) (0,-0.00191849) 
996 (0,-0.00191656) (0,-0.00191656) 
997 (0,-0.00191464) (0,-0.00191464) 
998 (0,-0.00191272) (0,-0.00191272) 
999 (0,-0.00191081) (0,-0.00191081) 
