0 (-0.841379,-1.68997) (0.842327,-1.6877) 
1 (-0.105834,-0.868126) (0.104896,-0.867925) 
2 (-0.0288184,-0.57091) (0.0286258,-0.570689) 
3 (-0.0110049,-0.424049) (0.0108104,-0.424231) 
4 (-0.00474683,-0.337128) (0.00469929,-0.337163) 
5 (-0.00234795,-0.279551) (0.00238095,-0.279617) 
6 (-0.00130698,-0.23861) (0.00134213,-0.238628) 
7 (-0.000771991,-0.207993) (0.000775609,-0.208001) 
8 (-0.000502361,-0.184279) (0.000496083,-0.184297) 
9 (-0.000327214,-0.165376) (0.000316077,-0.165372) 
10 (-0.000224547,-0.149943) (0.000230115,-0.149955) 
11 (-0.000154959,-0.137146) (0.000157678,-0.137138) 
12 (-0.00011349,-0.126341) (0.000113787,-0.126348) 
13 (-8.45153e-05,-0.117108) (8.15558e-05,-0.117109) 
14 (-6.40833e-05,-0.109125) (6.47313e-05,-0.109128) 
15 (-4.8591e-05,-0.102157) (5.10882e-05,-0.102158) 
16 (-3.94604e-05,-0.0960221) (3.82704e-05,-0.0960212) 
17 (-3.04607e-05,-0.0905787) (3.02356e-05,-0.0905802) 
18 (-2.45999e-05,-0.0857185) (2.51031e-05,-0.0857191) 
19 (-2.10313e-05,-0.0813529) (1.94222e-05,-0.0813513) 
20 (-1.54834e-05,-0.0774056) (1.69837e-05,-0.0774079) 
21 (-1.40951e-05,-0.0738261) (1.34582e-05,-0.0738257) 
22 (-1.15712e-05,-0.0705613) (1.13696e-05,-0.0705615) 
23 (-9.7185e-06,-0.0675722) (8.75386e-06,-0.0675734) 
24 (-8.23135e-06,-0.0648257) (8.13782e-06,-0.0648265) 
25 (-7.03755e-06,-0.0622932) (7.35342e-06,-0.0622937) 
26 (-6.3266e-06,-0.0599515) (5.8432e-06,-0.0599519) 
27 (-4.88541e-06,-0.0577783) (5.54455e-06,-0.0577785) 
28 (-4.44147e-06,-0.0557574) (4.29225e-06,-0.0557576) 
29 (-3.85938e-06,-0.0538732) (3.84054e-06,-0.0538734) 
30 (-3.26947e-06,-0.0521116) (3.46486e-06,-0.0521117) 
31 (-3.03806e-06,-0.0504613) (2.86122e-06,-0.0504618) 
32 (-2.66118e-06,-0.0489125) (3.00353e-06,-0.0489125) 
33 (-2.26072e-06,-0.0474558) (2.38857e-06,-0.0474561) 
34 (-2.23082e-06,-0.0460833) (2.10877e-06,-0.046083) 
35 (-1.88761e-06,-0.0447876) (2.02735e-06,-0.0447877) 
36 (-1.68229e-06,-0.0435628) (1.47237e-06,-0.0435629) 
37 (-1.34415e-06,-0.0424032) (1.66702e-06,-0.0424033) 
38 (-1.2736e-06,-0.041304) (1.23383e-06,-0.0413038) 
39 (-1.27314e-06,-0.0402598) (1.21874e-06,-0.0402599) 
40 (-1.13888e-06,-0.0392673) (1.16188e-06,-0.0392674) 
41 (-9.3369e-07,-0.0383226) (1.1087e-06,-0.0383226) 
42 (-7.84036e-07,-0.0374221) (8.30278e-07,-0.0374221) 
43 (-9.29098e-07,-0.0365629) (9.42139e-07,-0.0365629) 
44 (-7.53236e-07,-0.0357423) (6.71427e-07,-0.0357424) 
45 (-6.3674e-07,-0.0349577) (6.96211e-07,-0.0349578) 
46 (-6.26971e-07,-0.0342069) (6.50062e-07,-0.0342069) 
47 (-5.21673e-07,-0.0334875) (5.88641e-07,-0.0334875) 
48 (-5.74644e-07,-0.0327978) (5.57952e-07,-0.0327978) 
49 (-4.56318e-07,-0.032136) (4.40238e-07,-0.032136) 
50 (-4.43138e-07,-0.0315002) (4.77327e-07,-0.0315003) 
51 (-4.36259e-07,-0.0308892) (4.1605e-07,-0.0308892) 
52 (-4.06991e-07,-0.0303014) (3.8506e-07,-0.0303014) 
53 (-3.84051e-07,-0.0297355) (3.26443e-07,-0.0297354) 
54 (-3.54594e-07,-0.0291903) (3.19968e-07,-0.0291904) 
55 (-3.50541e-07,-0.0286648) (2.63325e-07,-0.0286648) 
56 (-3.09487e-07,-0.0281579) (2.83588e-07,-0.0281579) 
57 (-3.02975e-07,-0.0276685) (2.90759e-07,-0.0276686) 
58 (-2.15103e-07,-0.0271959) (2.92979e-07,-0.0271959) 
59 (-2.45156e-07,-0.0267392) (2.53588e-07,-0.0267392) 
60 (-2.72708e-07,-0.0262975) (2.25813e-07,-0.0262975) 
61 (-1.92023e-07,-0.0258702) (2.35643e-07,-0.0258702) 
62 (-1.73106e-07,-0.0254566) (2.301e-07,-0.0254566) 
63 (-2.05207e-07,-0.0250559) (2.4355e-07,-0.0250559) 
64 (-1.62307e-07,-0.0246677) (1.77146e-07,-0.0246676) 
65 (-1.80137e-07,-0.0242913) (1.58175e-07,-0.0242913) 
66 (-1.59772e-07,-0.0239262) (1.78162e-07,-0.0239263) 
67 (-1.50163e-07,-0.023572) (1.82646e-07,-0.023572) 
68 (-1.33373e-07,-0.0232281) (1.37002e-07,-0.023228) 
69 (-1.18418e-07,-0.022894) (1.55117e-07,-0.022894) 
70 (-1.1071e-07,-0.0225694) (1.03277e-07,-0.0225694) 
71 (-1.36006e-07,-0.0222539) (1.22471e-07,-0.0222539) 
72 (-9.13692e-08,-0.0219471) (1.17243e-07,-0.0219472) 
73 (-9.41525e-08,-0.0216487) (9.44148e-08,-0.0216487) 
74 (-1.13992e-07,-0.0213582) (1.2205e-07,-0.0213582) 
75 (-7.34052e-08,-0.0210754) (9.51083e-08,-0.0210754) 
76 (-7.49223e-08,-0.0208001) (9.14124e-08,-0.0208001) 
77 (-9.61375e-08,-0.0205318) (6.92849e-08,-0.0205318) 
78 (-6.53634e-08,-0.0202703) (7.94601e-08,-0.0202704) 
79 (-7.85905e-08,-0.0200155) (6.30495e-08,-0.0200155) 
80 (-7.94875e-08,-0.019767) (7.43444e-08,-0.0197669) 
81 (-7.75658e-08,-0.0195245) (7.39758e-08,-0.0195245) 
82 (-6.81051e-08,-0.0192879) (4.99504e-08,-0.0192879) 
83 (-6.87766e-08,-0.019057) (5.7773e-08,-0.019057) 
84 (-4.51365e-08,-0.0188316) (4.74337e-08,-0.0188316) 
85 (-5.20798e-08,-0.0186114) (6.86477e-08,-0.0186114) 
86 (-5.32949e-08,-0.0183963) (4.82997e-08,-0.0183963) 
87 (-5.4499e-08,-0.0181861) (3.71257e-08,-0.0181861) 
88 (-6.71113e-08,-0.0179807) (5.49382e-08,-0.0179807) 
89 (-5.05092e-08,-0.0177799) (2.78055e-08,-0.0177799) 
90 (-4.55486e-08,-0.0175835) (5.08488e-08,-0.0175835) 
91 (-4.11691e-08,-0.0173914) (3.1941e-08,-0.0173914) 
92 (-3.78447e-08,-0.0172034) (3.22603e-08,-0.0172034) 
93 (-2.70216e-08,-0.0170195) (4.91626e-08,-0.0170195) 
94 (-3.54748e-08,-0.0168394) (2.40872e-08,-0.0168394) 
95 (-2.77687e-08,-0.0166631) (4.6824e-08,-0.0166631) 
96 (-3.1861e-08,-0.0164905) (3.66623e-08,-0.0164905) 
97 (-3.93898e-08,-0.0163214) (3.71906e-08,-0.0163214) 
98 (-3.40003e-08,-0.0161558) (2.90492e-08,-0.0161558) 
99 (-3.31315e-08,-0.0159934) (4.69045e-08,-0.0159934) 
100 (-2.02822e-08,-0.0158343) (3.83036e-08,-0.0158343) 
101 (-2.94174e-08,-0.0156784) (3.11498e-08,-0.0156784) 
102 (-3.30806e-08,-0.0155254) (3.01082e-08,-0.0155255) 
103 (-2.16901e-08,-0.0153755) (3.1519e-08,-0.0153755) 
104 (-3.59504e-08,-0.0152284) (4.30835e-08,-0.0152284) 
105 (-2.20766e-08,-0.0150841) (2.90983e-08,-0.0150841) 
106 (-3.17862e-08,-0.0149425) (3.21358e-08,-0.0149425) 
107 (-2.48021e-08,-0.0148035) (2.70359e-08,-0.0148035) 
108 (-1.63833e-08,-0.0146671) (1.82497e-08,-0.0146671) 
109 (-2.64064e-08,-0.0145332) (2.21919e-08,-0.0145332) 
110 (-1.92205e-08,-0.0144017) (2.42448e-08,-0.0144017) 
111 (-1.85031e-08,-0.0142725) (2.52672e-08,-0.0142725) 
112 (-1.44647e-08,-0.0141457) (1.72926e-08,-0.0141457) 
113 (-1.59679e-08,-0.0140211) (1.93425e-08,-0.0140211) 
114 (-2.03009e-08,-0.0138987) (2.20311e-08,-0.0138987) 
115 (-8.94997e-09,-0.0137783) (2.07891e-08,-0.0137783) 
116 (-1.37493e-08,-0.0136601) (1.30149e-08,-0.0136601) 
117 (-1.44592e-08,-0.0135439) (2.36212e-08,-0.0135439) 
118 (-1.29479e-08,-0.0134296) (1.98394e-08,-0.0134296) 
119 (-1.66945e-08,-0.0133172) (1.46962e-08,-0.0133172) 
120 (-1.2705e-08,-0.0132067) (1.36566e-08,-0.0132067) 
121 (-1.30746e-08,-0.013098) (8.71379e-09,-0.013098) 
122 (-1.0955e-08,-0.0129911) (1.57447e-08,-0.0129911) 
123 (-1.74973e-08,-0.012886) (1.09848e-08,-0.012886) 
124 (-1.31906e-08,-0.0127825) (8.85101e-09,-0.0127825) 
125 (-1.40424e-08,-0.0126806) (1.21948e-08,-0.0126807) 
126 (-9.65174e-09,-0.0125804) (1.74486e-08,-0.0125804) 
127 (-1.19518e-08,-0.0124818) (1.39124e-08,-0.0124818) 
128 (-7.83376e-09,-0.0123846) (1.12658e-08,-0.0123847) 
129 (-1.08806e-08,-0.012289) (1.45531e-08,-0.012289) 
130 (-9.37824e-09,-0.0121949) (1.31941e-08,-0.0121949) 
131 (-1.03895e-08,-0.0121022) (1.1703e-08,-0.0121022) 
132 (-9.71216e-09,-0.0120108) (1.20284e-08,-0.0120108) 
133 (-7.8283e-09,-0.0119209) (8.58582e-09,-0.0119209) 
134 (-1.00836e-08,-0.0118323) (1.07495e-08,-0.0118323) 
135 (-1.06123e-08,-0.0117449) (1.0681e-09,-0.0117449) 
136 (-7.01683e-09,-0.0116589) (1.47375e-08,-0.0116589) 
137 (-7.91459e-09,-0.0115741) (6.94517e-09,-0.0115741) 
138 (-8.7888e-09,-0.0114906) (8.65233e-09,-0.0114906) 
139 (-9.9972e-09,-0.0114082) (6.25437e-09,-0.0114082) 
140 (-5.89806e-09,-0.011327) (9.9119e-09,-0.011327) 
141 (-9.81304e-09,-0.011247) (8.98333e-09,-0.011247) 
142 (-4.64292e-09,-0.0111681) (6.66312e-09,-0.0111681) 
143 (-6.86447e-09,-0.0110903) (1.30045e-08,-0.0110903) 
144 (-4.84411e-09,-0.0110135) (5.5326e-09,-0.0110135) 
145 (-6.71082e-09,-0.0109378) (5.13871e-09,-0.0109378) 
146 (-4.8131e-09,-0.0108632) (8.11272e-09,-0.0108632) 
147 (-6.98153e-09,-0.0107895) (5.14425e-09,-0.0107895) 
148 (-6.95907e-09,-0.0107169) (5.15103e-09,-0.0107169) 
149 (-8.77478e-09,-0.0106452) (7.32766e-09,-0.0106452) 
150 (-3.94208e-09,-0.0105745) (4.40817e-09,-0.0105745) 
151 (-6.28694e-09,-0.0105047) (7.9671e-09,-0.0105047) 
152 (-7.07635e-09,-0.0104358) (4.68744e-09,-0.0104358) 
153 (-1.16439e-09,-0.0103678) (6.38343e-09,-0.0103678) 
154 (-5.89412e-09,-0.0103007) (6.45841e-09,-0.0103007) 
155 (-5.3083e-09,-0.0102345) (4.27674e-09,-0.0102345) 
156 (-3.89669e-09,-0.0101691) (8.3403e-09,-0.0101691) 
157 (-4.91738e-09,-0.0101046) (4.68254e-09,-0.0101046) 
158 (-4.64329e-09,-0.0100408) (2.98821e-09,-0.0100408) 
159 (-4.38665e-09,-0.00997787) (7.65284e-09,-0.00997787) 
160 (-1.3793e-09,-0.00991571) (3.22918e-09,-0.0099157) 
161 (-3.4047e-09,-0.00985432) (2.71299e-09,-0.00985432) 
162 (-2.8673e-09,-0.00979368) (3.97266e-09,-0.00979368) 
163 (-2.18843e-09,-0.00973379) (6.95276e-09,-0.00973379) 
164 (-4.13616e-09,-0.00967462) (1.47817e-09,-0.00967462) 
165 (-2.51418e-09,-0.00961617) (2.28853e-09,-0.00961617) 
166 (-4.71557e-09,-0.00955842) (1.99536e-09,-0.00955842) 
167 (-3.79289e-09,-0.00950136) (3.52168e-09,-0.00950136) 
168 (-3.16564e-09,-0.00944497) (5.31912e-09,-0.00944498) 
169 (-2.94597e-09,-0.00938926) (4.9609e-09,-0.00938926) 
170 (-3.88623e-09,-0.0093342) (5.4268e-09,-0.00933419) 
171 (-3.18014e-09,-0.00927977) (1.17701e-09,-0.00927977) 
172 (-5.82136e-09,-0.00922598) (4.10115e-09,-0.00922598) 
173 (-1.55819e-09,-0.00917281) (3.97322e-09,-0.00917281) 
174 (-2.31882e-09,-0.00912025) (2.9439e-09,-0.00912025) 
175 (-4.79156e-09,-0.00906828) (3.9192e-09,-0.00906829) 
176 (-2.50387e-09,-0.00901691) (3.05515e-09,-0.00901691) 
177 (-2.80803e-09,-0.00896611) (1.4963e-09,-0.00896612) 
178 (-3.63859e-09,-0.00891589) (4.25117e-09,-0.00891589) 
179 (-2.84296e-09,-0.00886622) (1.80757e-09,-0.00886622) 
180 (-2.38099e-09,-0.0088171) (3.32802e-09,-0.00881711) 
181 (-2.16933e-09,-0.00876853) (2.60083e-09,-0.00876853) 
182 (-1.93057e-09,-0.00872049) (4.8395e-09,-0.00872049) 
183 (-1.29979e-09,-0.00867297) (3.77652e-09,-0.00867297) 
184 (-3.26266e-09,-0.00862596) (1.61288e-09,-0.00862596) 
185 (-1.62553e-09,-0.00857947) (3.51233e-09,-0.00857947) 
186 (-3.41542e-10,-0.00853347) (3.94165e-09,-0.00853347) 
187 (-2.35498e-09,-0.00848796) (4.16911e-09,-0.00848796) 
188 (-2.30093e-09,-0.00844293) (3.45925e-09,-0.00844293) 
189 (-3.75419e-09,-0.00839838) (2.74605e-09,-0.00839838) 
190 (-1.5573e-09,-0.0083543) (4.08205e-09,-0.0083543) 
191 (-2.3351e-09,-0.00831068) (4.25533e-09,-0.00831068) 
192 (-2.2151e-09,-0.00826751) (1.91388e-09,-0.00826751) 
193 (-1.43868e-09,-0.00822478) (3.67893e-09,-0.00822478) 
194 (-1.99256e-09,-0.0081825) (1.33434e-09,-0.0081825) 
195 (-1.19842e-09,-0.00814065) (3.37259e-09,-0.00814065) 
196 (-2.5954e-09,-0.00809922) (2.58745e-09,-0.00809922) 
197 (-1.50866e-09,-0.00805822) (3.31593e-09,-0.00805822) 
198 (-6.62491e-10,-0.00801762) (8.49651e-10,-0.00801762) 
199 (-1.47299e-09,-0.00797744) (3.90164e-09,-0.00797744) 
200 (-1.17506e-09,-0.00793765) (2.67002e-09,-0.00793765) 
201 (-2.0064e-09,-0.00789826) (1.99523e-09,-0.00789826) 
202 (-1.20033e-09,-0.00785926) (1.55148e-09,-0.00785926) 
203 (-4.86336e-11,-0.00782064) (1.505e-09,-0.00782064) 
204 (-1.31422e-09,-0.0077824) (2.77382e-09,-0.0077824) 
205 (-1.28468e-09,-0.00774453) (2.31088e-09,-0.00774453) 
206 (3.18623e-10,-0.00770703) (1.42711e-09,-0.00770703) 
207 (-1.92379e-09,-0.00766989) (2.32861e-09,-0.00766989) 
208 (-2.14824e-09,-0.00763311) (1.33815e-09,-0.00763311) 
209 (-2.41393e-10,-0.00759668) (3.16462e-09,-0.00759667) 
210 (-1.95051e-09,-0.00756059) (1.85454e-09,-0.00756059) 
211 (-6.62151e-10,-0.00752484) (1.16623e-09,-0.00752484) 
212 (5.55077e-11,-0.00748943) (2.29886e-09,-0.00748943) 
213 (-9.28546e-10,-0.00745436) (1.99174e-09,-0.00745436) 
214 (-1.21685e-09,-0.00741961) (1.66072e-09,-0.00741961) 
215 (-1.62971e-09,-0.00738518) (1.98334e-09,-0.00738518) 
216 (-1.11145e-09,-0.00735107) (2.30969e-09,-0.00735107) 
217 (-7.05488e-10,-0.00731727) (1.44845e-09,-0.00731727) 
218 (-1.15109e-09,-0.00728379) (2.20345e-09,-0.00728379) 
219 (-1.0912e-09,-0.0072506) (1.21895e-09,-0.0072506) 
220 (1.18073e-10,-0.00721772) (1.45398e-09,-0.00721772) 
221 (-7.50102e-10,-0.00718514) (2.5583e-09,-0.00718514) 
222 (-1.16282e-09,-0.00715285) (9.97204e-10,-0.00715285) 
223 (-9.89203e-10,-0.00712085) (1.69093e-09,-0.00712085) 
224 (-1.12549e-09,-0.00708913) (8.50465e-10,-0.00708913) 
225 (-9.32985e-10,-0.00705769) (1.7205e-09,-0.00705769) 
226 (-6.28952e-10,-0.00702654) (1.88867e-09,-0.00702654) 
227 (-1.01552e-09,-0.00699565) (1.71128e-09,-0.00699565) 
228 (-1.18826e-09,-0.00696504) (9.06561e-10,-0.00696504) 
229 (-1.06289e-09,-0.00693469) (9.6525e-10,-0.00693469) 
230 (-1.28828e-09,-0.00690461) (1.50358e-09,-0.00690461) 
231 (-1.15654e-09,-0.00687478) (1.39112e-09,-0.00687478) 
232 (-1.08585e-09,-0.00684521) (1.46981e-09,-0.00684521) 
233 (-9.09869e-10,-0.0068159) (1.49184e-09,-0.0068159) 
234 (-1.06855e-09,-0.00678684) (1.26106e-09,-0.00678684) 
235 (-1.19824e-09,-0.00675802) (6.41721e-10,-0.00675802) 
236 (-7.178e-10,-0.00672944) (1.16235e-09,-0.00672944) 
237 (-1.06374e-09,-0.00670111) (5.02884e-10,-0.00670111) 
238 (-6.27404e-10,-0.00667301) (9.9983e-10,-0.00667302) 
239 (-8.45286e-10,-0.00664515) (1.8272e-09,-0.00664515) 
240 (-5.12423e-10,-0.00661752) (1.13733e-09,-0.00661752) 
241 (-9.70121e-10,-0.00659012) (1.15428e-09,-0.00659012) 
242 (-9.13329e-10,-0.00656295) (1.12189e-09,-0.00656295) 
243 (-9.10945e-10,-0.006536) (1.0835e-09,-0.006536) 
244 (-1.17552e-09,-0.00650927) (1.27773e-09,-0.00650927) 
245 (-1.09539e-09,-0.00648275) (7.65878e-10,-0.00648275) 
246 (-8.20439e-10,-0.00645646) (9.43034e-10,-0.00645646) 
247 (-6.96268e-10,-0.00643037) (5.33742e-10,-0.00643037) 
248 (-9.44195e-10,-0.00640449) (1.06489e-09,-0.00640449) 
249 (-1.32742e-09,-0.00637883) (1.15555e-09,-0.00637883) 
250 (-1.302e-09,-0.00635336) (1.1342e-09,-0.00635336) 
251 (-8.96345e-10,-0.0063281) (1.00864e-09,-0.0063281) 
252 (-6.46409e-10,-0.00630304) (5.02248e-10,-0.00630304) 
253 (-7.33035e-10,-0.00627818) (8.36651e-10,-0.00627818) 
254 (-9.32155e-10,-0.00625351) (6.66633e-10,-0.00625351) 
255 (-9.61918e-10,-0.00622904) (1.04038e-09,-0.00622904) 
256 (-7.35073e-10,-0.00620475) (8.61337e-10,-0.00620475) 
257 (-7.14157e-10,-0.00618066) (8.59616e-10,-0.00618066) 
258 (-7.30288e-10,-0.00615675) (8.52688e-10,-0.00615675) 
259 (-4.17838e-10,-0.00613302) (8.13784e-10,-0.00613302) 
260 (-6.11078e-10,-0.00610948) (1.20404e-09,-0.00610948) 
261 (-4.68776e-10,-0.00608612) (6.83084e-10,-0.00608612) 
262 (-6.97877e-10,-0.00606293) (3.90167e-10,-0.00606293) 
263 (-4.95974e-10,-0.00603993) (7.2831e-10,-0.00603993) 
264 (-7.23714e-10,-0.00601709) (4.46401e-10,-0.00601709) 
265 (-6.39773e-10,-0.00599443) (7.3111e-10,-0.00599443) 
266 (-5.49515e-10,-0.00597194) (8.12746e-10,-0.00597194) 
267 (-6.1111e-10,-0.00594961) (7.76576e-10,-0.00594961) 
268 (-6.22924e-10,-0.00592745) (7.19225e-10,-0.00592745) 
269 (-6.56653e-10,-0.00590546) (7.40861e-10,-0.00590546) 
270 (-5.53096e-10,-0.00588363) (5.16603e-10,-0.00588363) 
271 (-5.82987e-10,-0.00586196) (4.82798e-10,-0.00586196) 
272 (-5.08359e-10,-0.00584045) (7.43872e-10,-0.00584045) 
273 (-3.70977e-10,-0.00581909) (7.7729e-10,-0.00581909) 
274 (-4.58183e-10,-0.0057979) (7.00144e-10,-0.0057979) 
275 (-5.04123e-10,-0.00577685) (4.23513e-10,-0.00577685) 
276 (-4.53444e-10,-0.00575596) (6.49094e-10,-0.00575596) 
277 (-4.89249e-10,-0.00573522) (4.45156e-10,-0.00573522) 
278 (-3.72693e-10,-0.00571463) (8.3027e-10,-0.00571463) 
279 (-1.56763e-10,-0.00569418) (5.35672e-10,-0.00569418) 
280 (-4.38014e-10,-0.00567388) (4.6726e-10,-0.00567388) 
281 (-4.41246e-10,-0.00565373) (6.71307e-10,-0.00565373) 
282 (-3.38344e-10,-0.00563371) (4.93e-10,-0.00563371) 
283 (-4.13614e-10,-0.00561384) (6.51196e-10,-0.00561384) 
284 (-5.0259e-10,-0.00559411) (5.69293e-10,-0.00559411) 
285 (-4.15095e-10,-0.00557452) (4.94837e-10,-0.00557452) 
286 (-3.56591e-10,-0.00555506) (5.38578e-10,-0.00555506) 
287 (-1.89733e-10,-0.00553574) (5.73533e-10,-0.00553574) 
288 (-3.02668e-10,-0.00551655) (3.80825e-10,-0.00551655) 
289 (-4.89113e-10,-0.0054975) (4.74835e-10,-0.0054975) 
290 (-2.35683e-10,-0.00547857) (6.46833e-10,-0.00547857) 
291 (-4.90159e-10,-0.00545978) (3.81582e-10,-0.00545978) 
292 (-4.48349e-10,-0.00544111) (4.99849e-10,-0.00544111) 
293 (-1.65062e-10,-0.00542258) (3.76734e-10,-0.00542258) 
294 (-3.52495e-10,-0.00540416) (4.70867e-10,-0.00540416) 
295 (-3.48948e-10,-0.00538588) (5.09198e-10,-0.00538588) 
296 (-2.09956e-10,-0.00536771) (3.62096e-10,-0.00536771) 
297 (-3.24475e-10,-0.00534967) (3.59303e-10,-0.00534967) 
298 (-3.95089e-10,-0.00533175) (3.93934e-10,-0.00533175) 
299 (-3.1108e-10,-0.00531395) (4.45553e-10,-0.00531395) 
300 (-3.31432e-10,-0.00529626) (5.39291e-10,-0.00529626) 
301 (-2.59195e-10,-0.0052787) (2.7434e-10,-0.0052787) 
302 (-3.21967e-10,-0.00526125) (4.61857e-10,-0.00526125) 
303 (-3.96098e-10,-0.00524391) (3.95415e-10,-0.00524391) 
304 (-2.88611e-10,-0.00522669) (4.40802e-10,-0.00522669) 
305 (-3.37067e-10,-0.00520958) (2.93132e-10,-0.00520958) 
306 (-2.951e-10,-0.00519259) (4.36848e-10,-0.00519259) 
307 (-3.36928e-10,-0.0051757) (3.18701e-10,-0.0051757) 
308 (-3.36743e-10,-0.00515892) (4.4651e-10,-0.00515892) 
309 (-2.87326e-10,-0.00514226) (4.24521e-10,-0.00514226) 
310 (-3.96108e-10,-0.0051257) (3.43913e-10,-0.0051257) 
311 (-3.14505e-10,-0.00510924) (3.7129e-10,-0.00510924) 
312 (-3.10769e-10,-0.00509289) (3.95318e-10,-0.00509289) 
313 (-2.15369e-10,-0.00507665) (3.74855e-10,-0.00507665) 
314 (-2.6798e-10,-0.00506051) (3.47334e-10,-0.00506051) 
315 (-3.29293e-10,-0.00504447) (2.63216e-10,-0.00504447) 
316 (-2.47413e-10,-0.00502853) (3.41394e-10,-0.00502853) 
317 (-2.66886e-10,-0.00501269) (3.71715e-10,-0.00501269) 
318 (-2.70726e-10,-0.00499695) (2.8541e-10,-0.00499695) 
319 (-2.73e-10,-0.00498131) (3.03698e-10,-0.00498131) 
320 (-2.82458e-10,-0.00496577) (2.5041e-10,-0.00496577) 
321 (-3.00407e-10,-0.00495033) (3.18259e-10,-0.00495033) 
322 (-2.70965e-10,-0.00493498) (2.34408e-10,-0.00493498) 
323 (-2.58013e-10,-0.00491972) (2.72463e-10,-0.00491972) 
324 (-3.10922e-10,-0.00490456) (2.88999e-10,-0.00490456) 
325 (-2.4508e-10,-0.00488949) (2.59829e-10,-0.00488949) 
326 (-2.24122e-10,-0.00487452) (2.78413e-10,-0.00487452) 
327 (-3.12338e-10,-0.00485964) (2.75514e-10,-0.00485964) 
328 (-2.51392e-10,-0.00484484) (2.10742e-10,-0.00484484) 
329 (-2.60563e-10,-0.00483014) (2.9005e-10,-0.00483014) 
330 (-2.38514e-10,-0.00481552) (2.75094e-10,-0.00481552) 
331 (-2.38438e-10,-0.004801) (2.75493e-10,-0.004801) 
332 (-2.44754e-10,-0.00478656) (2.40234e-10,-0.00478656) 
333 (-2.54699e-10,-0.00477221) (2.12487e-10,-0.00477221) 
334 (-2.1746e-10,-0.00475794) (2.14064e-10,-0.00475794) 
335 (-2.36943e-10,-0.00474376) (1.99924e-10,-0.00474376) 
336 (-2.07153e-10,-0.00472966) (2.69763e-10,-0.00472966) 
337 (-2.12959e-10,-0.00471565) (2.26648e-10,-0.00471565) 
338 (-2.16265e-10,-0.00470172) (2.08022e-10,-0.00470172) 
339 (-1.9037e-10,-0.00468787) (2.1094e-10,-0.00468787) 
340 (-2.20178e-10,-0.0046741) (2.54605e-10,-0.0046741) 
341 (-2.19105e-10,-0.00466042) (2.02477e-10,-0.00466042) 
342 (-2.18041e-10,-0.00464681) (2.15739e-10,-0.00464681) 
343 (-2.0524e-10,-0.00463328) (2.44905e-10,-0.00463328) 
344 (-2.14129e-10,-0.00461983) (2.05323e-10,-0.00461983) 
345 (-2.15207e-10,-0.00460646) (2.19639e-10,-0.00460646) 
346 (-1.75714e-10,-0.00459317) (2.15086e-10,-0.00459317) 
347 (-2.16303e-10,-0.00457995) (1.99158e-10,-0.00457995) 
348 (-2.07025e-10,-0.00456681) (2.18288e-10,-0.00456681) 
349 (-1.88562e-10,-0.00455374) (1.91456e-10,-0.00455374) 
350 (-2.15107e-10,-0.00454075) (2.06315e-10,-0.00454075) 
351 (-2.00673e-10,-0.00452783) (1.90315e-10,-0.00452783) 
352 (-1.97417e-10,-0.00451499) (1.87477e-10,-0.00451499) 
353 (-1.83163e-10,-0.00450222) (1.99806e-10,-0.00450222) 
354 (-1.89701e-10,-0.00448952) (1.82109e-10,-0.00448952) 
355 (-1.78306e-10,-0.00447689) (1.81337e-10,-0.00447689) 
356 (-1.84502e-10,-0.00446433) (2.10548e-10,-0.00446433) 
357 (-1.7277e-10,-0.00445184) (1.80801e-10,-0.00445184) 
358 (-1.90102e-10,-0.00443942) (1.86891e-10,-0.00443942) 
359 (-1.72865e-10,-0.00442708) (1.87097e-10,-0.00442708) 
360 (-1.84269e-10,-0.0044148) (1.71629e-10,-0.0044148) 
361 (-1.77356e-10,-0.00440258) (1.76853e-10,-0.00440258) 
362 (-1.71993e-10,-0.00439044) (1.69034e-10,-0.00439044) 
363 (-1.6696e-10,-0.00437836) (1.8854e-10,-0.00437836) 
364 (-1.74161e-10,-0.00436635) (1.48901e-10,-0.00436635) 
365 (-1.70067e-10,-0.0043544) (1.71651e-10,-0.0043544) 
366 (-1.62189e-10,-0.00434252) (1.6389e-10,-0.00434252) 
367 (-1.64119e-10,-0.00433071) (1.6914e-10,-0.00433071) 
368 (-1.63127e-10,-0.00431895) (1.65772e-10,-0.00431895) 
369 (-1.58764e-10,-0.00430727) (1.66104e-10,-0.00430727) 
370 (-1.593e-10,-0.00429564) (1.65931e-10,-0.00429564) 
371 (-1.51777e-10,-0.00428408) (1.57589e-10,-0.00428408) 
372 (-1.56487e-10,-0.00427258) (1.59575e-10,-0.00427258) 
373 (-1.50748e-10,-0.00426114) (1.62453e-10,-0.00426114) 
374 (-1.54986e-10,-0.00424976) (1.52305e-10,-0.00424976) 
375 (-1.51545e-10,-0.00423844) (1.45715e-10,-0.00423844) 
376 (-1.54748e-10,-0.00422719) (1.46571e-10,-0.00422719) 
377 (-1.44677e-10,-0.00421599) (1.50208e-10,-0.00421599) 
378 (-1.45132e-10,-0.00420485) (1.40298e-10,-0.00420485) 
379 (-1.42795e-10,-0.00419377) (1.43708e-10,-0.00419377) 
380 (-1.44748e-10,-0.00418275) (1.42769e-10,-0.00418275) 
381 (-1.39316e-10,-0.00417178) (1.45446e-10,-0.00417178) 
382 (-1.38804e-10,-0.00416088) (1.46443e-10,-0.00416088) 
383 (-1.36431e-10,-0.00415003) (1.35794e-10,-0.00415003) 
384 (-1.31179e-10,-0.00413923) (1.3982e-10,-0.00413923) 
385 (-1.37528e-10,-0.0041285) (1.38658e-10,-0.0041285) 
386 (-1.32822e-10,-0.00411782) (1.34928e-10,-0.00411782) 
387 (-1.30241e-10,-0.00410719) (1.31877e-10,-0.00410719) 
388 (-1.30926e-10,-0.00409662) (1.34649e-10,-0.00409662) 
389 (-1.29617e-10,-0.0040861) (1.3218e-10,-0.0040861) 
390 (-1.31453e-10,-0.00407564) (1.29347e-10,-0.00407564) 
391 (-1.25063e-10,-0.00406523) (1.25853e-10,-0.00406523) 
392 (-1.27141e-10,-0.00405487) (1.28029e-10,-0.00405487) 
393 (-1.28204e-10,-0.00404457) (1.28287e-10,-0.00404457) 
394 (-1.22831e-10,-0.00403431) (1.25346e-10,-0.00403431) 
395 (-1.26042e-10,-0.00402411) (1.28415e-10,-0.00402411) 
396 (-1.19729e-10,-0.00401396) (1.22785e-10,-0.00401396) 
397 (-1.21659e-10,-0.00400387) (1.20731e-10,-0.00400387) 
398 (-1.19038e-10,-0.00399382) (1.19459e-10,-0.00399382) 
399 (-1.15226e-10,-0.00398382) (1.19742e-10,-0.00398382) 
400 (-1.16963e-10,-0.00397387) (1.2015e-10,-0.00397387) 
401 (-1.15678e-10,-0.00396398) (1.14547e-10,-0.00396398) 
402 (-1.15324e-10,-0.00395413) (1.14828e-10,-0.00395413) 
403 (-1.12434e-10,-0.00394433) (1.13282e-10,-0.00394433) 
404 (-1.10395e-10,-0.00393458) (1.13646e-10,-0.00393458) 
405 (-1.1039e-10,-0.00392488) (1.08515e-10,-0.00392488) 
406 (-1.07835e-10,-0.00391522) (1.11066e-10,-0.00391522) 
407 (-1.08146e-10,-0.00390561) (1.07333e-10,-0.00390561) 
408 (-1.07309e-10,-0.00389605) (1.06095e-10,-0.00389605) 
409 (-1.06565e-10,-0.00388654) (1.07134e-10,-0.00388654) 
410 (-1.05838e-10,-0.00387707) (1.0335e-10,-0.00387707) 
411 (-1.06215e-10,-0.00386765) (1.04963e-10,-0.00386765) 
412 (-1.03706e-10,-0.00385827) (1.02076e-10,-0.00385827) 
413 (-1.02382e-10,-0.00384894) (1.01917e-10,-0.00384894) 
414 (-1.01109e-10,-0.00383966) (1.0234e-10,-0.00383966) 
415 (-9.94787e-11,-0.00383042) (9.95955e-11,-0.00383042) 
416 (-9.99461e-11,-0.00382122) (9.91859e-11,-0.00382122) 
417 (-9.87365e-11,-0.00381207) (9.76102e-11,-0.00381207) 
418 (-9.81207e-11,-0.00380296) (9.78802e-11,-0.00380296) 
419 (-9.70731e-11,-0.00379389) (9.67719e-11,-0.00379389) 
420 (-9.59139e-11,-0.00378487) (9.516e-11,-0.00378487) 
421 (-9.42795e-11,-0.00377589) (9.48244e-11,-0.00377589) 
422 (-9.44484e-11,-0.00376695) (9.33819e-11,-0.00376695) 
423 (-9.2629e-11,-0.00375806) (9.31593e-11,-0.00375806) 
424 (-9.15961e-11,-0.00374921) (9.22409e-11,-0.00374921) 
425 (-9.18101e-11,-0.0037404) (9.20002e-11,-0.0037404) 
426 (-9.02512e-11,-0.00373163) (9.02163e-11,-0.00373163) 
427 (-8.92242e-11,-0.0037229) (8.97986e-11,-0.0037229) 
428 (-8.92582e-11,-0.00371421) (8.89248e-11,-0.00371421) 
429 (-8.77657e-11,-0.00370556) (8.75795e-11,-0.00370556) 
430 (-8.69809e-11,-0.00369695) (8.75905e-11,-0.00369695) 
431 (-8.63094e-11,-0.00368839) (8.63275e-11,-0.00368839) 
432 (-8.56412e-11,-0.00367986) (8.60712e-11,-0.00367986) 
433 (-8.48557e-11,-0.00367137) (8.50561e-11,-0.00367137) 
434 (-8.41961e-11,-0.00366292) (8.38992e-11,-0.00366292) 
435 (-8.31094e-11,-0.00365451) (8.32273e-11,-0.00365451) 
436 (-8.26619e-11,-0.00364614) (8.29871e-11,-0.00364614) 
437 (-8.15142e-11,-0.0036378) (8.19608e-11,-0.0036378) 
438 (-8.08364e-11,-0.00362951) (8.11308e-11,-0.00362951) 
439 (-8.05687e-11,-0.00362125) (8.0212e-11,-0.00362125) 
440 (-7.95455e-11,-0.00361303) (7.95596e-11,-0.00361303) 
441 (-7.857e-11,-0.00360485) (7.89549e-11,-0.00360485) 
442 (-7.82198e-11,-0.0035967) (7.81244e-11,-0.0035967) 
443 (-7.74449e-11,-0.00358859) (7.72979e-11,-0.00358859) 
444 (-7.68165e-11,-0.00358052) (7.64499e-11,-0.00358052) 
445 (-7.60488e-11,-0.00357248) (7.5897e-11,-0.00357248) 
446 (-7.53742e-11,-0.00356448) (7.51682e-11,-0.00356448) 
447 (-7.46817e-11,-0.00355651) (7.45895e-11,-0.00355651) 
448 (-7.4009e-11,-0.00354858) (7.39279e-11,-0.00354858) 
449 (-7.32938e-11,-0.00354069) (7.33281e-11,-0.00354069) 
450 (-7.26048e-11,-0.00353283) (7.25423e-11,-0.00353283) 
451 (-7.20893e-11,-0.003525) (7.20297e-11,-0.003525) 
452 (-7.1314e-11,-0.00351721) (7.13701e-11,-0.00351721) 
453 (-7.07597e-11,-0.00350946) (7.07532e-11,-0.00350946) 
454 (-7.00921e-11,-0.00350174) (7.0119e-11,-0.00350174) 
455 (-6.95315e-11,-0.00349405) (6.94275e-11,-0.00349405) 
456 (-6.90027e-11,-0.0034864) (6.898e-11,-0.0034864) 
457 (-6.82463e-11,-0.00347878) (6.82438e-11,-0.00347878) 
458 (-6.76965e-11,-0.00347119) (6.77608e-11,-0.00347119) 
459 (-6.71626e-11,-0.00346363) (6.71417e-11,-0.00346363) 
460 (-6.65863e-11,-0.00345611) (6.65331e-11,-0.00345611) 
461 (-6.59638e-11,-0.00344862) (6.59192e-11,-0.00344862) 
462 (-6.53766e-11,-0.00344117) (6.54376e-11,-0.00344117) 
463 (-6.48611e-11,-0.00343374) (6.47803e-11,-0.00343374) 
464 (-6.43059e-11,-0.00342635) (6.43034e-11,-0.00342635) 
465 (-6.37741e-11,-0.00341899) (6.37237e-11,-0.00341899) 
466 (-6.31937e-11,-0.00341166) (6.31813e-11,-0.00341166) 
467 (-6.26681e-11,-0.00340436) (6.26771e-11,-0.00340436) 
468 (-6.2137e-11,-0.0033971) (6.20912e-11,-0.0033971) 
469 (-6.15952e-11,-0.00338986) (6.15807e-11,-0.00338986) 
470 (-6.10817e-11,-0.00338266) (6.10516e-11,-0.00338266) 
471 (-6.05661e-11,-0.00337548) (6.05301e-11,-0.00337548) 
472 (-6.00461e-11,-0.00336834) (6.00433e-11,-0.00336834) 
473 (-5.95618e-11,-0.00336123) (5.95186e-11,-0.00336123) 
474 (-5.90524e-11,-0.00335414) (5.9032e-11,-0.00335414) 
475 (-5.85568e-11,-0.00334709) (5.85272e-11,-0.00334709) 
476 (-5.80668e-11,-0.00334006) (5.80253e-11,-0.00334006) 
477 (-5.75821e-11,-0.00333307) (5.75525e-11,-0.00333307) 
478 (-5.71042e-11,-0.0033261) (5.70718e-11,-0.0033261) 
479 (-5.66196e-11,-0.00331917) (5.66019e-11,-0.00331917) 
480 (-5.61601e-11,-0.00331226) (5.61262e-11,-0.00331226) 
481 (-5.56905e-11,-0.00330538) (5.56656e-11,-0.00330538) 
482 (-5.52299e-11,-0.00329853) (5.52032e-11,-0.00329853) 
483 (-5.47763e-11,-0.00329171) (5.47483e-11,-0.00329171) 
484 (-5.43234e-11,-0.00328491) (5.43002e-11,-0.00328491) 
485 (-5.38781e-11,-0.00327815) (5.38529e-11,-0.00327815) 
486 (-5.34364e-11,-0.00327141) (5.34097e-11,-0.00327141) 
487 (-5.29993e-11,-0.0032647) (5.29741e-11,-0.0032647) 
488 (-5.25664e-11,-0.00325802) (5.25419e-11,-0.00325802) 
489 (-5.21388e-11,-0.00325136) (5.21146e-11,-0.00325136) 
490 (-5.17149e-11,-0.00324473) (5.16897e-11,-0.00324473) 
491 (-5.12955e-11,-0.00323813) (5.12709e-11,-0.00323813) 
492 (-5.08798e-11,-0.00323156) (5.08556e-11,-0.00323156) 
493 (-5.04689e-11,-0.00322501) (5.0445e-11,-0.00322501) 
494 (-5.0062e-11,-0.00321849) (5.00382e-11,-0.00321849) 
495 (-4.96593e-11,-0.00321199) (4.96357e-11,-0.00321199) 
496 (-4.92607e-11,-0.00320552) (4.92372e-11,-0.00320552) 
497 (-4.88661e-11,-0.00319908) (4.88428e-11,-0.00319908) 
498 (-4.84755e-11,-0.00319266) (4.84524e-11,-0.00319266) 
499 (-4.80887e-11,-0.00318627) (4.80658e-11,-0.00318627) 
