0 (-0.269794,-0.575508) (-0.0321915,-1.03183) 
1 (-0.184214,-0.495639) (-0.0411347,-0.59462) 
2 (-0.108494,-0.388878) (-0.0343796,-0.422304) 
3 (-0.0681847,-0.310338) (-0.0246281,-0.325013) 
4 (-0.04585,-0.255126) (-0.0176196,-0.262711) 
5 (-0.0325946,-0.215359) (-0.0129568,-0.219741) 
6 (-0.0242181,-0.18575) (-0.00982513,-0.188494) 
7 (-0.0186382,-0.163013) (-0.00766152,-0.164838) 
8 (-0.0147558,-0.145079) (-0.00612021,-0.146351) 
9 (-0.0119553,-0.130609) (-0.0049904,-0.13153) 
10 (-0.00987378,-0.118709) (-0.00414088,-0.119397) 
11 (-0.00828691,-0.108761) (-0.00348772,-0.109288) 
12 (-0.00705084,-0.100329) (-0.00297565,-0.100741) 
13 (-0.00607006,-0.0930945) (-0.00256729,-0.0934226) 
14 (-0.00527925,-0.0868222) (-0.00223672,-0.0870878) 
15 (-0.00463263,-0.081334) (-0.00196555,-0.0815519) 
16 (-0.00409733,-0.0764927) (-0.00174047,-0.0766737) 
17 (-0.00364931,-0.0721911) (-0.00155167,-0.0723431) 
18 (-0.00327064,-0.0683444) (-0.00139182,-0.0684733) 
19 (-0.00294778,-0.0648845) (-0.00125531,-0.0649946) 
20 (-0.00267032,-0.0617561) (-0.00113783,-0.061851) 
21 (-0.00243014,-0.058914) (-0.00103603,-0.0589964) 
22 (-0.00222087,-0.0563208) (-0.000947247,-0.0563927) 
23 (-0.00203744,-0.0539454) (-0.000869358,-0.0540085) 
24 (-0.00187579,-0.0517614) (-0.00080066,-0.0518172) 
25 (-0.00173259,-0.0497468) (-0.000739767,-0.0497963) 
26 (-0.00160515,-0.0478826) (-0.000685543,-0.0479267) 
27 (-0.00149124,-0.0461526) (-0.000637053,-0.0461921) 
28 (-0.00138902,-0.044543) (-0.000593516,-0.0445784) 
29 (-0.00129695,-0.0430415) (-0.000554283,-0.0430735) 
30 (-0.00121372,-0.0416377) (-0.000518807,-0.0416667) 
31 (-0.00113824,-0.0403224) (-0.000486622,-0.0403487) 
32 (-0.00106958,-0.0390874) (-0.000457336,-0.0391114) 
33 (-0.00100694,-0.0379257) (-0.000430611,-0.0379476) 
34 (-0.00094964,-0.0368309) (-0.000406157,-0.0368509) 
35 (-0.000897089,-0.0357974) (-0.000383725,-0.0358158) 
36 (-0.000848778,-0.0348202) (-0.000363098,-0.0348372) 
37 (-0.000804263,-0.0338949) (-0.000344088,-0.0339105) 
38 (-0.000763157,-0.0330174) (-0.00032653,-0.0330319) 
39 (-0.00072512,-0.0321842) (-0.000310281,-0.0321975) 
40 (-0.000689856,-0.0313918) (-0.000295214,-0.0314042) 
41 (-0.0006571,-0.0306376) (-0.000281216,-0.0306491) 
42 (-0.000626621,-0.0299186) (-0.00026819,-0.0299293) 
43 (-0.000598213,-0.0292326) (-0.000256047,-0.0292426) 
44 (-0.000571692,-0.0285773) (-0.00024471,-0.0285867) 
45 (-0.000546896,-0.0279507) (-0.000234108,-0.0279595) 
46 (-0.000523677,-0.027351) (-0.00022418,-0.0273592) 
47 (-0.000501905,-0.0267764) (-0.00021487,-0.0267841) 
48 (-0.000481463,-0.0262255) (-0.000206127,-0.0262327) 
49 (-0.000462243,-0.0256967) (-0.000197907,-0.0257035) 
50 (-0.000444151,-0.0251888) (-0.000190169,-0.0251952) 
51 (-0.000427101,-0.0247006) (-0.000182875,-0.0247067) 
52 (-0.000411013,-0.024231) (-0.000175993,-0.0242367) 
53 (-0.000395816,-0.0237788) (-0.000169491,-0.0237842) 
54 (-0.000381447,-0.0233432) (-0.000163343,-0.0233483) 
55 (-0.000367846,-0.0229233) (-0.000157524,-0.0229281) 
56 (-0.000354959,-0.0225182) (-0.000152009,-0.0225228) 
57 (-0.000342738,-0.0221271) (-0.000146779,-0.0221315) 
58 (-0.000331136,-0.0217494) (-0.000141814,-0.0217536) 
59 (-0.000320114,-0.0213844) (-0.000137097,-0.0213883) 
60 (-0.000309633,-0.0210314) (-0.000132611,-0.0210351) 
61 (-0.000299658,-0.0206899) (-0.000128342,-0.0206934) 
62 (-0.000290157,-0.0203593) (-0.000124275,-0.0203626) 
63 (-0.000281101,-0.020039) (-0.000120399,-0.0200422) 
64 (-0.000272462,-0.0197287) (-0.000116701,-0.0197318) 
65 (-0.000264215,-0.0194278) (-0.000113171,-0.0194308) 
66 (-0.000256337,-0.019136) (-0.000109798,-0.0191388) 
67 (-0.000248806,-0.0188528) (-0.000106574,-0.0188555) 
68 (-0.000241601,-0.0185779) (-0.00010349,-0.0185804) 
69 (-0.000234706,-0.0183108) (-0.000100537,-0.0183133) 
70 (-0.000228101,-0.0180514) (-9.77096e-05,-0.0180537) 
71 (-0.000221771,-0.0177991) (-9.49993e-05,-0.0178014) 
72 (-0.000215701,-0.0175539) (-9.24003e-05,-0.017556) 
73 (-0.000209876,-0.0173152) (-8.99064e-05,-0.0173173) 
74 (-0.000204285,-0.017083) (-8.75121e-05,-0.017085) 
75 (-0.000198913,-0.016857) (-8.52122e-05,-0.0168589) 
76 (-0.000193751,-0.0166368) (-8.30017e-05,-0.0166386) 
77 (-0.000188787,-0.0164223) (-8.0876e-05,-0.0164241) 
78 (-0.000184012,-0.0162133) (-7.8831e-05,-0.016215) 
79 (-0.000179415,-0.0160095) (-7.68625e-05,-0.0160111) 
80 (-0.000174989,-0.0158107) (-7.49669e-05,-0.0158123) 
81 (-0.000170724,-0.0156169) (-7.31405e-05,-0.0156184) 
82 (-0.000166613,-0.0154277) (-7.138e-05,-0.0154292) 
83 (-0.000162649,-0.0152431) (-6.96822e-05,-0.0152445) 
84 (-0.000158824,-0.0150628) (-6.80444e-05,-0.0150642) 
85 (-0.000155133,-0.0148868) (-6.64635e-05,-0.0148881) 
86 (-0.000151569,-0.0147148) (-6.49372e-05,-0.0147161) 
87 (-0.000148127,-0.0145467) (-6.34627e-05,-0.014548) 
88 (-0.0001448,-0.0143825) (-6.2038e-05,-0.0143836) 
89 (-0.000141585,-0.0142219) (-6.06606e-05,-0.014223) 
90 (-0.000138475,-0.0140648) (-5.93286e-05,-0.0140659) 
91 (-0.000135466,-0.0139112) (-5.804e-05,-0.0139123) 
92 (-0.000132555,-0.0137609) (-5.67929e-05,-0.0137619) 
93 (-0.000129736,-0.0136138) (-5.55856e-05,-0.0136148) 
94 (-0.000127006,-0.0134698) (-5.44163e-05,-0.0134708) 
95 (-0.000124362,-0.0133288) (-5.32836e-05,-0.0133298) 
96 (-0.000121799,-0.0131908) (-5.21858e-05,-0.0131917) 
97 (-0.000119314,-0.0130556) (-5.11216e-05,-0.0130564) 
98 (-0.000116905,-0.0129231) (-5.00897e-05,-0.0129239) 
99 (-0.000114568,-0.0127933) (-4.90886e-05,-0.0127941) 
100 (-0.000112301,-0.012666) (-4.81173e-05,-0.0126668) 
101 (-0.0001101,-0.0125413) (-4.71745e-05,-0.0125421) 
102 (-0.000107963,-0.012419) (-4.62591e-05,-0.0124198) 
103 (-0.000105888,-0.0122991) (-4.53701e-05,-0.0122998) 
104 (-0.000103872,-0.0121814) (-4.45065e-05,-0.0121821) 
105 (-0.000101913,-0.012066) (-4.36674e-05,-0.0120667) 
106 (-0.000100009,-0.0119528) (-4.28517e-05,-0.0119534) 
107 (-9.81575e-05,-0.0118416) (-4.20586e-05,-0.0118423) 
108 (-9.63572e-05,-0.0117325) (-4.12874e-05,-0.0117332) 
109 (-9.4606e-05,-0.0116254) (-4.05372e-05,-0.011626) 
110 (-9.29021e-05,-0.0115203) (-3.98072e-05,-0.0115209) 
111 (-9.12438e-05,-0.011417) (-3.90968e-05,-0.0114176) 
112 (-8.96295e-05,-0.0113155) (-3.84052e-05,-0.0113161) 
113 (-8.80576e-05,-0.0112159) (-3.77318e-05,-0.0112164) 
114 (-8.65268e-05,-0.0111179) (-3.7076e-05,-0.0111185) 
115 (-8.50355e-05,-0.0110217) (-3.64371e-05,-0.0110223) 
116 (-8.35824e-05,-0.0109272) (-3.58146e-05,-0.0109277) 
117 (-8.21663e-05,-0.0108342) (-3.52079e-05,-0.0108347) 
118 (-8.07858e-05,-0.0107428) (-3.46165e-05,-0.0107433) 
119 (-7.94399e-05,-0.0106529) (-3.40399e-05,-0.0106534) 
120 (-7.81273e-05,-0.0105645) (-3.34775e-05,-0.010565) 
121 (-7.68469e-05,-0.0104776) (-3.2929e-05,-0.0104781) 
122 (-7.55978e-05,-0.0103921) (-3.23938e-05,-0.0103926) 
123 (-7.43789e-05,-0.010308) (-3.18716e-05,-0.0103084) 
124 (-7.31892e-05,-0.0102252) (-3.13619e-05,-0.0102257) 
125 (-7.20278e-05,-0.0101438) (-3.08643e-05,-0.0101442) 
126 (-7.08939e-05,-0.0100636) (-3.03785e-05,-0.010064) 
127 (-6.97865e-05,-0.00998471) (-2.9904e-05,-0.00998511) 
128 (-6.87049e-05,-0.00990703) (-2.94406e-05,-0.00990742) 
129 (-6.76482e-05,-0.00983055) (-2.89879e-05,-0.00983093) 
130 (-6.66157e-05,-0.00975524) (-2.85455e-05,-0.00975561) 
131 (-6.56067e-05,-0.00968108) (-2.81132e-05,-0.00968144) 
132 (-6.46204e-05,-0.00960803) (-2.76906e-05,-0.00960839) 
133 (-6.36562e-05,-0.00953608) (-2.72775e-05,-0.00953643) 
134 (-6.27134e-05,-0.0094652) (-2.68735e-05,-0.00946554) 
135 (-6.17914e-05,-0.00939537) (-2.64785e-05,-0.0093957) 
136 (-6.08895e-05,-0.00932655) (-2.60921e-05,-0.00932688) 
137 (-6.00073e-05,-0.00925874) (-2.57141e-05,-0.00925906) 
138 (-5.91441e-05,-0.00919191) (-2.53443e-05,-0.00919222) 
139 (-5.82994e-05,-0.00912603) (-2.49823e-05,-0.00912634) 
140 (-5.74727e-05,-0.00906109) (-2.46281e-05,-0.00906139) 
141 (-5.66634e-05,-0.00899707) (-2.42814e-05,-0.00899737) 
142 (-5.58711e-05,-0.00893395) (-2.39419e-05,-0.00893424) 
143 (-5.50953e-05,-0.00887171) (-2.36095e-05,-0.00887199) 
144 (-5.43356e-05,-0.00881033) (-2.3284e-05,-0.0088106) 
145 (-5.35914e-05,-0.00874979) (-2.29651e-05,-0.00875006) 
146 (-5.28625e-05,-0.00869008) (-2.26528e-05,-0.00869034) 
147 (-5.21483e-05,-0.00863117) (-2.23467e-05,-0.00863143) 
148 (-5.14484e-05,-0.00857306) (-2.20469e-05,-0.00857332) 
149 (-5.07626e-05,-0.00851573) (-2.1753e-05,-0.00851598) 
150 (-5.00904e-05,-0.00845916) (-2.1465e-05,-0.0084594) 
151 (-4.94315e-05,-0.00840334) (-2.11827e-05,-0.00840357) 
152 (-4.87854e-05,-0.00834824) (-2.09059e-05,-0.00834848) 
153 (-4.8152e-05,-0.00829387) (-2.06344e-05,-0.0082941) 
154 (-4.75308e-05,-0.0082402) (-2.03683e-05,-0.00824042) 
155 (-4.69216e-05,-0.00818722) (-2.01072e-05,-0.00818744) 
156 (-4.6324e-05,-0.00813491) (-1.98512e-05,-0.00813513) 
157 (-4.57377e-05,-0.00808327) (-1.95999e-05,-0.00808348) 
158 (-4.51625e-05,-0.00803228) (-1.93535e-05,-0.00803249) 
159 (-4.45981e-05,-0.00798194) (-1.91116e-05,-0.00798214) 
160 (-4.40442e-05,-0.00793221) (-1.88743e-05,-0.00793241) 
161 (-4.35005e-05,-0.00788311) (-1.86413e-05,-0.0078833) 
162 (-4.29669e-05,-0.0078346) (-1.84127e-05,-0.0078348) 
163 (-4.2443e-05,-0.00778669) (-1.81882e-05,-0.00778688) 
164 (-4.19286e-05,-0.00773937) (-1.79678e-05,-0.00773955) 
165 (-4.14235e-05,-0.00769261) (-1.77514e-05,-0.00769279) 
166 (-4.09275e-05,-0.00764642) (-1.75388e-05,-0.0076466) 
167 (-4.04404e-05,-0.00760078) (-1.73301e-05,-0.00760095) 
168 (-3.99619e-05,-0.00755568) (-1.71251e-05,-0.00755585) 
169 (-3.94918e-05,-0.00751111) (-1.69236e-05,-0.00751128) 
170 (-3.903e-05,-0.00746706) (-1.67258e-05,-0.00746723) 
171 (-3.85763e-05,-0.00742353) (-1.65313e-05,-0.00742369) 
172 (-3.81304e-05,-0.0073805) (-1.63402e-05,-0.00738066) 
173 (-3.76922e-05,-0.00733797) (-1.61525e-05,-0.00733813) 
174 (-3.72615e-05,-0.00729592) (-1.59679e-05,-0.00729608) 
175 (-3.68381e-05,-0.00725436) (-1.57865e-05,-0.00725451) 
176 (-3.64219e-05,-0.00721326) (-1.56082e-05,-0.00721341) 
177 (-3.60128e-05,-0.00717263) (-1.54328e-05,-0.00717278) 
178 (-3.56104e-05,-0.00713245) (-1.52604e-05,-0.0071326) 
179 (-3.52148e-05,-0.00709272) (-1.50909e-05,-0.00709287) 
180 (-3.48258e-05,-0.00705344) (-1.49242e-05,-0.00705358) 
181 (-3.44431e-05,-0.00701458) (-1.47602e-05,-0.00701472) 
182 (-3.40668e-05,-0.00697615) (-1.4599e-05,-0.00697628) 
183 (-3.36965e-05,-0.00693814) (-1.44403e-05,-0.00693827) 
184 (-3.33323e-05,-0.00690054) (-1.42842e-05,-0.00690067) 
185 (-3.29739e-05,-0.00686334) (-1.41307e-05,-0.00686347) 
186 (-3.26213e-05,-0.00682655) (-1.39796e-05,-0.00682667) 
187 (-3.22743e-05,-0.00679014) (-1.38309e-05,-0.00679027) 
188 (-3.19329e-05,-0.00675413) (-1.36846e-05,-0.00675425) 
189 (-3.15968e-05,-0.00671849) (-1.35406e-05,-0.00671861) 
190 (-3.1266e-05,-0.00668323) (-1.33988e-05,-0.00668335) 
191 (-3.09403e-05,-0.00664833) (-1.32593e-05,-0.00664845) 
192 (-3.06197e-05,-0.0066138) (-1.31219e-05,-0.00661392) 
193 (-3.03041e-05,-0.00657962) (-1.29866e-05,-0.00657974) 
194 (-2.99933e-05,-0.0065458) (-1.28535e-05,-0.00654591) 
195 (-2.96873e-05,-0.00651232) (-1.27223e-05,-0.00651243) 
196 (-2.9386e-05,-0.00647919) (-1.25932e-05,-0.00647929) 
197 (-2.90892e-05,-0.00644638) (-1.2466e-05,-0.00644649) 
198 (-2.87969e-05,-0.00641391) (-1.23407e-05,-0.00641402) 
199 (-2.85089e-05,-0.00638177) (-1.22174e-05,-0.00638187) 
200 (-2.82253e-05,-0.00634994) (-1.20958e-05,-0.00635004) 
201 (-2.79459e-05,-0.00631843) (-1.19761e-05,-0.00631853) 
202 (-2.76706e-05,-0.00628723) (-1.18581e-05,-0.00628733) 
203 (-2.73993e-05,-0.00625634) (-1.17419e-05,-0.00625644) 
204 (-2.7132e-05,-0.00622575) (-1.16273e-05,-0.00622585) 
205 (-2.68687e-05,-0.00619546) (-1.15145e-05,-0.00619555) 
206 (-2.66091e-05,-0.00616546) (-1.14032e-05,-0.00616555) 
207 (-2.63533e-05,-0.00613575) (-1.12936e-05,-0.00613584) 
208 (-2.61011e-05,-0.00610633) (-1.11856e-05,-0.00610642) 
209 (-2.58526e-05,-0.00607718) (-1.1079e-05,-0.00607727) 
210 (-2.56075e-05,-0.00604831) (-1.09741e-05,-0.0060484) 
211 (-2.5366e-05,-0.00601972) (-1.08705e-05,-0.00601981) 
212 (-2.51278e-05,-0.0059914) (-1.07685e-05,-0.00599148) 
213 (-2.4893e-05,-0.00596334) (-1.06679e-05,-0.00596342) 
214 (-2.46615e-05,-0.00593554) (-1.05686e-05,-0.00593562) 
215 (-2.44332e-05,-0.005908) (-1.04708e-05,-0.00590808) 
216 (-2.4208e-05,-0.00588071) (-1.03743e-05,-0.00588079) 
217 (-2.39859e-05,-0.00585368) (-1.02791e-05,-0.00585376) 
218 (-2.37669e-05,-0.00582689) (-1.01853e-05,-0.00582697) 
219 (-2.35508e-05,-0.00580034) (-1.00927e-05,-0.00580042) 
220 (-2.33377e-05,-0.00577404) (-1.00014e-05,-0.00577412) 
221 (-2.31275e-05,-0.00574798) (-9.9113e-06,-0.00574805) 
222 (-2.29201e-05,-0.00572215) (-9.82242e-06,-0.00572222) 
223 (-2.27155e-05,-0.00569655) (-9.73473e-06,-0.00569662) 
224 (-2.25136e-05,-0.00567117) (-9.64822e-06,-0.00567125) 
225 (-2.23144e-05,-0.00564603) (-9.56285e-06,-0.0056461) 
226 (-2.21178e-05,-0.0056211) (-9.4786e-06,-0.00562117) 
227 (-2.19238e-05,-0.0055964) (-9.39547e-06,-0.00559647) 
228 (-2.17323e-05,-0.00557191) (-9.31343e-06,-0.00557198) 
229 (-2.15434e-05,-0.00554763) (-9.23245e-06,-0.0055477) 
230 (-2.13569e-05,-0.00552356) (-9.15253e-06,-0.00552363) 
231 (-2.11728e-05,-0.00549971) (-9.07364e-06,-0.00549977) 
232 (-2.09911e-05,-0.00547605) (-8.99576e-06,-0.00547612) 
233 (-2.08117e-05,-0.0054526) (-8.91889e-06,-0.00545267) 
234 (-2.06346e-05,-0.00542935) (-8.84299e-06,-0.00542942) 
235 (-2.04597e-05,-0.0054063) (-8.76806e-06,-0.00540637) 
236 (-2.02871e-05,-0.00538344) (-8.69408e-06,-0.00538351) 
237 (-2.01166e-05,-0.00536078) (-8.62103e-06,-0.00536084) 
238 (-1.99483e-05,-0.0053383) (-8.54889e-06,-0.00533836) 
239 (-1.97821e-05,-0.00531602) (-8.47766e-06,-0.00531608) 
240 (-1.96179e-05,-0.00529391) (-8.40732e-06,-0.00529397) 
241 (-1.94558e-05,-0.005272) (-8.33785e-06,-0.00527205) 
242 (-1.92957e-05,-0.00525026) (-8.26923e-06,-0.00525031) 
243 (-1.91375e-05,-0.0052287) (-8.20146e-06,-0.00522875) 
244 (-1.89813e-05,-0.00520731) (-8.13452e-06,-0.00520737) 
245 (-1.8827e-05,-0.0051861) (-8.06839e-06,-0.00518616) 
246 (-1.86746e-05,-0.00516507) (-8.00307e-06,-0.00516512) 
247 (-1.8524e-05,-0.0051442) (-7.93853e-06,-0.00514425) 
248 (-1.83752e-05,-0.0051235) (-7.87478e-06,-0.00512355) 
249 (-1.82282e-05,-0.00510297) (-7.81179e-06,-0.00510302) 
250 (-1.8083e-05,-0.0050826) (-7.74955e-06,-0.00508265) 
251 (-1.79395e-05,-0.00506239) (-7.68805e-06,-0.00506244) 
252 (-1.77977e-05,-0.00504234) (-7.62728e-06,-0.00504239) 
253 (-1.76575e-05,-0.00502245) (-7.56723e-06,-0.0050225) 
254 (-1.75191e-05,-0.00500272) (-7.50789e-06,-0.00500277) 
255 (-1.73822e-05,-0.00498314) (-7.44924e-06,-0.00498319) 
256 (-1.7247e-05,-0.00496371) (-7.39128e-06,-0.00496376) 
257 (-1.71133e-05,-0.00494444) (-7.33399e-06,-0.00494449) 
258 (-1.69811e-05,-0.00492531) (-7.27736e-06,-0.00492536) 
259 (-1.68505e-05,-0.00490633) (-7.22139e-06,-0.00490638) 
260 (-1.67214e-05,-0.0048875) (-7.16606e-06,-0.00488755) 
261 (-1.65938e-05,-0.00486881) (-7.11136e-06,-0.00486886) 
262 (-1.64676e-05,-0.00485027) (-7.05729e-06,-0.00485031) 
263 (-1.63428e-05,-0.00483186) (-7.00383e-06,-0.00483191) 
264 (-1.62195e-05,-0.00481359) (-6.95097e-06,-0.00481364) 
265 (-1.60976e-05,-0.00479546) (-6.89872e-06,-0.00479551) 
266 (-1.5977e-05,-0.00477747) (-6.84705e-06,-0.00477752) 
267 (-1.58578e-05,-0.00475961) (-6.79595e-06,-0.00475966) 
268 (-1.57399e-05,-0.00474189) (-6.74543e-06,-0.00474193) 
269 (-1.56233e-05,-0.00472429) (-6.69547e-06,-0.00472434) 
270 (-1.5508e-05,-0.00470683) (-6.64606e-06,-0.00470687) 
271 (-1.5394e-05,-0.00468949) (-6.5972e-06,-0.00468954) 
272 (-1.52812e-05,-0.00467229) (-6.54887e-06,-0.00467233) 
273 (-1.51697e-05,-0.0046552) (-6.50108e-06,-0.00465524) 
274 (-1.50594e-05,-0.00463825) (-6.4538e-06,-0.00463829) 
275 (-1.49502e-05,-0.00462141) (-6.40704e-06,-0.00462145) 
276 (-1.48423e-05,-0.0046047) (-6.36078e-06,-0.00460474) 
277 (-1.47355e-05,-0.00458811) (-6.31503e-06,-0.00458815) 
278 (-1.46299e-05,-0.00457163) (-6.26976e-06,-0.00457167) 
279 (-1.45254e-05,-0.00455528) (-6.22498e-06,-0.00455532) 
280 (-1.4422e-05,-0.00453904) (-6.18068e-06,-0.00453908) 
281 (-1.43198e-05,-0.00452292) (-6.13685e-06,-0.00452295) 
282 (-1.42186e-05,-0.00450691) (-6.09348e-06,-0.00450694) 
283 (-1.41184e-05,-0.00449101) (-6.05057e-06,-0.00449105) 
284 (-1.40194e-05,-0.00447523) (-6.00812e-06,-0.00447526) 
285 (-1.39213e-05,-0.00445955) (-5.96611e-06,-0.00445959) 
286 (-1.38243e-05,-0.00444399) (-5.92454e-06,-0.00444402) 
287 (-1.37283e-05,-0.00442853) (-5.8834e-06,-0.00442856) 
288 (-1.36333e-05,-0.00441318) (-5.84268e-06,-0.00441321) 
289 (-1.35393e-05,-0.00439794) (-5.80239e-06,-0.00439797) 
290 (-1.34463e-05,-0.0043828) (-5.76252e-06,-0.00438283) 
291 (-1.33542e-05,-0.00436776) (-5.72305e-06,-0.0043678) 
292 (-1.3263e-05,-0.00435283) (-5.68399e-06,-0.00435287) 
293 (-1.31728e-05,-0.004338) (-5.64533e-06,-0.00433804) 
294 (-1.30835e-05,-0.00432327) (-5.60706e-06,-0.00432331) 
295 (-1.29951e-05,-0.00430864) (-5.56917e-06,-0.00430868) 
296 (-1.29076e-05,-0.00429411) (-5.53168e-06,-0.00429414) 
297 (-1.2821e-05,-0.00427968) (-5.49455e-06,-0.00427971) 
298 (-1.27352e-05,-0.00426534) (-5.4578e-06,-0.00426537) 
299 (-1.26503e-05,-0.0042511) (-5.42142e-06,-0.00425113) 
300 (-1.25663e-05,-0.00423696) (-5.3854e-06,-0.00423699) 
301 (-1.24831e-05,-0.0042229) (-5.34974e-06,-0.00422293) 
302 (-1.24007e-05,-0.00420895) (-5.31443e-06,-0.00420898) 
303 (-1.23191e-05,-0.00419508) (-5.27947e-06,-0.00419511) 
304 (-1.22383e-05,-0.0041813) (-5.24485e-06,-0.00418133) 
305 (-1.21583e-05,-0.00416762) (-5.21058e-06,-0.00416764) 
306 (-1.20791e-05,-0.00415402) (-5.17663e-06,-0.00415405) 
307 (-1.20007e-05,-0.00414051) (-5.14302e-06,-0.00414054) 
308 (-1.1923e-05,-0.00412709) (-5.10974e-06,-0.00412712) 
309 (-1.18461e-05,-0.00411376) (-5.07677e-06,-0.00411378) 
310 (-1.17699e-05,-0.00410051) (-5.04413e-06,-0.00410054) 
311 (-1.16945e-05,-0.00408734) (-5.01179e-06,-0.00408737) 
312 (-1.16198e-05,-0.00407427) (-4.97977e-06,-0.00407429) 
313 (-1.15458e-05,-0.00406127) (-4.94806e-06,-0.0040613) 
314 (-1.14725e-05,-0.00404836) (-4.91664e-06,-0.00404838) 
315 (-1.13998e-05,-0.00403553) (-4.88553e-06,-0.00403555) 
316 (-1.13279e-05,-0.00402278) (-4.85471e-06,-0.0040228) 
317 (-1.12567e-05,-0.00401011) (-4.82418e-06,-0.00401013) 
318 (-1.11861e-05,-0.00399752) (-4.79393e-06,-0.00399754) 
319 (-1.11162e-05,-0.00398501) (-4.76397e-06,-0.00398503) 
320 (-1.10469e-05,-0.00397257) (-4.73429e-06,-0.0039726) 
321 (-1.09783e-05,-0.00396022) (-4.70489e-06,-0.00396024) 
322 (-1.09104e-05,-0.00394794) (-4.67576e-06,-0.00394796) 
323 (-1.0843e-05,-0.00393573) (-4.6469e-06,-0.00393576) 
324 (-1.07763e-05,-0.00392361) (-4.6183e-06,-0.00392363) 
325 (-1.07102e-05,-0.00391155) (-4.58997e-06,-0.00391158) 
326 (-1.06447e-05,-0.00389957) (-4.5619e-06,-0.0038996) 
327 (-1.05798e-05,-0.00388767) (-4.53409e-06,-0.00388769) 
328 (-1.05155e-05,-0.00387583) (-4.50653e-06,-0.00387586) 
329 (-1.04517e-05,-0.00386407) (-4.47922e-06,-0.00386409) 
330 (-1.03886e-05,-0.00385238) (-4.45215e-06,-0.0038524) 
331 (-1.0326e-05,-0.00384076) (-4.42533e-06,-0.00384078) 
332 (-1.0264e-05,-0.00382921) (-4.39876e-06,-0.00382923) 
333 (-1.02025e-05,-0.00381773) (-4.37242e-06,-0.00381775) 
334 (-1.01416e-05,-0.00380631) (-4.34632e-06,-0.00380634) 
335 (-1.00813e-05,-0.00379497) (-4.32045e-06,-0.00379499) 
336 (-1.00214e-05,-0.00378369) (-4.29481e-06,-0.00378371) 
337 (-9.96214e-06,-0.00377248) (-4.2694e-06,-0.0037725) 
338 (-9.90337e-06,-0.00376134) (-4.24421e-06,-0.00376136) 
339 (-9.84512e-06,-0.00375026) (-4.21925e-06,-0.00375028) 
340 (-9.78738e-06,-0.00373925) (-4.1945e-06,-0.00373927) 
341 (-9.73014e-06,-0.0037283) (-4.16997e-06,-0.00372832) 
342 (-9.67341e-06,-0.00371741) (-4.14566e-06,-0.00371743) 
343 (-9.61717e-06,-0.00370659) (-4.12156e-06,-0.00370661) 
344 (-9.56142e-06,-0.00369583) (-4.09767e-06,-0.00369585) 
345 (-9.50616e-06,-0.00368513) (-4.07398e-06,-0.00368515) 
346 (-9.45137e-06,-0.0036745) (-4.0505e-06,-0.00367452) 
347 (-9.39705e-06,-0.00366393) (-4.02723e-06,-0.00366395) 
348 (-9.3432e-06,-0.00365341) (-4.00415e-06,-0.00365343) 
349 (-9.28982e-06,-0.00364296) (-3.98127e-06,-0.00364298) 
350 (-9.23688e-06,-0.00363257) (-3.95859e-06,-0.00363259) 
351 (-9.1844e-06,-0.00362223) (-3.9361e-06,-0.00362225) 
352 (-9.13237e-06,-0.00361196) (-3.9138e-06,-0.00361198) 
353 (-9.08078e-06,-0.00360174) (-3.89169e-06,-0.00360176) 
354 (-9.02962e-06,-0.00359158) (-3.86976e-06,-0.0035916) 
355 (-8.97889e-06,-0.00358148) (-3.84802e-06,-0.0035815) 
356 (-8.92859e-06,-0.00357143) (-3.82647e-06,-0.00357145) 
357 (-8.87871e-06,-0.00356144) (-3.80509e-06,-0.00356146) 
358 (-8.82925e-06,-0.00355151) (-3.78389e-06,-0.00355153) 
359 (-8.7802e-06,-0.00354163) (-3.76287e-06,-0.00354165) 
360 (-8.73156e-06,-0.00353181) (-3.74203e-06,-0.00353182) 
361 (-8.68332e-06,-0.00352204) (-3.72135e-06,-0.00352205) 
362 (-8.63548e-06,-0.00351232) (-3.70085e-06,-0.00351234) 
363 (-8.58804e-06,-0.00350266) (-3.68052e-06,-0.00350268) 
364 (-8.54098e-06,-0.00349305) (-3.66035e-06,-0.00349307) 
365 (-8.49431e-06,-0.00348349) (-3.64035e-06,-0.00348351) 
366 (-8.44802e-06,-0.00347399) (-3.62051e-06,-0.003474) 
367 (-8.40211e-06,-0.00346454) (-3.60084e-06,-0.00346455) 
368 (-8.35657e-06,-0.00345513) (-3.58132e-06,-0.00345515) 
369 (-8.3114e-06,-0.00344578) (-3.56197e-06,-0.0034458) 
370 (-8.2666e-06,-0.00343648) (-3.54277e-06,-0.0034365) 
371 (-8.22216e-06,-0.00342723) (-3.52372e-06,-0.00342725) 
372 (-8.17807e-06,-0.00341803) (-3.50483e-06,-0.00341805) 
373 (-8.13434e-06,-0.00340888) (-3.48608e-06,-0.0034089) 
374 (-8.09096e-06,-0.00339978) (-3.46749e-06,-0.0033998) 
375 (-8.04792e-06,-0.00339073) (-3.44905e-06,-0.00339074) 
376 (-8.00523e-06,-0.00338172) (-3.43075e-06,-0.00338174) 
377 (-7.96288e-06,-0.00337276) (-3.4126e-06,-0.00337278) 
378 (-7.92086e-06,-0.00336385) (-3.3946e-06,-0.00336387) 
379 (-7.87917e-06,-0.00335499) (-3.37673e-06,-0.003355) 
380 (-7.83781e-06,-0.00334617) (-3.35901e-06,-0.00334619) 
381 (-7.79678e-06,-0.0033374) (-3.34142e-06,-0.00333742) 
382 (-7.75606e-06,-0.00332868) (-3.32397e-06,-0.00332869) 
383 (-7.71567e-06,-0.00332) (-3.30666e-06,-0.00332001) 
384 (-7.67559e-06,-0.00331136) (-3.28948e-06,-0.00331138) 
385 (-7.63582e-06,-0.00330277) (-3.27244e-06,-0.00330279) 
386 (-7.59636e-06,-0.00329423) (-3.25553e-06,-0.00329424) 
387 (-7.5572e-06,-0.00328573) (-3.23875e-06,-0.00328574) 
388 (-7.51835e-06,-0.00327727) (-3.2221e-06,-0.00327728) 
389 (-7.4798e-06,-0.00326886) (-3.20558e-06,-0.00326887) 
390 (-7.44154e-06,-0.00326048) (-3.18918e-06,-0.0032605) 
391 (-7.40357e-06,-0.00325216) (-3.17291e-06,-0.00325217) 
392 (-7.3659e-06,-0.00324387) (-3.15676e-06,-0.00324389) 
393 (-7.32851e-06,-0.00323563) (-3.14074e-06,-0.00323564) 
394 (-7.2914e-06,-0.00322743) (-3.12484e-06,-0.00322744) 
395 (-7.25458e-06,-0.00321927) (-3.10906e-06,-0.00321928) 
396 (-7.21803e-06,-0.00321115) (-3.09339e-06,-0.00321116) 
397 (-7.18176e-06,-0.00320307) (-3.07785e-06,-0.00320308) 
398 (-7.14576e-06,-0.00319503) (-3.06242e-06,-0.00319504) 
399 (-7.11004e-06,-0.00318703) (-3.04711e-06,-0.00318705) 
400 (-7.07458e-06,-0.00317908) (-3.03192e-06,-0.00317909) 
401 (-7.03938e-06,-0.00317116) (-3.01683e-06,-0.00317117) 
402 (-7.00445e-06,-0.00316328) (-3.00186e-06,-0.00316329) 
403 (-6.96977e-06,-0.00315544) (-2.987e-06,-0.00315545) 
404 (-6.93535e-06,-0.00314764) (-2.97225e-06,-0.00314765) 
405 (-6.90119e-06,-0.00313988) (-2.95761e-06,-0.00313989) 
406 (-6.86728e-06,-0.00313215) (-2.94308e-06,-0.00313217) 
407 (-6.83362e-06,-0.00312447) (-2.92865e-06,-0.00312448) 
408 (-6.8002e-06,-0.00311682) (-2.91433e-06,-0.00311683) 
409 (-6.76703e-06,-0.00310921) (-2.90011e-06,-0.00310922) 
410 (-6.7341e-06,-0.00310164) (-2.886e-06,-0.00310165) 
411 (-6.70141e-06,-0.0030941) (-2.87199e-06,-0.00309411) 
412 (-6.66896e-06,-0.0030866) (-2.85809e-06,-0.00308661) 
413 (-6.63675e-06,-0.00307913) (-2.84428e-06,-0.00307914) 
414 (-6.60476e-06,-0.0030717) (-2.83057e-06,-0.00307172) 
415 (-6.57301e-06,-0.00306431) (-2.81696e-06,-0.00306432) 
416 (-6.54149e-06,-0.00305696) (-2.80345e-06,-0.00305697) 
417 (-6.51019e-06,-0.00304963) (-2.79004e-06,-0.00304964) 
418 (-6.47911e-06,-0.00304235) (-2.77672e-06,-0.00304236) 
419 (-6.44826e-06,-0.00303509) (-2.7635e-06,-0.00303511) 
420 (-6.41763e-06,-0.00302788) (-2.75037e-06,-0.00302789) 
421 (-6.38722e-06,-0.00302069) (-2.73734e-06,-0.0030207) 
422 (-6.35702e-06,-0.00301354) (-2.7244e-06,-0.00301355) 
423 (-6.32703e-06,-0.00300643) (-2.71155e-06,-0.00300644) 
424 (-6.29726e-06,-0.00299935) (-2.69879e-06,-0.00299936) 
425 (-6.26769e-06,-0.0029923) (-2.68612e-06,-0.00299231) 
426 (-6.23834e-06,-0.00298528) (-2.67354e-06,-0.00298529) 
427 (-6.20919e-06,-0.0029783) (-2.66104e-06,-0.00297831) 
428 (-6.18024e-06,-0.00297135) (-2.64864e-06,-0.00297136) 
429 (-6.1515e-06,-0.00296443) (-2.63632e-06,-0.00296444) 
430 (-6.12295e-06,-0.00295754) (-2.62409e-06,-0.00295755) 
431 (-6.09461e-06,-0.00295069) (-2.61194e-06,-0.0029507) 
432 (-6.06646e-06,-0.00294387) (-2.59988e-06,-0.00294388) 
433 (-6.0385e-06,-0.00293708) (-2.5879e-06,-0.00293709) 
434 (-6.01074e-06,-0.00293032) (-2.576e-06,-0.00293033) 
435 (-5.98317e-06,-0.00292359) (-2.56418e-06,-0.0029236) 
436 (-5.95578e-06,-0.00291689) (-2.55245e-06,-0.0029169) 
437 (-5.92859e-06,-0.00291023) (-2.54079e-06,-0.00291023) 
438 (-5.90158e-06,-0.00290359) (-2.52922e-06,-0.0029036) 
439 (-5.87476e-06,-0.00289698) (-2.51772e-06,-0.00289699) 
440 (-5.84811e-06,-0.00289041) (-2.5063e-06,-0.00289042) 
441 (-5.82165e-06,-0.00288386) (-2.49496e-06,-0.00288387) 
442 (-5.79537e-06,-0.00287734) (-2.4837e-06,-0.00287735) 
443 (-5.76927e-06,-0.00287085) (-2.47251e-06,-0.00287086) 
444 (-5.74334e-06,-0.0028644) (-2.4614e-06,-0.00286441) 
445 (-5.71758e-06,-0.00285797) (-2.45036e-06,-0.00285798) 
446 (-5.692e-06,-0.00285157) (-2.4394e-06,-0.00285158) 
447 (-5.66659e-06,-0.00284519) (-2.42851e-06,-0.0028452) 
448 (-5.64135e-06,-0.00283885) (-2.41769e-06,-0.00283886) 
449 (-5.61628e-06,-0.00283253) (-2.40695e-06,-0.00283254) 
450 (-5.59137e-06,-0.00282625) (-2.39627e-06,-0.00282626) 
451 (-5.56663e-06,-0.00281999) (-2.38567e-06,-0.00282) 
452 (-5.54206e-06,-0.00281376) (-2.37514e-06,-0.00281376) 
453 (-5.51764e-06,-0.00280755) (-2.36468e-06,-0.00280756) 
454 (-5.49339e-06,-0.00280137) (-2.35428e-06,-0.00280138) 
455 (-5.4693e-06,-0.00279522) (-2.34396e-06,-0.00279523) 
456 (-5.44536e-06,-0.0027891) (-2.3337e-06,-0.00278911) 
457 (-5.42158e-06,-0.00278301) (-2.32351e-06,-0.00278301) 
458 (-5.39796e-06,-0.00277694) (-2.31339e-06,-0.00277694) 
459 (-5.37449e-06,-0.00277089) (-2.30333e-06,-0.0027709) 
460 (-5.35118e-06,-0.00276488) (-2.29334e-06,-0.00276488) 
461 (-5.32801e-06,-0.00275888) (-2.28341e-06,-0.00275889) 
462 (-5.305e-06,-0.00275292) (-2.27354e-06,-0.00275293) 
463 (-5.28213e-06,-0.00274698) (-2.26375e-06,-0.00274699) 
464 (-5.25941e-06,-0.00274107) (-2.25401e-06,-0.00274107) 
465 (-5.23684e-06,-0.00273518) (-2.24434e-06,-0.00273519) 
466 (-5.21441e-06,-0.00272931) (-2.23472e-06,-0.00272932) 
467 (-5.19213e-06,-0.00272348) (-2.22517e-06,-0.00272349) 
468 (-5.16999e-06,-0.00271766) (-2.21569e-06,-0.00271767) 
469 (-5.14799e-06,-0.00271188) (-2.20626e-06,-0.00271188) 
470 (-5.12613e-06,-0.00270611) (-2.19689e-06,-0.00270612) 
471 (-5.10441e-06,-0.00270037) (-2.18758e-06,-0.00270038) 
472 (-5.08283e-06,-0.00269466) (-2.17833e-06,-0.00269467) 
473 (-5.06138e-06,-0.00268897) (-2.16914e-06,-0.00268897) 
474 (-5.04007e-06,-0.0026833) (-2.16001e-06,-0.00268331) 
475 (-5.0189e-06,-0.00267766) (-2.15093e-06,-0.00267766) 
476 (-4.99785e-06,-0.00267204) (-2.14191e-06,-0.00267205) 
477 (-4.97694e-06,-0.00266644) (-2.13295e-06,-0.00266645) 
478 (-4.95616e-06,-0.00266087) (-2.12405e-06,-0.00266088) 
479 (-4.93551e-06,-0.00265532) (-2.1152e-06,-0.00265533) 
480 (-4.91499e-06,-0.00264979) (-2.1064e-06,-0.0026498) 
481 (-4.8946e-06,-0.00264429) (-2.09766e-06,-0.0026443) 
482 (-4.87433e-06,-0.00263881) (-2.08898e-06,-0.00263882) 
483 (-4.85419e-06,-0.00263335) (-2.08034e-06,-0.00263336) 
484 (-4.83417e-06,-0.00262792) (-2.07177e-06,-0.00262793) 
485 (-4.81428e-06,-0.00262251) (-2.06324e-06,-0.00262251) 
486 (-4.79451e-06,-0.00261712) (-2.05477e-06,-0.00261712) 
487 (-4.77486e-06,-0.00261175) (-2.04635e-06,-0.00261175) 
488 (-4.75533e-06,-0.0026064) (-2.03798e-06,-0.00260641) 
489 (-4.73592e-06,-0.00260108) (-2.02966e-06,-0.00260108) 
490 (-4.71663e-06,-0.00259577) (-2.02139e-06,-0.00259578) 
491 (-4.69746e-06,-0.00259049) (-2.01318e-06,-0.0025905) 
492 (-4.6784e-06,-0.00258523) (-2.00501e-06,-0.00258524) 
493 (-4.65946e-06,-0.00257999) (-1.99689e-06,-0.00258) 
494 (-4.64063e-06,-0.00257478) (-1.98882e-06,-0.00257478) 
495 (-4.62192e-06,-0.00256958) (-1.9808e-06,-0.00256959) 
496 (-4.60332e-06,-0.0025644) (-1.97283e-06,-0.00256441) 
497 (-4.58484e-06,-0.00255925) (-1.96491e-06,-0.00255926) 
498 (-4.56646e-06,-0.00255412) (-1.95704e-06,-0.00255412) 
499 (-4.54819e-06,-0.002549) (-1.94921e-06,-0.00254901) 
