0 (0.156229,-1.12132) (-0.156229,-1.12132) 
1 (0.0885536,-0.748878) (-0.0885536,-0.748878) 
2 (0.0510672,-0.538607) (-0.0510672,-0.538607) 
3 (0.031638,-0.41325) (-0.031638,-0.41325) 
4 (0.0210557,-0.332693) (-0.0210557,-0.332693) 
5 (0.0148619,-0.27741) (-0.0148619,-0.27741) 
6 (0.0109883,-0.237429) (-0.0109883,-0.237429) 
7 (0.00842724,-0.207297) (-0.00842724,-0.207297) 
8 (0.00665511,-0.183832) (-0.00665511,-0.183832) 
9 (0.00538208,-0.165071) (-0.00538208,-0.165071) 
10 (0.00443876,-0.149744) (-0.00443876,-0.149744) 
11 (0.00372134,-0.136995) (-0.00372134,-0.136995) 
12 (0.00316357,-0.12623) (-0.00316357,-0.12623) 
13 (0.00272165,-0.117022) (-0.00272165,-0.117022) 
14 (0.00236576,-0.109058) (-0.00236576,-0.109058) 
15 (0.00207504,-0.102103) (-0.00207504,-0.102103) 
16 (0.00183458,-0.095978) (-0.00183458,-0.095978) 
17 (0.00163345,-0.0905433) (-0.00163345,-0.0905433) 
18 (0.00146357,-0.0856888) (-0.00146357,-0.0856888) 
19 (0.00131879,-0.0813266) (-0.00131879,-0.0813266) 
20 (0.00119441,-0.0773856) (-0.00119441,-0.0773856) 
21 (0.0010868,-0.0738079) (-0.0010868,-0.0738079) 
22 (0.000993059,-0.0705455) (-0.000993059,-0.0705455) 
23 (0.000910921,-0.0675586) (-0.000910921,-0.0675586) 
24 (0.000838547,-0.0648139) (-0.000838547,-0.0648139) 
25 (0.000774452,-0.062283) (-0.000774452,-0.062283) 
26 (0.000717422,-0.059942) (-0.000717422,-0.059942) 
27 (0.000666457,-0.0577702) (-0.000666457,-0.0577702) 
28 (0.000620728,-0.0557501) (-0.000620728,-0.0557501) 
29 (0.000579542,-0.0538663) (-0.000579542,-0.0538663) 
30 (0.000542318,-0.0521055) (-0.000542318,-0.0521055) 
31 (0.000508565,-0.0504559) (-0.000508565,-0.0504559) 
32 (0.000477863,-0.0489075) (-0.000477863,-0.0489075) 
33 (0.000449857,-0.0474512) (-0.000449857,-0.0474512) 
34 (0.00042424,-0.046079) (-0.00042424,-0.046079) 
35 (0.000400749,-0.0447838) (-0.000400749,-0.0447838) 
36 (0.000379154,-0.0435594) (-0.000379154,-0.0435594) 
37 (0.000359257,-0.0424001) (-0.000359257,-0.0424001) 
38 (0.000340885,-0.0413009) (-0.000340885,-0.0413009) 
39 (0.000323886,-0.0402571) (-0.000323886,-0.0402571) 
40 (0.000308126,-0.0392648) (-0.000308126,-0.0392648) 
41 (0.000293489,-0.0383202) (-0.000293489,-0.0383202) 
42 (0.00027987,-0.0374199) (-0.00027987,-0.0374199) 
43 (0.000267176,-0.0365609) (-0.000267176,-0.0365609) 
44 (0.000255326,-0.0357405) (-0.000255326,-0.0357405) 
45 (0.000244248,-0.034956) (-0.000244248,-0.034956) 
46 (0.000233874,-0.0342052) (-0.000233874,-0.0342052) 
47 (0.000224147,-0.033486) (-0.000224147,-0.033486) 
48 (0.000215014,-0.0327964) (-0.000215014,-0.0327964) 
49 (0.000206428,-0.0321346) (-0.000206428,-0.0321346) 
50 (0.000198346,-0.0314989) (-0.000198346,-0.0314989) 
51 (0.000190729,-0.030888) (-0.000190729,-0.030888) 
52 (0.000183543,-0.0303002) (-0.000183543,-0.0303002) 
53 (0.000176755,-0.0297344) (-0.000176755,-0.0297344) 
54 (0.000170336,-0.0291893) (-0.000170336,-0.0291893) 
55 (0.000164261,-0.0286638) (-0.000164261,-0.0286638) 
56 (0.000158505,-0.028157) (-0.000158505,-0.028157) 
57 (0.000153046,-0.0276677) (-0.000153046,-0.0276677) 
58 (0.000147864,-0.0271951) (-0.000147864,-0.0271951) 
59 (0.000142941,-0.0267384) (-0.000142941,-0.0267384) 
60 (0.00013826,-0.0262968) (-0.00013826,-0.0262968) 
61 (0.000133805,-0.0258695) (-0.000133805,-0.0258695) 
62 (0.000129562,-0.0254559) (-0.000129562,-0.0254559) 
63 (0.000125517,-0.0250553) (-0.000125517,-0.0250553) 
64 (0.000121659,-0.0246671) (-0.000121659,-0.0246671) 
65 (0.000117976,-0.0242907) (-0.000117976,-0.0242907) 
66 (0.000114457,-0.0239257) (-0.000114457,-0.0239257) 
67 (0.000111094,-0.0235714) (-0.000111094,-0.0235714) 
68 (0.000107877,-0.0232275) (-0.000107877,-0.0232275) 
69 (0.000104797,-0.0228935) (-0.000104797,-0.0228935) 
70 (0.000101848,-0.022569) (-0.000101848,-0.022569) 
71 (9.90209e-05,-0.0222535) (-9.90209e-05,-0.0222535) 
72 (9.63102e-05,-0.0219467) (-9.63102e-05,-0.0219467) 
73 (9.37092e-05,-0.0216483) (-9.37092e-05,-0.0216483) 
74 (9.12121e-05,-0.0213578) (-9.12121e-05,-0.0213578) 
75 (8.88136e-05,-0.0210751) (-8.88136e-05,-0.0210751) 
76 (8.65084e-05,-0.0207997) (-8.65084e-05,-0.0207997) 
77 (8.42917e-05,-0.0205314) (-8.42917e-05,-0.0205314) 
78 (8.21592e-05,-0.02027) (-8.21592e-05,-0.02027) 
79 (8.01066e-05,-0.0200152) (-8.01066e-05,-0.0200152) 
80 (7.81299e-05,-0.0197666) (-7.81299e-05,-0.0197666) 
81 (7.62255e-05,-0.0195242) (-7.62255e-05,-0.0195242) 
82 (7.43898e-05,-0.0192876) (-7.43898e-05,-0.0192876) 
83 (7.26197e-05,-0.0190567) (-7.26197e-05,-0.0190567) 
84 (7.0912e-05,-0.0188313) (-7.0912e-05,-0.0188313) 
85 (6.92638e-05,-0.0186111) (-6.92638e-05,-0.0186111) 
86 (6.76724e-05,-0.0183961) (-6.76724e-05,-0.0183961) 
87 (6.61352e-05,-0.0181859) (-6.61352e-05,-0.0181859) 
88 (6.46498e-05,-0.0179805) (-6.46498e-05,-0.0179805) 
89 (6.32139e-05,-0.0177796) (-6.32139e-05,-0.0177796) 
90 (6.18253e-05,-0.0175832) (-6.18253e-05,-0.0175832) 
91 (6.04819e-05,-0.0173911) (-6.04819e-05,-0.0173911) 
92 (5.91819e-05,-0.0172032) (-5.91819e-05,-0.0172032) 
93 (5.79233e-05,-0.0170193) (-5.79233e-05,-0.0170193) 
94 (5.67044e-05,-0.0168392) (-5.67044e-05,-0.0168392) 
95 (5.55236e-05,-0.0166629) (-5.55236e-05,-0.0166629) 
96 (5.43793e-05,-0.0164903) (-5.43793e-05,-0.0164903) 
97 (5.327e-05,-0.0163212) (-5.327e-05,-0.0163212) 
98 (5.21943e-05,-0.0161556) (-5.21943e-05,-0.0161556) 
99 (5.11509e-05,-0.0159933) (-5.11509e-05,-0.0159933) 
100 (5.01384e-05,-0.0158342) (-5.01384e-05,-0.0158342) 
101 (4.91557e-05,-0.0156782) (-4.91557e-05,-0.0156782) 
102 (4.82016e-05,-0.0155253) (-4.82016e-05,-0.0155253) 
103 (4.7275e-05,-0.0153753) (-4.7275e-05,-0.0153753) 
104 (4.63749e-05,-0.0152282) (-4.63749e-05,-0.0152282) 
105 (4.55002e-05,-0.0150839) (-4.55002e-05,-0.0150839) 
106 (4.465e-05,-0.0149423) (-4.465e-05,-0.0149423) 
107 (4.38235e-05,-0.0148034) (-4.38235e-05,-0.0148034) 
108 (4.30197e-05,-0.014667) (-4.30197e-05,-0.014667) 
109 (4.22377e-05,-0.014533) (-4.22377e-05,-0.014533) 
110 (4.1477e-05,-0.0144015) (-4.1477e-05,-0.0144015) 
111 (4.07366e-05,-0.0142724) (-4.07366e-05,-0.0142724) 
112 (4.00158e-05,-0.0141456) (-4.00158e-05,-0.0141456) 
113 (3.9314e-05,-0.014021) (-3.9314e-05,-0.014021) 
114 (3.86305e-05,-0.0138985) (-3.86305e-05,-0.0138985) 
115 (3.79646e-05,-0.0137782) (-3.79646e-05,-0.0137782) 
116 (3.73159e-05,-0.01366) (-3.73159e-05,-0.01366) 
117 (3.66836e-05,-0.0135438) (-3.66836e-05,-0.0135438) 
118 (3.60672e-05,-0.0134295) (-3.60672e-05,-0.0134295) 
119 (3.54663e-05,-0.0133171) (-3.54663e-05,-0.0133171) 
120 (3.48802e-05,-0.0132066) (-3.48802e-05,-0.0132066) 
121 (3.43086e-05,-0.013098) (-3.43086e-05,-0.013098) 
122 (3.37509e-05,-0.0129911) (-3.37509e-05,-0.0129911) 
123 (3.32067e-05,-0.0128859) (-3.32067e-05,-0.0128859) 
124 (3.26755e-05,-0.0127824) (-3.26755e-05,-0.0127824) 
125 (3.2157e-05,-0.0126806) (-3.2157e-05,-0.0126806) 
126 (3.16507e-05,-0.0125803) (-3.16507e-05,-0.0125803) 
127 (3.11563e-05,-0.0124817) (-3.11563e-05,-0.0124817) 
128 (3.06734e-05,-0.0123846) (-3.06734e-05,-0.0123846) 
129 (3.02016e-05,-0.012289) (-3.02016e-05,-0.012289) 
130 (2.97406e-05,-0.0121948) (-2.97406e-05,-0.0121948) 
131 (2.92901e-05,-0.0121021) (-2.92901e-05,-0.0121021) 
132 (2.88497e-05,-0.0120108) (-2.88497e-05,-0.0120108) 
133 (2.84193e-05,-0.0119208) (-2.84193e-05,-0.0119208) 
134 (2.79983e-05,-0.0118322) (-2.79983e-05,-0.0118322) 
135 (2.75867e-05,-0.0117449) (-2.75867e-05,-0.0117449) 
136 (2.7184e-05,-0.0116588) (-2.7184e-05,-0.0116588) 
137 (2.67902e-05,-0.0115741) (-2.67902e-05,-0.0115741) 
138 (2.64048e-05,-0.0114905) (-2.64048e-05,-0.0114905) 
139 (2.60276e-05,-0.0114082) (-2.60276e-05,-0.0114082) 
140 (2.56585e-05,-0.011327) (-2.56585e-05,-0.011327) 
141 (2.52972e-05,-0.0112469) (-2.52972e-05,-0.0112469) 
142 (2.49435e-05,-0.011168) (-2.49435e-05,-0.011168) 
143 (2.45971e-05,-0.0110902) (-2.45971e-05,-0.0110902) 
144 (2.42579e-05,-0.0110135) (-2.42579e-05,-0.0110135) 
145 (2.39257e-05,-0.0109378) (-2.39257e-05,-0.0109378) 
146 (2.36002e-05,-0.0108631) (-2.36002e-05,-0.0108631) 
147 (2.32814e-05,-0.0107895) (-2.32814e-05,-0.0107895) 
148 (2.29689e-05,-0.0107168) (-2.29689e-05,-0.0107168) 
149 (2.26627e-05,-0.0106452) (-2.26627e-05,-0.0106452) 
150 (2.23626e-05,-0.0105744) (-2.23626e-05,-0.0105744) 
151 (2.20684e-05,-0.0105047) (-2.20684e-05,-0.0105047) 
152 (2.178e-05,-0.0104358) (-2.178e-05,-0.0104358) 
153 (2.14972e-05,-0.0103678) (-2.14972e-05,-0.0103678) 
154 (2.12199e-05,-0.0103007) (-2.12199e-05,-0.0103007) 
155 (2.09478e-05,-0.0102345) (-2.09478e-05,-0.0102345) 
156 (2.0681e-05,-0.0101691) (-2.0681e-05,-0.0101691) 
157 (2.04193e-05,-0.0101045) (-2.04193e-05,-0.0101045) 
158 (2.01625e-05,-0.0100408) (-2.01625e-05,-0.0100408) 
159 (1.99105e-05,-0.00997783) (-1.99105e-05,-0.00997783) 
160 (1.96632e-05,-0.00991567) (-1.96632e-05,-0.00991567) 
161 (1.94205e-05,-0.00985428) (-1.94205e-05,-0.00985428) 
162 (1.91822e-05,-0.00979364) (-1.91822e-05,-0.00979364) 
163 (1.89483e-05,-0.00973375) (-1.89483e-05,-0.00973375) 
164 (1.87187e-05,-0.00967458) (-1.87187e-05,-0.00967458) 
165 (1.84932e-05,-0.00961613) (-1.84932e-05,-0.00961613) 
166 (1.82718e-05,-0.00955838) (-1.82718e-05,-0.00955838) 
167 (1.80543e-05,-0.00950132) (-1.80543e-05,-0.00950132) 
168 (1.78407e-05,-0.00944494) (-1.78407e-05,-0.00944494) 
169 (1.76308e-05,-0.00938923) (-1.76308e-05,-0.00938923) 
170 (1.74246e-05,-0.00933416) (-1.74246e-05,-0.00933416) 
171 (1.7222e-05,-0.00927974) (-1.7222e-05,-0.00927974) 
172 (1.7023e-05,-0.00922595) (-1.7023e-05,-0.00922595) 
173 (1.68273e-05,-0.00917278) (-1.68273e-05,-0.00917278) 
174 (1.6635e-05,-0.00912022) (-1.6635e-05,-0.00912022) 
175 (1.6446e-05,-0.00906826) (-1.6446e-05,-0.00906826) 
176 (1.62602e-05,-0.00901688) (-1.62602e-05,-0.00901688) 
177 (1.60775e-05,-0.00896609) (-1.60775e-05,-0.00896609) 
178 (1.58979e-05,-0.00891586) (-1.58979e-05,-0.00891586) 
179 (1.57213e-05,-0.00886619) (-1.57213e-05,-0.00886619) 
180 (1.55476e-05,-0.00881708) (-1.55476e-05,-0.00881708) 
181 (1.53768e-05,-0.0087685) (-1.53768e-05,-0.0087685) 
182 (1.52088e-05,-0.00872046) (-1.52088e-05,-0.00872046) 
183 (1.50435e-05,-0.00867294) (-1.50435e-05,-0.00867294) 
184 (1.48809e-05,-0.00862594) (-1.48809e-05,-0.00862594) 
185 (1.47209e-05,-0.00857944) (-1.47209e-05,-0.00857944) 
186 (1.45634e-05,-0.00853344) (-1.45634e-05,-0.00853344) 
187 (1.44085e-05,-0.00848793) (-1.44085e-05,-0.00848793) 
188 (1.42561e-05,-0.00844291) (-1.42561e-05,-0.00844291) 
189 (1.4106e-05,-0.00839836) (-1.4106e-05,-0.00839836) 
190 (1.39583e-05,-0.00835428) (-1.39583e-05,-0.00835428) 
191 (1.3813e-05,-0.00831065) (-1.3813e-05,-0.00831065) 
192 (1.36698e-05,-0.00826748) (-1.36698e-05,-0.00826748) 
193 (1.35289e-05,-0.00822476) (-1.35289e-05,-0.00822476) 
194 (1.33902e-05,-0.00818248) (-1.33902e-05,-0.00818248) 
195 (1.32536e-05,-0.00814063) (-1.32536e-05,-0.00814063) 
196 (1.3119e-05,-0.0080992) (-1.3119e-05,-0.0080992) 
197 (1.29865e-05,-0.0080582) (-1.29865e-05,-0.0080582) 
198 (1.2856e-05,-0.0080176) (-1.2856e-05,-0.0080176) 
199 (1.27275e-05,-0.00797742) (-1.27275e-05,-0.00797742) 
200 (1.26008e-05,-0.00793763) (-1.26008e-05,-0.00793763) 
201 (1.24761e-05,-0.00789824) (-1.24761e-05,-0.00789824) 
202 (1.23532e-05,-0.00785924) (-1.23532e-05,-0.00785924) 
203 (1.22321e-05,-0.00782062) (-1.22321e-05,-0.00782062) 
204 (1.21128e-05,-0.00778238) (-1.21128e-05,-0.00778238) 
205 (1.19952e-05,-0.00774452) (-1.19952e-05,-0.00774452) 
206 (1.18793e-05,-0.00770701) (-1.18793e-05,-0.00770701) 
207 (1.17651e-05,-0.00766987) (-1.17651e-05,-0.00766987) 
208 (1.16525e-05,-0.00763309) (-1.16525e-05,-0.00763309) 
209 (1.15415e-05,-0.00759666) (-1.15415e-05,-0.00759666) 
210 (1.14321e-05,-0.00756057) (-1.14321e-05,-0.00756057) 
211 (1.13243e-05,-0.00752483) (-1.13243e-05,-0.00752483) 
212 (1.1218e-05,-0.00748942) (-1.1218e-05,-0.00748942) 
213 (1.11132e-05,-0.00745434) (-1.11132e-05,-0.00745434) 
214 (1.10098e-05,-0.00741959) (-1.10098e-05,-0.00741959) 
215 (1.09079e-05,-0.00738516) (-1.09079e-05,-0.00738516) 
216 (1.08073e-05,-0.00735105) (-1.08073e-05,-0.00735105) 
217 (1.07082e-05,-0.00731726) (-1.07082e-05,-0.00731726) 
218 (1.06104e-05,-0.00728377) (-1.06104e-05,-0.00728377) 
219 (1.0514e-05,-0.00725059) (-1.0514e-05,-0.00725059) 
220 (1.04188e-05,-0.00721771) (-1.04188e-05,-0.00721771) 
221 (1.0325e-05,-0.00718512) (-1.0325e-05,-0.00718512) 
222 (1.02324e-05,-0.00715283) (-1.02324e-05,-0.00715283) 
223 (1.0141e-05,-0.00712083) (-1.0141e-05,-0.00712083) 
224 (1.00509e-05,-0.00708911) (-1.00509e-05,-0.00708911) 
225 (9.96194e-06,-0.00705768) (-9.96194e-06,-0.00705768) 
226 (9.87418e-06,-0.00702652) (-9.87418e-06,-0.00702652) 
227 (9.78757e-06,-0.00699564) (-9.78757e-06,-0.00699564) 
228 (9.70209e-06,-0.00696502) (-9.70209e-06,-0.00696502) 
229 (9.61773e-06,-0.00693468) (-9.61773e-06,-0.00693468) 
230 (9.53447e-06,-0.00690459) (-9.53447e-06,-0.00690459) 
231 (9.45228e-06,-0.00687477) (-9.45228e-06,-0.00687477) 
232 (9.37115e-06,-0.0068452) (-9.37115e-06,-0.0068452) 
233 (9.29106e-06,-0.00681589) (-9.29106e-06,-0.00681589) 
234 (9.212e-06,-0.00678682) (-9.212e-06,-0.00678682) 
235 (9.13393e-06,-0.00675801) (-9.13393e-06,-0.00675801) 
236 (9.05686e-06,-0.00672943) (-9.05686e-06,-0.00672943) 
237 (8.98076e-06,-0.0067011) (-8.98076e-06,-0.0067011) 
238 (8.90561e-06,-0.006673) (-8.90561e-06,-0.006673) 
239 (8.8314e-06,-0.00664514) (-8.8314e-06,-0.00664514) 
240 (8.75812e-06,-0.00661751) (-8.75812e-06,-0.00661751) 
241 (8.68574e-06,-0.00659011) (-8.68574e-06,-0.00659011) 
242 (8.61426e-06,-0.00656294) (-8.61426e-06,-0.00656294) 
243 (8.54366e-06,-0.00653599) (-8.54366e-06,-0.00653599) 
244 (8.47392e-06,-0.00650926) (-8.47392e-06,-0.00650926) 
245 (8.40503e-06,-0.00648274) (-8.40503e-06,-0.00648274) 
246 (8.33698e-06,-0.00645644) (-8.33698e-06,-0.00645644) 
247 (8.26975e-06,-0.00643036) (-8.26975e-06,-0.00643036) 
248 (8.20333e-06,-0.00640448) (-8.20333e-06,-0.00640448) 
249 (8.13771e-06,-0.00637882) (-8.13771e-06,-0.00637882) 
250 (8.07287e-06,-0.00635335) (-8.07287e-06,-0.00635335) 
251 (8.0088e-06,-0.00632809) (-8.0088e-06,-0.00632809) 
252 (7.94549e-06,-0.00630303) (-7.94549e-06,-0.00630303) 
253 (7.88294e-06,-0.00627817) (-7.88294e-06,-0.00627817) 
254 (7.82111e-06,-0.0062535) (-7.82111e-06,-0.0062535) 
255 (7.76001e-06,-0.00622903) (-7.76001e-06,-0.00622903) 
256 (7.69963e-06,-0.00620474) (-7.69963e-06,-0.00620474) 
257 (7.63995e-06,-0.00618065) (-7.63995e-06,-0.00618065) 
258 (7.58095e-06,-0.00615674) (-7.58095e-06,-0.00615674) 
259 (7.52264e-06,-0.00613301) (-7.52264e-06,-0.00613301) 
260 (7.465e-06,-0.00610947) (-7.465e-06,-0.00610947) 
261 (7.40802e-06,-0.00608611) (-7.40802e-06,-0.00608611) 
262 (7.35169e-06,-0.00606293) (-7.35169e-06,-0.00606293) 
263 (7.296e-06,-0.00603992) (-7.296e-06,-0.00603992) 
264 (7.24094e-06,-0.00601708) (-7.24094e-06,-0.00601708) 
265 (7.1865e-06,-0.00599442) (-7.1865e-06,-0.00599442) 
266 (7.13267e-06,-0.00597193) (-7.13267e-06,-0.00597193) 
267 (7.07944e-06,-0.0059496) (-7.07944e-06,-0.0059496) 
268 (7.02681e-06,-0.00592745) (-7.02681e-06,-0.00592745) 
269 (6.97476e-06,-0.00590545) (-6.97476e-06,-0.00590545) 
270 (6.92329e-06,-0.00588362) (-6.92329e-06,-0.00588362) 
271 (6.87239e-06,-0.00586195) (-6.87239e-06,-0.00586195) 
272 (6.82204e-06,-0.00584044) (-6.82204e-06,-0.00584044) 
273 (6.77225e-06,-0.00581909) (-6.77225e-06,-0.00581909) 
274 (6.723e-06,-0.00579789) (-6.723e-06,-0.00579789) 
275 (6.67428e-06,-0.00577684) (-6.67428e-06,-0.00577684) 
276 (6.6261e-06,-0.00575595) (-6.6261e-06,-0.00575595) 
277 (6.57843e-06,-0.00573521) (-6.57843e-06,-0.00573521) 
278 (6.53128e-06,-0.00571462) (-6.53128e-06,-0.00571462) 
279 (6.48463e-06,-0.00569417) (-6.48463e-06,-0.00569417) 
280 (6.43847e-06,-0.00567387) (-6.43847e-06,-0.00567387) 
281 (6.39281e-06,-0.00565372) (-6.39281e-06,-0.00565372) 
282 (6.34764e-06,-0.00563371) (-6.34764e-06,-0.00563371) 
283 (6.30294e-06,-0.00561384) (-6.30294e-06,-0.00561384) 
284 (6.25871e-06,-0.0055941) (-6.25871e-06,-0.0055941) 
285 (6.21494e-06,-0.00557451) (-6.21494e-06,-0.00557451) 
286 (6.17164e-06,-0.00555505) (-6.17164e-06,-0.00555505) 
287 (6.12878e-06,-0.00553573) (-6.12878e-06,-0.00553573) 
288 (6.08637e-06,-0.00551655) (-6.08637e-06,-0.00551655) 
289 (6.0444e-06,-0.00549749) (-6.0444e-06,-0.00549749) 
290 (6.00286e-06,-0.00547857) (-6.00286e-06,-0.00547857) 
291 (5.96174e-06,-0.00545977) (-5.96174e-06,-0.00545977) 
292 (5.92105e-06,-0.00544111) (-5.92105e-06,-0.00544111) 
293 (5.88077e-06,-0.00542257) (-5.88077e-06,-0.00542257) 
294 (5.8409e-06,-0.00540416) (-5.8409e-06,-0.00540416) 
295 (5.80144e-06,-0.00538587) (-5.80144e-06,-0.00538587) 
296 (5.76238e-06,-0.00536771) (-5.76238e-06,-0.00536771) 
297 (5.7237e-06,-0.00534966) (-5.7237e-06,-0.00534966) 
298 (5.68542e-06,-0.00533174) (-5.68542e-06,-0.00533174) 
299 (5.64752e-06,-0.00531394) (-5.64752e-06,-0.00531394) 
300 (5.61e-06,-0.00529626) (-5.61e-06,-0.00529626) 
301 (5.57285e-06,-0.00527869) (-5.57285e-06,-0.00527869) 
302 (5.53606e-06,-0.00526124) (-5.53606e-06,-0.00526124) 
303 (5.49964e-06,-0.00524391) (-5.49964e-06,-0.00524391) 
304 (5.46358e-06,-0.00522669) (-5.46358e-06,-0.00522669) 
305 (5.42787e-06,-0.00520958) (-5.42787e-06,-0.00520958) 
306 (5.39251e-06,-0.00519258) (-5.39251e-06,-0.00519258) 
307 (5.3575e-06,-0.0051757) (-5.3575e-06,-0.0051757) 
308 (5.32282e-06,-0.00515892) (-5.32282e-06,-0.00515892) 
309 (5.28848e-06,-0.00514225) (-5.28848e-06,-0.00514225) 
310 (5.25448e-06,-0.00512569) (-5.25448e-06,-0.00512569) 
311 (5.2208e-06,-0.00510924) (-5.2208e-06,-0.00510924) 
312 (5.18744e-06,-0.00509289) (-5.18744e-06,-0.00509289) 
313 (5.1544e-06,-0.00507664) (-5.1544e-06,-0.00507664) 
314 (5.12167e-06,-0.0050605) (-5.12167e-06,-0.0050605) 
315 (5.08926e-06,-0.00504446) (-5.08926e-06,-0.00504446) 
316 (5.05715e-06,-0.00502852) (-5.05715e-06,-0.00502852) 
317 (5.02535e-06,-0.00501269) (-5.02535e-06,-0.00501269) 
318 (4.99384e-06,-0.00499695) (-4.99384e-06,-0.00499695) 
319 (4.96263e-06,-0.00498131) (-4.96263e-06,-0.00498131) 
320 (4.93171e-06,-0.00496577) (-4.93171e-06,-0.00496577) 
321 (4.90108e-06,-0.00495032) (-4.90108e-06,-0.00495032) 
322 (4.87074e-06,-0.00493497) (-4.87074e-06,-0.00493497) 
323 (4.84067e-06,-0.00491972) (-4.84067e-06,-0.00491972) 
324 (4.81088e-06,-0.00490456) (-4.81088e-06,-0.00490456) 
325 (4.78137e-06,-0.00488949) (-4.78137e-06,-0.00488949) 
326 (4.75213e-06,-0.00487451) (-4.75213e-06,-0.00487451) 
327 (4.72315e-06,-0.00485963) (-4.72315e-06,-0.00485963) 
328 (4.69444e-06,-0.00484484) (-4.69444e-06,-0.00484484) 
329 (4.66599e-06,-0.00483013) (-4.66599e-06,-0.00483013) 
330 (4.6378e-06,-0.00481552) (-4.6378e-06,-0.00481552) 
331 (4.60986e-06,-0.00480099) (-4.60986e-06,-0.00480099) 
332 (4.58217e-06,-0.00478656) (-4.58217e-06,-0.00478656) 
333 (4.55474e-06,-0.0047722) (-4.55474e-06,-0.0047722) 
334 (4.52755e-06,-0.00475794) (-4.52755e-06,-0.00475794) 
335 (4.5006e-06,-0.00474376) (-4.5006e-06,-0.00474376) 
336 (4.47389e-06,-0.00472966) (-4.47389e-06,-0.00472966) 
337 (4.44742e-06,-0.00471565) (-4.44742e-06,-0.00471565) 
338 (4.42118e-06,-0.00470171) (-4.42118e-06,-0.00470171) 
339 (4.39517e-06,-0.00468787) (-4.39517e-06,-0.00468787) 
340 (4.3694e-06,-0.0046741) (-4.3694e-06,-0.0046741) 
341 (4.34384e-06,-0.00466041) (-4.34384e-06,-0.00466041) 
342 (4.31852e-06,-0.00464681) (-4.31852e-06,-0.00464681) 
343 (4.29341e-06,-0.00463328) (-4.29341e-06,-0.00463328) 
344 (4.26852e-06,-0.00461983) (-4.26852e-06,-0.00461983) 
345 (4.24385e-06,-0.00460646) (-4.24385e-06,-0.00460646) 
346 (4.21939e-06,-0.00459316) (-4.21939e-06,-0.00459316) 
347 (4.19514e-06,-0.00457995) (-4.19514e-06,-0.00457995) 
348 (4.1711e-06,-0.0045668) (-4.1711e-06,-0.0045668) 
349 (4.14727e-06,-0.00455374) (-4.14727e-06,-0.00455374) 
350 (4.12364e-06,-0.00454075) (-4.12364e-06,-0.00454075) 
351 (4.10021e-06,-0.00452783) (-4.10021e-06,-0.00452783) 
352 (4.07698e-06,-0.00451498) (-4.07698e-06,-0.00451498) 
353 (4.05395e-06,-0.00450221) (-4.05395e-06,-0.00450221) 
354 (4.03111e-06,-0.00448951) (-4.03111e-06,-0.00448951) 
355 (4.00846e-06,-0.00447688) (-4.00846e-06,-0.00447688) 
356 (3.98601e-06,-0.00446433) (-3.98601e-06,-0.00446433) 
357 (3.96374e-06,-0.00445184) (-3.96374e-06,-0.00445184) 
358 (3.94166e-06,-0.00443942) (-3.94166e-06,-0.00443942) 
359 (3.91976e-06,-0.00442707) (-3.91976e-06,-0.00442707) 
360 (3.89804e-06,-0.00441479) (-3.89804e-06,-0.00441479) 
361 (3.87651e-06,-0.00440258) (-3.87651e-06,-0.00440258) 
362 (3.85515e-06,-0.00439044) (-3.85515e-06,-0.00439044) 
363 (3.83397e-06,-0.00437836) (-3.83397e-06,-0.00437836) 
364 (3.81296e-06,-0.00436635) (-3.81296e-06,-0.00436635) 
365 (3.79213e-06,-0.0043544) (-3.79213e-06,-0.0043544) 
366 (3.77146e-06,-0.00434252) (-3.77146e-06,-0.00434252) 
367 (3.75097e-06,-0.0043307) (-3.75097e-06,-0.0043307) 
368 (3.73064e-06,-0.00431895) (-3.73064e-06,-0.00431895) 
369 (3.71047e-06,-0.00430726) (-3.71047e-06,-0.00430726) 
370 (3.69047e-06,-0.00429564) (-3.69047e-06,-0.00429564) 
371 (3.67063e-06,-0.00428407) (-3.67063e-06,-0.00428407) 
372 (3.65095e-06,-0.00427257) (-3.65095e-06,-0.00427257) 
373 (3.63142e-06,-0.00426113) (-3.63142e-06,-0.00426113) 
374 (3.61206e-06,-0.00424976) (-3.61206e-06,-0.00424976) 
375 (3.59284e-06,-0.00423844) (-3.59284e-06,-0.00423844) 
376 (3.57378e-06,-0.00422718) (-3.57378e-06,-0.00422718) 
377 (3.55488e-06,-0.00421598) (-3.55488e-06,-0.00421598) 
378 (3.53612e-06,-0.00420485) (-3.53612e-06,-0.00420485) 
379 (3.51751e-06,-0.00419377) (-3.51751e-06,-0.00419377) 
380 (3.49904e-06,-0.00418274) (-3.49904e-06,-0.00418274) 
381 (3.48072e-06,-0.00417178) (-3.48072e-06,-0.00417178) 
382 (3.46255e-06,-0.00416087) (-3.46255e-06,-0.00416087) 
383 (3.44451e-06,-0.00415003) (-3.44451e-06,-0.00415003) 
384 (3.42662e-06,-0.00413923) (-3.42662e-06,-0.00413923) 
385 (3.40887e-06,-0.00412849) (-3.40887e-06,-0.00412849) 
386 (3.39125e-06,-0.00411781) (-3.39125e-06,-0.00411781) 
387 (3.37377e-06,-0.00410719) (-3.37377e-06,-0.00410719) 
388 (3.35643e-06,-0.00409662) (-3.35643e-06,-0.00409662) 
389 (3.33921e-06,-0.0040861) (-3.33921e-06,-0.0040861) 
390 (3.32213e-06,-0.00407563) (-3.32213e-06,-0.00407563) 
391 (3.30518e-06,-0.00406522) (-3.30518e-06,-0.00406522) 
392 (3.28836e-06,-0.00405487) (-3.28836e-06,-0.00405487) 
393 (3.27167e-06,-0.00404456) (-3.27167e-06,-0.00404456) 
394 (3.25511e-06,-0.00403431) (-3.25511e-06,-0.00403431) 
395 (3.23867e-06,-0.00402411) (-3.23867e-06,-0.00402411) 
396 (3.22235e-06,-0.00401396) (-3.22235e-06,-0.00401396) 
397 (3.20616e-06,-0.00400386) (-3.20616e-06,-0.00400386) 
398 (3.19009e-06,-0.00399382) (-3.19009e-06,-0.00399382) 
399 (3.17414e-06,-0.00398382) (-3.17414e-06,-0.00398382) 
400 (3.15831e-06,-0.00397387) (-3.15831e-06,-0.00397387) 
401 (3.1426e-06,-0.00396397) (-3.1426e-06,-0.00396397) 
402 (3.127e-06,-0.00395413) (-3.127e-06,-0.00395413) 
403 (3.11152e-06,-0.00394433) (-3.11152e-06,-0.00394433) 
404 (3.09616e-06,-0.00393458) (-3.09616e-06,-0.00393458) 
405 (3.0809e-06,-0.00392487) (-3.0809e-06,-0.00392487) 
406 (3.06577e-06,-0.00391522) (-3.06577e-06,-0.00391522) 
407 (3.05074e-06,-0.00390561) (-3.05074e-06,-0.00390561) 
408 (3.03582e-06,-0.00389605) (-3.03582e-06,-0.00389605) 
409 (3.02101e-06,-0.00388654) (-3.02101e-06,-0.00388654) 
410 (3.00631e-06,-0.00387707) (-3.00631e-06,-0.00387707) 
411 (2.99172e-06,-0.00386765) (-2.99172e-06,-0.00386765) 
412 (2.97723e-06,-0.00385827) (-2.97723e-06,-0.00385827) 
413 (2.96285e-06,-0.00384894) (-2.96285e-06,-0.00384894) 
414 (2.94857e-06,-0.00383965) (-2.94857e-06,-0.00383965) 
415 (2.93439e-06,-0.00383041) (-2.93439e-06,-0.00383041) 
416 (2.92032e-06,-0.00382122) (-2.92032e-06,-0.00382122) 
417 (2.90635e-06,-0.00381206) (-2.90635e-06,-0.00381206) 
418 (2.89248e-06,-0.00380296) (-2.89248e-06,-0.00380296) 
419 (2.8787e-06,-0.00379389) (-2.8787e-06,-0.00379389) 
420 (2.86503e-06,-0.00378487) (-2.86503e-06,-0.00378487) 
421 (2.85145e-06,-0.00377589) (-2.85145e-06,-0.00377589) 
422 (2.83797e-06,-0.00376695) (-2.83797e-06,-0.00376695) 
423 (2.82458e-06,-0.00375806) (-2.82458e-06,-0.00375806) 
424 (2.81129e-06,-0.0037492) (-2.81129e-06,-0.0037492) 
425 (2.79809e-06,-0.00374039) (-2.79809e-06,-0.00374039) 
426 (2.78499e-06,-0.00373162) (-2.78499e-06,-0.00373162) 
427 (2.77197e-06,-0.00372289) (-2.77197e-06,-0.00372289) 
428 (2.75905e-06,-0.00371421) (-2.75905e-06,-0.00371421) 
429 (2.74622e-06,-0.00370556) (-2.74622e-06,-0.00370556) 
430 (2.73347e-06,-0.00369695) (-2.73347e-06,-0.00369695) 
431 (2.72082e-06,-0.00368838) (-2.72082e-06,-0.00368838) 
432 (2.70825e-06,-0.00367986) (-2.70825e-06,-0.00367986) 
433 (2.69577e-06,-0.00367137) (-2.69577e-06,-0.00367137) 
434 (2.68338e-06,-0.00366292) (-2.68338e-06,-0.00366292) 
435 (2.67107e-06,-0.00365451) (-2.67107e-06,-0.00365451) 
436 (2.65884e-06,-0.00364614) (-2.65884e-06,-0.00364614) 
437 (2.6467e-06,-0.0036378) (-2.6467e-06,-0.0036378) 
438 (2.63465e-06,-0.00362951) (-2.63465e-06,-0.00362951) 
439 (2.62267e-06,-0.00362125) (-2.62267e-06,-0.00362125) 
440 (2.61078e-06,-0.00361303) (-2.61078e-06,-0.00361303) 
441 (2.59896e-06,-0.00360484) (-2.59896e-06,-0.00360484) 
442 (2.58723e-06,-0.0035967) (-2.58723e-06,-0.0035967) 
443 (2.57558e-06,-0.00358859) (-2.57558e-06,-0.00358859) 
444 (2.564e-06,-0.00358051) (-2.564e-06,-0.00358051) 
445 (2.5525e-06,-0.00357248) (-2.5525e-06,-0.00357248) 
446 (2.54108e-06,-0.00356448) (-2.54108e-06,-0.00356448) 
447 (2.52974e-06,-0.00355651) (-2.52974e-06,-0.00355651) 
448 (2.51847e-06,-0.00354858) (-2.51847e-06,-0.00354858) 
449 (2.50728e-06,-0.00354069) (-2.50728e-06,-0.00354069) 
450 (2.49616e-06,-0.00353283) (-2.49616e-06,-0.00353283) 
451 (2.48511e-06,-0.003525) (-2.48511e-06,-0.003525) 
452 (2.47414e-06,-0.00351721) (-2.47414e-06,-0.00351721) 
453 (2.46324e-06,-0.00350946) (-2.46324e-06,-0.00350946) 
454 (2.45242e-06,-0.00350174) (-2.45242e-06,-0.00350174) 
455 (2.44166e-06,-0.00349405) (-2.44166e-06,-0.00349405) 
456 (2.43098e-06,-0.00348639) (-2.43098e-06,-0.00348639) 
457 (2.42036e-06,-0.00347877) (-2.42036e-06,-0.00347877) 
458 (2.40981e-06,-0.00347119) (-2.40981e-06,-0.00347119) 
459 (2.39934e-06,-0.00346363) (-2.39934e-06,-0.00346363) 
460 (2.38893e-06,-0.00345611) (-2.38893e-06,-0.00345611) 
461 (2.37859e-06,-0.00344862) (-2.37859e-06,-0.00344862) 
462 (2.36831e-06,-0.00344117) (-2.36831e-06,-0.00344117) 
463 (2.3581e-06,-0.00343374) (-2.3581e-06,-0.00343374) 
464 (2.34796e-06,-0.00342635) (-2.34796e-06,-0.00342635) 
465 (2.33788e-06,-0.00341899) (-2.33788e-06,-0.00341899) 
466 (2.32787e-06,-0.00341166) (-2.32787e-06,-0.00341166) 
467 (2.31792e-06,-0.00340436) (-2.31792e-06,-0.00340436) 
468 (2.30804e-06,-0.0033971) (-2.30804e-06,-0.0033971) 
469 (2.29822e-06,-0.00338986) (-2.29822e-06,-0.00338986) 
470 (2.28846e-06,-0.00338266) (-2.28846e-06,-0.00338266) 
471 (2.27876e-06,-0.00337548) (-2.27876e-06,-0.00337548) 
472 (2.26913e-06,-0.00336834) (-2.26913e-06,-0.00336834) 
473 (2.25955e-06,-0.00336122) (-2.25955e-06,-0.00336122) 
474 (2.25004e-06,-0.00335414) (-2.25004e-06,-0.00335414) 
475 (2.24059e-06,-0.00334709) (-2.24059e-06,-0.00334709) 
476 (2.23119e-06,-0.00334006) (-2.23119e-06,-0.00334006) 
477 (2.22186e-06,-0.00333307) (-2.22186e-06,-0.00333307) 
478 (2.21258e-06,-0.0033261) (-2.21258e-06,-0.0033261) 
479 (2.20336e-06,-0.00331917) (-2.20336e-06,-0.00331917) 
480 (2.1942e-06,-0.00331226) (-2.1942e-06,-0.00331226) 
481 (2.1851e-06,-0.00330538) (-2.1851e-06,-0.00330538) 
482 (2.17605e-06,-0.00329853) (-2.17605e-06,-0.00329853) 
483 (2.16706e-06,-0.00329171) (-2.16706e-06,-0.00329171) 
484 (2.15812e-06,-0.00328491) (-2.15812e-06,-0.00328491) 
485 (2.14924e-06,-0.00327815) (-2.14924e-06,-0.00327815) 
486 (2.14041e-06,-0.00327141) (-2.14041e-06,-0.00327141) 
487 (2.13164e-06,-0.0032647) (-2.13164e-06,-0.0032647) 
488 (2.12292e-06,-0.00325801) (-2.12292e-06,-0.00325801) 
489 (2.11426e-06,-0.00325136) (-2.11426e-06,-0.00325136) 
490 (2.10565e-06,-0.00324473) (-2.10565e-06,-0.00324473) 
491 (2.09709e-06,-0.00323813) (-2.09709e-06,-0.00323813) 
492 (2.08858e-06,-0.00323155) (-2.08858e-06,-0.00323155) 
493 (2.08012e-06,-0.00322501) (-2.08012e-06,-0.00322501) 
494 (2.07172e-06,-0.00321848) (-2.07172e-06,-0.00321848) 
495 (2.06336e-06,-0.00321199) (-2.06336e-06,-0.00321199) 
496 (2.05506e-06,-0.00320552) (-2.05506e-06,-0.00320552) 
497 (2.04681e-06,-0.00319908) (-2.04681e-06,-0.00319908) 
498 (2.03861e-06,-0.00319266) (-2.03861e-06,-0.00319266) 
499 (2.03045e-06,-0.00318627) (-2.03045e-06,-0.00318627) 
500 (2.02235e-06,-0.0031799) (-2.02235e-06,-0.0031799) 
501 (2.01429e-06,-0.00317356) (-2.01429e-06,-0.00317356) 
502 (2.00628e-06,-0.00316725) (-2.00628e-06,-0.00316725) 
503 (1.99832e-06,-0.00316096) (-1.99832e-06,-0.00316096) 
504 (1.9904e-06,-0.00315469) (-1.9904e-06,-0.00315469) 
505 (1.98254e-06,-0.00314845) (-1.98254e-06,-0.00314845) 
506 (1.97472e-06,-0.00314223) (-1.97472e-06,-0.00314223) 
507 (1.96694e-06,-0.00313604) (-1.96694e-06,-0.00313604) 
508 (1.95921e-06,-0.00312987) (-1.95921e-06,-0.00312987) 
509 (1.95153e-06,-0.00312373) (-1.95153e-06,-0.00312373) 
510 (1.94389e-06,-0.00311761) (-1.94389e-06,-0.00311761) 
511 (1.9363e-06,-0.00311152) (-1.9363e-06,-0.00311152) 
512 (1.92875e-06,-0.00310545) (-1.92875e-06,-0.00310545) 
513 (1.92125e-06,-0.0030994) (-1.92125e-06,-0.0030994) 
514 (1.91378e-06,-0.00309337) (-1.91378e-06,-0.00309337) 
515 (1.90637e-06,-0.00308737) (-1.90637e-06,-0.00308737) 
516 (1.89899e-06,-0.0030814) (-1.89899e-06,-0.0030814) 
517 (1.89166e-06,-0.00307544) (-1.89166e-06,-0.00307544) 
518 (1.88437e-06,-0.00306951) (-1.88437e-06,-0.00306951) 
519 (1.87712e-06,-0.0030636) (-1.87712e-06,-0.0030636) 
520 (1.86992e-06,-0.00305772) (-1.86992e-06,-0.00305772) 
521 (1.86275e-06,-0.00305185) (-1.86275e-06,-0.00305185) 
522 (1.85563e-06,-0.00304601) (-1.85563e-06,-0.00304601) 
523 (1.84855e-06,-0.00304019) (-1.84855e-06,-0.00304019) 
524 (1.84151e-06,-0.0030344) (-1.84151e-06,-0.0030344) 
525 (1.8345e-06,-0.00302862) (-1.8345e-06,-0.00302862) 
526 (1.82754e-06,-0.00302287) (-1.82754e-06,-0.00302287) 
527 (1.82062e-06,-0.00301714) (-1.82062e-06,-0.00301714) 
528 (1.81374e-06,-0.00301143) (-1.81374e-06,-0.00301143) 
529 (1.80689e-06,-0.00300574) (-1.80689e-06,-0.00300574) 
530 (1.80009e-06,-0.00300008) (-1.80009e-06,-0.00300008) 
531 (1.79332e-06,-0.00299443) (-1.79332e-06,-0.00299443) 
532 (1.78659e-06,-0.00298881) (-1.78659e-06,-0.00298881) 
533 (1.7799e-06,-0.00298321) (-1.7799e-06,-0.00298321) 
534 (1.77325e-06,-0.00297763) (-1.77325e-06,-0.00297763) 
535 (1.76663e-06,-0.00297207) (-1.76663e-06,-0.00297207) 
536 (1.76005e-06,-0.00296653) (-1.76005e-06,-0.00296653) 
537 (1.75351e-06,-0.00296101) (-1.75351e-06,-0.00296101) 
538 (1.747e-06,-0.00295551) (-1.747e-06,-0.00295551) 
539 (1.74053e-06,-0.00295003) (-1.74053e-06,-0.00295003) 
540 (1.7341e-06,-0.00294457) (-1.7341e-06,-0.00294457) 
541 (1.7277e-06,-0.00293914) (-1.7277e-06,-0.00293914) 
542 (1.72133e-06,-0.00293372) (-1.72133e-06,-0.00293372) 
543 (1.71501e-06,-0.00292832) (-1.71501e-06,-0.00292832) 
544 (1.70871e-06,-0.00292294) (-1.70871e-06,-0.00292294) 
545 (1.70245e-06,-0.00291758) (-1.70245e-06,-0.00291758) 
546 (1.69623e-06,-0.00291225) (-1.69623e-06,-0.00291225) 
547 (1.69004e-06,-0.00290693) (-1.69004e-06,-0.00290693) 
548 (1.68388e-06,-0.00290163) (-1.68388e-06,-0.00290163) 
549 (1.67776e-06,-0.00289635) (-1.67776e-06,-0.00289635) 
550 (1.67167e-06,-0.00289108) (-1.67167e-06,-0.00289108) 
551 (1.66561e-06,-0.00288584) (-1.66561e-06,-0.00288584) 
552 (1.65959e-06,-0.00288062) (-1.65959e-06,-0.00288062) 
553 (1.6536e-06,-0.00287542) (-1.6536e-06,-0.00287542) 
554 (1.64764e-06,-0.00287023) (-1.64764e-06,-0.00287023) 
555 (1.64171e-06,-0.00286506) (-1.64171e-06,-0.00286506) 
556 (1.63582e-06,-0.00285991) (-1.63582e-06,-0.00285991) 
557 (1.62995e-06,-0.00285478) (-1.62995e-06,-0.00285478) 
558 (1.62412e-06,-0.00284967) (-1.62412e-06,-0.00284967) 
559 (1.61832e-06,-0.00284458) (-1.61832e-06,-0.00284458) 
560 (1.61255e-06,-0.0028395) (-1.61255e-06,-0.0028395) 
561 (1.60681e-06,-0.00283445) (-1.60681e-06,-0.00283445) 
562 (1.60111e-06,-0.00282941) (-1.60111e-06,-0.00282941) 
563 (1.59543e-06,-0.00282439) (-1.59543e-06,-0.00282439) 
564 (1.58978e-06,-0.00281938) (-1.58978e-06,-0.00281938) 
565 (1.58416e-06,-0.0028144) (-1.58416e-06,-0.0028144) 
566 (1.57857e-06,-0.00280943) (-1.57857e-06,-0.00280943) 
567 (1.57302e-06,-0.00280448) (-1.57302e-06,-0.00280448) 
568 (1.56749e-06,-0.00279955) (-1.56749e-06,-0.00279955) 
569 (1.56199e-06,-0.00279463) (-1.56199e-06,-0.00279463) 
570 (1.55652e-06,-0.00278973) (-1.55652e-06,-0.00278973) 
571 (1.55107e-06,-0.00278485) (-1.55107e-06,-0.00278485) 
572 (1.54566e-06,-0.00277999) (-1.54566e-06,-0.00277999) 
573 (1.54027e-06,-0.00277514) (-1.54027e-06,-0.00277514) 
574 (1.53492e-06,-0.00277031) (-1.53492e-06,-0.00277031) 
575 (1.52959e-06,-0.0027655) (-1.52959e-06,-0.0027655) 
576 (1.52429e-06,-0.0027607) (-1.52429e-06,-0.0027607) 
577 (1.51901e-06,-0.00275592) (-1.51901e-06,-0.00275592) 
578 (1.51377e-06,-0.00275115) (-1.51377e-06,-0.00275115) 
579 (1.50855e-06,-0.00274641) (-1.50855e-06,-0.00274641) 
580 (1.50335e-06,-0.00274168) (-1.50335e-06,-0.00274168) 
581 (1.49819e-06,-0.00273696) (-1.49819e-06,-0.00273696) 
582 (1.49305e-06,-0.00273226) (-1.49305e-06,-0.00273226) 
583 (1.48793e-06,-0.00272758) (-1.48793e-06,-0.00272758) 
584 (1.48285e-06,-0.00272291) (-1.48285e-06,-0.00272291) 
585 (1.47779e-06,-0.00271826) (-1.47779e-06,-0.00271826) 
586 (1.47275e-06,-0.00271363) (-1.47275e-06,-0.00271363) 
587 (1.46774e-06,-0.00270901) (-1.46774e-06,-0.00270901) 
588 (1.46276e-06,-0.00270441) (-1.46276e-06,-0.00270441) 
589 (1.4578e-06,-0.00269982) (-1.4578e-06,-0.00269982) 
590 (1.45287e-06,-0.00269525) (-1.45287e-06,-0.00269525) 
591 (1.44796e-06,-0.00269069) (-1.44796e-06,-0.00269069) 
592 (1.44307e-06,-0.00268615) (-1.44307e-06,-0.00268615) 
593 (1.43822e-06,-0.00268162) (-1.43822e-06,-0.00268162) 
594 (1.43338e-06,-0.00267711) (-1.43338e-06,-0.00267711) 
595 (1.42857e-06,-0.00267262) (-1.42857e-06,-0.00267262) 
596 (1.42379e-06,-0.00266814) (-1.42379e-06,-0.00266814) 
597 (1.41902e-06,-0.00266367) (-1.41902e-06,-0.00266367) 
598 (1.41429e-06,-0.00265922) (-1.41429e-06,-0.00265922) 
599 (1.40957e-06,-0.00265478) (-1.40957e-06,-0.00265478) 
600 (1.40488e-06,-0.00265036) (-1.40488e-06,-0.00265036) 
601 (1.40021e-06,-0.00264596) (-1.40021e-06,-0.00264596) 
602 (1.39557e-06,-0.00264157) (-1.39557e-06,-0.00264157) 
603 (1.39095e-06,-0.00263719) (-1.39095e-06,-0.00263719) 
604 (1.38635e-06,-0.00263283) (-1.38635e-06,-0.00263283) 
605 (1.38178e-06,-0.00262848) (-1.38178e-06,-0.00262848) 
606 (1.37722e-06,-0.00262414) (-1.37722e-06,-0.00262414) 
607 (1.37269e-06,-0.00261982) (-1.37269e-06,-0.00261982) 
608 (1.36818e-06,-0.00261552) (-1.36818e-06,-0.00261552) 
609 (1.3637e-06,-0.00261123) (-1.3637e-06,-0.00261123) 
610 (1.35923e-06,-0.00260695) (-1.35923e-06,-0.00260695) 
611 (1.35479e-06,-0.00260269) (-1.35479e-06,-0.00260269) 
612 (1.35037e-06,-0.00259844) (-1.35037e-06,-0.00259844) 
613 (1.34597e-06,-0.0025942) (-1.34597e-06,-0.0025942) 
614 (1.3416e-06,-0.00258998) (-1.3416e-06,-0.00258998) 
615 (1.33724e-06,-0.00258577) (-1.33724e-06,-0.00258577) 
616 (1.33291e-06,-0.00258158) (-1.33291e-06,-0.00258158) 
617 (1.32859e-06,-0.0025774) (-1.32859e-06,-0.0025774) 
618 (1.3243e-06,-0.00257323) (-1.3243e-06,-0.00257323) 
619 (1.32003e-06,-0.00256908) (-1.32003e-06,-0.00256908) 
620 (1.31578e-06,-0.00256494) (-1.31578e-06,-0.00256494) 
621 (1.31155e-06,-0.00256081) (-1.31155e-06,-0.00256081) 
622 (1.30734e-06,-0.0025567) (-1.30734e-06,-0.0025567) 
623 (1.30315e-06,-0.0025526) (-1.30315e-06,-0.0025526) 
624 (1.29898e-06,-0.00254851) (-1.29898e-06,-0.00254851) 
625 (1.29483e-06,-0.00254443) (-1.29483e-06,-0.00254443) 
626 (1.2907e-06,-0.00254037) (-1.2907e-06,-0.00254037) 
627 (1.28659e-06,-0.00253632) (-1.28659e-06,-0.00253632) 
628 (1.28249e-06,-0.00253229) (-1.28249e-06,-0.00253229) 
629 (1.27842e-06,-0.00252827) (-1.27842e-06,-0.00252827) 
630 (1.27437e-06,-0.00252426) (-1.27437e-06,-0.00252426) 
631 (1.27034e-06,-0.00252026) (-1.27034e-06,-0.00252026) 
632 (1.26632e-06,-0.00251628) (-1.26632e-06,-0.00251628) 
633 (1.26233e-06,-0.0025123) (-1.26233e-06,-0.0025123) 
634 (1.25835e-06,-0.00250834) (-1.25835e-06,-0.00250834) 
635 (1.2544e-06,-0.0025044) (-1.2544e-06,-0.0025044) 
636 (1.25046e-06,-0.00250046) (-1.25046e-06,-0.00250046) 
637 (1.24654e-06,-0.00249654) (-1.24654e-06,-0.00249654) 
638 (1.24264e-06,-0.00249263) (-1.24264e-06,-0.00249263) 
639 (1.23875e-06,-0.00248873) (-1.23875e-06,-0.00248873) 
640 (1.23489e-06,-0.00248485) (-1.23489e-06,-0.00248485) 
641 (1.23104e-06,-0.00248097) (-1.23104e-06,-0.00248097) 
642 (1.22721e-06,-0.00247711) (-1.22721e-06,-0.00247711) 
643 (1.2234e-06,-0.00247326) (-1.2234e-06,-0.00247326) 
644 (1.21961e-06,-0.00246942) (-1.21961e-06,-0.00246942) 
645 (1.21583e-06,-0.0024656) (-1.21583e-06,-0.0024656) 
646 (1.21207e-06,-0.00246179) (-1.21207e-06,-0.00246179) 
647 (1.20833e-06,-0.00245798) (-1.20833e-06,-0.00245798) 
648 (1.20461e-06,-0.00245419) (-1.20461e-06,-0.00245419) 
649 (1.2009e-06,-0.00245041) (-1.2009e-06,-0.00245041) 
650 (1.19721e-06,-0.00244665) (-1.19721e-06,-0.00244665) 
651 (1.19354e-06,-0.00244289) (-1.19354e-06,-0.00244289) 
652 (1.18989e-06,-0.00243915) (-1.18989e-06,-0.00243915) 
653 (1.18625e-06,-0.00243542) (-1.18625e-06,-0.00243542) 
654 (1.18262e-06,-0.00243169) (-1.18262e-06,-0.00243169) 
655 (1.17902e-06,-0.00242799) (-1.17902e-06,-0.00242799) 
656 (1.17543e-06,-0.00242429) (-1.17543e-06,-0.00242429) 
657 (1.17186e-06,-0.0024206) (-1.17186e-06,-0.0024206) 
658 (1.1683e-06,-0.00241692) (-1.1683e-06,-0.00241692) 
659 (1.16476e-06,-0.00241326) (-1.16476e-06,-0.00241326) 
660 (1.16124e-06,-0.00240961) (-1.16124e-06,-0.00240961) 
661 (1.15773e-06,-0.00240596) (-1.15773e-06,-0.00240596) 
662 (1.15424e-06,-0.00240233) (-1.15424e-06,-0.00240233) 
663 (1.15076e-06,-0.00239871) (-1.15076e-06,-0.00239871) 
664 (1.1473e-06,-0.0023951) (-1.1473e-06,-0.0023951) 
665 (1.14385e-06,-0.0023915) (-1.14385e-06,-0.0023915) 
666 (1.14042e-06,-0.00238791) (-1.14042e-06,-0.00238791) 
667 (1.13701e-06,-0.00238434) (-1.13701e-06,-0.00238434) 
668 (1.13361e-06,-0.00238077) (-1.13361e-06,-0.00238077) 
669 (1.13023e-06,-0.00237721) (-1.13023e-06,-0.00237721) 
670 (1.12686e-06,-0.00237367) (-1.12686e-06,-0.00237367) 
671 (1.1235e-06,-0.00237013) (-1.1235e-06,-0.00237013) 
672 (1.12016e-06,-0.00236661) (-1.12016e-06,-0.00236661) 
673 (1.11684e-06,-0.0023631) (-1.11684e-06,-0.0023631) 
674 (1.11353e-06,-0.00235959) (-1.11353e-06,-0.00235959) 
675 (1.11024e-06,-0.0023561) (-1.11024e-06,-0.0023561) 
676 (1.10696e-06,-0.00235262) (-1.10696e-06,-0.00235262) 
677 (1.10369e-06,-0.00234914) (-1.10369e-06,-0.00234914) 
678 (1.10044e-06,-0.00234568) (-1.10044e-06,-0.00234568) 
679 (1.0972e-06,-0.00234223) (-1.0972e-06,-0.00234223) 
680 (1.09398e-06,-0.00233879) (-1.09398e-06,-0.00233879) 
681 (1.09077e-06,-0.00233536) (-1.09077e-06,-0.00233536) 
682 (1.08758e-06,-0.00233193) (-1.08758e-06,-0.00233193) 
683 (1.0844e-06,-0.00232852) (-1.0844e-06,-0.00232852) 
684 (1.08123e-06,-0.00232512) (-1.08123e-06,-0.00232512) 
685 (1.07808e-06,-0.00232173) (-1.07808e-06,-0.00232173) 
686 (1.07494e-06,-0.00231835) (-1.07494e-06,-0.00231835) 
687 (1.07182e-06,-0.00231497) (-1.07182e-06,-0.00231497) 
688 (1.06871e-06,-0.00231161) (-1.06871e-06,-0.00231161) 
689 (1.06561e-06,-0.00230826) (-1.06561e-06,-0.00230826) 
690 (1.06253e-06,-0.00230492) (-1.06253e-06,-0.00230492) 
691 (1.05945e-06,-0.00230158) (-1.05945e-06,-0.00230158) 
692 (1.0564e-06,-0.00229826) (-1.0564e-06,-0.00229826) 
693 (1.05335e-06,-0.00229495) (-1.05335e-06,-0.00229495) 
694 (1.05032e-06,-0.00229164) (-1.05032e-06,-0.00229164) 
695 (1.0473e-06,-0.00228835) (-1.0473e-06,-0.00228835) 
696 (1.0443e-06,-0.00228506) (-1.0443e-06,-0.00228506) 
697 (1.04131e-06,-0.00228178) (-1.04131e-06,-0.00228178) 
698 (1.03833e-06,-0.00227852) (-1.03833e-06,-0.00227852) 
699 (1.03536e-06,-0.00227526) (-1.03536e-06,-0.00227526) 
700 (1.03241e-06,-0.00227201) (-1.03241e-06,-0.00227201) 
701 (1.02946e-06,-0.00226877) (-1.02946e-06,-0.00226877) 
702 (1.02654e-06,-0.00226554) (-1.02654e-06,-0.00226554) 
703 (1.02362e-06,-0.00226232) (-1.02362e-06,-0.00226232) 
704 (1.02072e-06,-0.00225911) (-1.02072e-06,-0.00225911) 
705 (1.01782e-06,-0.00225591) (-1.01782e-06,-0.00225591) 
706 (1.01495e-06,-0.00225272) (-1.01495e-06,-0.00225272) 
707 (1.01208e-06,-0.00224953) (-1.01208e-06,-0.00224953) 
708 (1.00922e-06,-0.00224636) (-1.00922e-06,-0.00224636) 
709 (1.00638e-06,-0.00224319) (-1.00638e-06,-0.00224319) 
710 (1.00355e-06,-0.00224004) (-1.00355e-06,-0.00224004) 
711 (1.00073e-06,-0.00223689) (-1.00073e-06,-0.00223689) 
712 (9.97923e-07,-0.00223375) (-9.97923e-07,-0.00223375) 
713 (9.95128e-07,-0.00223062) (-9.95128e-07,-0.00223062) 
714 (9.92345e-07,-0.00222749) (-9.92345e-07,-0.00222749) 
715 (9.89573e-07,-0.00222438) (-9.89573e-07,-0.00222438) 
716 (9.86812e-07,-0.00222128) (-9.86812e-07,-0.00222128) 
717 (9.84064e-07,-0.00221818) (-9.84064e-07,-0.00221818) 
718 (9.81326e-07,-0.00221509) (-9.81326e-07,-0.00221509) 
719 (9.786e-07,-0.00221202) (-9.786e-07,-0.00221202) 
720 (9.75886e-07,-0.00220895) (-9.75886e-07,-0.00220895) 
721 (9.73183e-07,-0.00220588) (-9.73183e-07,-0.00220588) 
722 (9.70491e-07,-0.00220283) (-9.70491e-07,-0.00220283) 
723 (9.6781e-07,-0.00219979) (-9.6781e-07,-0.00219979) 
724 (9.6514e-07,-0.00219675) (-9.6514e-07,-0.00219675) 
725 (9.62481e-07,-0.00219372) (-9.62481e-07,-0.00219372) 
726 (9.59833e-07,-0.0021907) (-9.59833e-07,-0.0021907) 
727 (9.57196e-07,-0.00218769) (-9.57196e-07,-0.00218769) 
728 (9.5457e-07,-0.00218469) (-9.5457e-07,-0.00218469) 
729 (9.51955e-07,-0.00218169) (-9.51955e-07,-0.00218169) 
730 (9.49351e-07,-0.00217871) (-9.49351e-07,-0.00217871) 
731 (9.46757e-07,-0.00217573) (-9.46757e-07,-0.00217573) 
732 (9.44174e-07,-0.00217276) (-9.44174e-07,-0.00217276) 
733 (9.41601e-07,-0.0021698) (-9.41601e-07,-0.0021698) 
734 (9.39039e-07,-0.00216684) (-9.39039e-07,-0.00216684) 
735 (9.36487e-07,-0.0021639) (-9.36487e-07,-0.0021639) 
736 (9.33946e-07,-0.00216096) (-9.33946e-07,-0.00216096) 
737 (9.31415e-07,-0.00215803) (-9.31415e-07,-0.00215803) 
738 (9.28894e-07,-0.00215511) (-9.28894e-07,-0.00215511) 
739 (9.26383e-07,-0.00215219) (-9.26383e-07,-0.00215219) 
740 (9.23883e-07,-0.00214928) (-9.23883e-07,-0.00214928) 
741 (9.21393e-07,-0.00214639) (-9.21393e-07,-0.00214639) 
742 (9.18913e-07,-0.0021435) (-9.18913e-07,-0.0021435) 
743 (9.16443e-07,-0.00214061) (-9.16443e-07,-0.00214061) 
744 (9.13982e-07,-0.00213774) (-9.13982e-07,-0.00213774) 
745 (9.11532e-07,-0.00213487) (-9.11532e-07,-0.00213487) 
746 (9.09091e-07,-0.00213201) (-9.09091e-07,-0.00213201) 
747 (9.06661e-07,-0.00212916) (-9.06661e-07,-0.00212916) 
748 (9.0424e-07,-0.00212631) (-9.0424e-07,-0.00212631) 
749 (9.01829e-07,-0.00212348) (-9.01829e-07,-0.00212348) 
750 (8.99427e-07,-0.00212065) (-8.99427e-07,-0.00212065) 
751 (8.97035e-07,-0.00211783) (-8.97035e-07,-0.00211783) 
752 (8.94652e-07,-0.00211501) (-8.94652e-07,-0.00211501) 
753 (8.92279e-07,-0.0021122) (-8.92279e-07,-0.0021122) 
754 (8.89916e-07,-0.0021094) (-8.89916e-07,-0.0021094) 
755 (8.87561e-07,-0.00210661) (-8.87561e-07,-0.00210661) 
756 (8.85216e-07,-0.00210383) (-8.85216e-07,-0.00210383) 
757 (8.82881e-07,-0.00210105) (-8.82881e-07,-0.00210105) 
758 (8.80554e-07,-0.00209828) (-8.80554e-07,-0.00209828) 
759 (8.78237e-07,-0.00209552) (-8.78237e-07,-0.00209552) 
760 (8.75929e-07,-0.00209276) (-8.75929e-07,-0.00209276) 
761 (8.7363e-07,-0.00209001) (-8.7363e-07,-0.00209001) 
762 (8.7134e-07,-0.00208727) (-8.7134e-07,-0.00208727) 
763 (8.69059e-07,-0.00208454) (-8.69059e-07,-0.00208454) 
764 (8.66787e-07,-0.00208181) (-8.66787e-07,-0.00208181) 
765 (8.64524e-07,-0.00207909) (-8.64524e-07,-0.00207909) 
766 (8.6227e-07,-0.00207638) (-8.6227e-07,-0.00207638) 
767 (8.60024e-07,-0.00207368) (-8.60024e-07,-0.00207368) 
768 (8.57787e-07,-0.00207098) (-8.57787e-07,-0.00207098) 
769 (8.55559e-07,-0.00206829) (-8.55559e-07,-0.00206829) 
770 (8.5334e-07,-0.0020656) (-8.5334e-07,-0.0020656) 
771 (8.51129e-07,-0.00206292) (-8.51129e-07,-0.00206292) 
772 (8.48927e-07,-0.00206025) (-8.48927e-07,-0.00206025) 
773 (8.46734e-07,-0.00205759) (-8.46734e-07,-0.00205759) 
774 (8.44548e-07,-0.00205493) (-8.44548e-07,-0.00205493) 
775 (8.42372e-07,-0.00205228) (-8.42372e-07,-0.00205228) 
776 (8.40204e-07,-0.00204964) (-8.40204e-07,-0.00204964) 
777 (8.38044e-07,-0.002047) (-8.38044e-07,-0.002047) 
778 (8.35892e-07,-0.00204437) (-8.35892e-07,-0.00204437) 
779 (8.33749e-07,-0.00204175) (-8.33749e-07,-0.00204175) 
780 (8.31614e-07,-0.00203914) (-8.31614e-07,-0.00203914) 
781 (8.29487e-07,-0.00203653) (-8.29487e-07,-0.00203653) 
782 (8.27368e-07,-0.00203392) (-8.27368e-07,-0.00203392) 
783 (8.25258e-07,-0.00203133) (-8.25258e-07,-0.00203133) 
784 (8.23155e-07,-0.00202874) (-8.23155e-07,-0.00202874) 
785 (8.2106e-07,-0.00202616) (-8.2106e-07,-0.00202616) 
786 (8.18974e-07,-0.00202358) (-8.18974e-07,-0.00202358) 
787 (8.16895e-07,-0.00202101) (-8.16895e-07,-0.00202101) 
788 (8.14825e-07,-0.00201845) (-8.14825e-07,-0.00201845) 
789 (8.12762e-07,-0.00201589) (-8.12762e-07,-0.00201589) 
790 (8.10707e-07,-0.00201334) (-8.10707e-07,-0.00201334) 
791 (8.0866e-07,-0.0020108) (-8.0866e-07,-0.0020108) 
792 (8.0662e-07,-0.00200826) (-8.0662e-07,-0.00200826) 
793 (8.04588e-07,-0.00200573) (-8.04588e-07,-0.00200573) 
794 (8.02564e-07,-0.0020032) (-8.02564e-07,-0.0020032) 
795 (8.00548e-07,-0.00200069) (-8.00548e-07,-0.00200069) 
796 (7.98539e-07,-0.00199817) (-7.98539e-07,-0.00199817) 
797 (7.96537e-07,-0.00199567) (-7.96537e-07,-0.00199567) 
798 (7.94544e-07,-0.00199317) (-7.94544e-07,-0.00199317) 
799 (7.92557e-07,-0.00199068) (-7.92557e-07,-0.00199068) 
800 (7.90578e-07,-0.00198819) (-7.90578e-07,-0.00198819) 
801 (7.88607e-07,-0.00198571) (-7.88607e-07,-0.00198571) 
802 (7.86643e-07,-0.00198323) (-7.86643e-07,-0.00198323) 
803 (7.84686e-07,-0.00198077) (-7.84686e-07,-0.00198077) 
804 (7.82736e-07,-0.0019783) (-7.82736e-07,-0.0019783) 
805 (7.80794e-07,-0.00197585) (-7.80794e-07,-0.00197585) 
806 (7.78859e-07,-0.0019734) (-7.78859e-07,-0.0019734) 
807 (7.76931e-07,-0.00197095) (-7.76931e-07,-0.00197095) 
808 (7.75011e-07,-0.00196852) (-7.75011e-07,-0.00196852) 
809 (7.73097e-07,-0.00196609) (-7.73097e-07,-0.00196609) 
810 (7.7119e-07,-0.00196366) (-7.7119e-07,-0.00196366) 
811 (7.69291e-07,-0.00196124) (-7.69291e-07,-0.00196124) 
812 (7.67399e-07,-0.00195883) (-7.67399e-07,-0.00195883) 
813 (7.65513e-07,-0.00195642) (-7.65513e-07,-0.00195642) 
814 (7.63634e-07,-0.00195402) (-7.63634e-07,-0.00195402) 
815 (7.61763e-07,-0.00195162) (-7.61763e-07,-0.00195162) 
816 (7.59898e-07,-0.00194923) (-7.59898e-07,-0.00194923) 
817 (7.5804e-07,-0.00194685) (-7.5804e-07,-0.00194685) 
818 (7.56189e-07,-0.00194447) (-7.56189e-07,-0.00194447) 
819 (7.54345e-07,-0.00194209) (-7.54345e-07,-0.00194209) 
820 (7.52507e-07,-0.00193973) (-7.52507e-07,-0.00193973) 
821 (7.50676e-07,-0.00193737) (-7.50676e-07,-0.00193737) 
822 (7.48852e-07,-0.00193501) (-7.48852e-07,-0.00193501) 
823 (7.47034e-07,-0.00193266) (-7.47034e-07,-0.00193266) 
824 (7.45223e-07,-0.00193032) (-7.45223e-07,-0.00193032) 
825 (7.43419e-07,-0.00192798) (-7.43419e-07,-0.00192798) 
826 (7.41621e-07,-0.00192565) (-7.41621e-07,-0.00192565) 
827 (7.3983e-07,-0.00192332) (-7.3983e-07,-0.00192332) 
828 (7.38045e-07,-0.001921) (-7.38045e-07,-0.001921) 
829 (7.36266e-07,-0.00191868) (-7.36266e-07,-0.00191868) 
830 (7.34494e-07,-0.00191637) (-7.34494e-07,-0.00191637) 
831 (7.32729e-07,-0.00191407) (-7.32729e-07,-0.00191407) 
832 (7.3097e-07,-0.00191177) (-7.3097e-07,-0.00191177) 
833 (7.29217e-07,-0.00190947) (-7.29217e-07,-0.00190947) 
834 (7.2747e-07,-0.00190719) (-7.2747e-07,-0.00190719) 
835 (7.2573e-07,-0.0019049) (-7.2573e-07,-0.0019049) 
836 (7.23996e-07,-0.00190263) (-7.23996e-07,-0.00190263) 
837 (7.22268e-07,-0.00190035) (-7.22268e-07,-0.00190035) 
838 (7.20546e-07,-0.00189809) (-7.20546e-07,-0.00189809) 
839 (7.1883e-07,-0.00189583) (-7.1883e-07,-0.00189583) 
840 (7.17121e-07,-0.00189357) (-7.17121e-07,-0.00189357) 
841 (7.15418e-07,-0.00189132) (-7.15418e-07,-0.00189132) 
842 (7.1372e-07,-0.00188908) (-7.1372e-07,-0.00188908) 
843 (7.12029e-07,-0.00188684) (-7.12029e-07,-0.00188684) 
844 (7.10344e-07,-0.0018846) (-7.10344e-07,-0.0018846) 
845 (7.08664e-07,-0.00188237) (-7.08664e-07,-0.00188237) 
846 (7.06991e-07,-0.00188015) (-7.06991e-07,-0.00188015) 
847 (7.05324e-07,-0.00187793) (-7.05324e-07,-0.00187793) 
848 (7.03662e-07,-0.00187572) (-7.03662e-07,-0.00187572) 
849 (7.02007e-07,-0.00187351) (-7.02007e-07,-0.00187351) 
850 (7.00357e-07,-0.00187131) (-7.00357e-07,-0.00187131) 
851 (6.98713e-07,-0.00186911) (-6.98713e-07,-0.00186911) 
852 (6.97074e-07,-0.00186692) (-6.97074e-07,-0.00186692) 
853 (6.95442e-07,-0.00186473) (-6.95442e-07,-0.00186473) 
854 (6.93815e-07,-0.00186255) (-6.93815e-07,-0.00186255) 
855 (6.92194e-07,-0.00186037) (-6.92194e-07,-0.00186037) 
856 (6.90579e-07,-0.0018582) (-6.90579e-07,-0.0018582) 
857 (6.88969e-07,-0.00185603) (-6.88969e-07,-0.00185603) 
858 (6.87365e-07,-0.00185387) (-6.87365e-07,-0.00185387) 
859 (6.85766e-07,-0.00185171) (-6.85766e-07,-0.00185171) 
860 (6.84173e-07,-0.00184956) (-6.84173e-07,-0.00184956) 
861 (6.82586e-07,-0.00184741) (-6.82586e-07,-0.00184741) 
862 (6.81004e-07,-0.00184527) (-6.81004e-07,-0.00184527) 
863 (6.79428e-07,-0.00184313) (-6.79428e-07,-0.00184313) 
864 (6.77857e-07,-0.001841) (-6.77857e-07,-0.001841) 
865 (6.76291e-07,-0.00183888) (-6.76291e-07,-0.00183888) 
866 (6.74731e-07,-0.00183675) (-6.74731e-07,-0.00183675) 
867 (6.73177e-07,-0.00183464) (-6.73177e-07,-0.00183464) 
868 (6.71627e-07,-0.00183252) (-6.71627e-07,-0.00183252) 
869 (6.70083e-07,-0.00183042) (-6.70083e-07,-0.00183042) 
870 (6.68545e-07,-0.00182831) (-6.68545e-07,-0.00182831) 
871 (6.67011e-07,-0.00182622) (-6.67011e-07,-0.00182622) 
872 (6.65483e-07,-0.00182412) (-6.65483e-07,-0.00182412) 
873 (6.6396e-07,-0.00182203) (-6.6396e-07,-0.00182203) 
874 (6.62443e-07,-0.00181995) (-6.62443e-07,-0.00181995) 
875 (6.6093e-07,-0.00181787) (-6.6093e-07,-0.00181787) 
876 (6.59423e-07,-0.0018158) (-6.59423e-07,-0.0018158) 
877 (6.57921e-07,-0.00181373) (-6.57921e-07,-0.00181373) 
878 (6.56424e-07,-0.00181166) (-6.56424e-07,-0.00181166) 
879 (6.54932e-07,-0.0018096) (-6.54932e-07,-0.0018096) 
880 (6.53445e-07,-0.00180755) (-6.53445e-07,-0.00180755) 
881 (6.51964e-07,-0.0018055) (-6.51964e-07,-0.0018055) 
882 (6.50487e-07,-0.00180345) (-6.50487e-07,-0.00180345) 
883 (6.49015e-07,-0.00180141) (-6.49015e-07,-0.00180141) 
884 (6.47549e-07,-0.00179937) (-6.47549e-07,-0.00179937) 
885 (6.46087e-07,-0.00179734) (-6.46087e-07,-0.00179734) 
886 (6.4463e-07,-0.00179531) (-6.4463e-07,-0.00179531) 
887 (6.43178e-07,-0.00179329) (-6.43178e-07,-0.00179329) 
888 (6.41731e-07,-0.00179127) (-6.41731e-07,-0.00179127) 
889 (6.40289e-07,-0.00178926) (-6.40289e-07,-0.00178926) 
890 (6.38852e-07,-0.00178725) (-6.38852e-07,-0.00178725) 
891 (6.3742e-07,-0.00178525) (-6.3742e-07,-0.00178525) 
892 (6.35992e-07,-0.00178325) (-6.35992e-07,-0.00178325) 
893 (6.34569e-07,-0.00178125) (-6.34569e-07,-0.00178125) 
894 (6.33151e-07,-0.00177926) (-6.33151e-07,-0.00177926) 
895 (6.31738e-07,-0.00177727) (-6.31738e-07,-0.00177727) 
896 (6.30329e-07,-0.00177529) (-6.30329e-07,-0.00177529) 
897 (6.28926e-07,-0.00177331) (-6.28926e-07,-0.00177331) 
898 (6.27526e-07,-0.00177134) (-6.27526e-07,-0.00177134) 
899 (6.26132e-07,-0.00176937) (-6.26132e-07,-0.00176937) 
900 (6.24742e-07,-0.0017674) (-6.24742e-07,-0.0017674) 
901 (6.23357e-07,-0.00176544) (-6.23357e-07,-0.00176544) 
902 (6.21976e-07,-0.00176349) (-6.21976e-07,-0.00176349) 
903 (6.206e-07,-0.00176153) (-6.206e-07,-0.00176153) 
904 (6.19229e-07,-0.00175959) (-6.19229e-07,-0.00175959) 
905 (6.17862e-07,-0.00175764) (-6.17862e-07,-0.00175764) 
906 (6.16499e-07,-0.00175571) (-6.16499e-07,-0.00175571) 
907 (6.15141e-07,-0.00175377) (-6.15141e-07,-0.00175377) 
908 (6.13788e-07,-0.00175184) (-6.13788e-07,-0.00175184) 
909 (6.12439e-07,-0.00174991) (-6.12439e-07,-0.00174991) 
910 (6.11094e-07,-0.00174799) (-6.11094e-07,-0.00174799) 
911 (6.09754e-07,-0.00174607) (-6.09754e-07,-0.00174607) 
912 (6.08419e-07,-0.00174416) (-6.08419e-07,-0.00174416) 
913 (6.07087e-07,-0.00174225) (-6.07087e-07,-0.00174225) 
914 (6.0576e-07,-0.00174035) (-6.0576e-07,-0.00174035) 
915 (6.04438e-07,-0.00173845) (-6.04438e-07,-0.00173845) 
916 (6.03119e-07,-0.00173655) (-6.03119e-07,-0.00173655) 
917 (6.01805e-07,-0.00173466) (-6.01805e-07,-0.00173466) 
918 (6.00496e-07,-0.00173277) (-6.00496e-07,-0.00173277) 
919 (5.9919e-07,-0.00173088) (-5.9919e-07,-0.00173088) 
920 (5.97889e-07,-0.001729) (-5.97889e-07,-0.001729) 
921 (5.96592e-07,-0.00172713) (-5.96592e-07,-0.00172713) 
922 (5.953e-07,-0.00172525) (-5.953e-07,-0.00172525) 
923 (5.94011e-07,-0.00172339) (-5.94011e-07,-0.00172339) 
924 (5.92727e-07,-0.00172152) (-5.92727e-07,-0.00172152) 
925 (5.91446e-07,-0.00171966) (-5.91446e-07,-0.00171966) 
926 (5.9017e-07,-0.00171781) (-5.9017e-07,-0.00171781) 
927 (5.88899e-07,-0.00171595) (-5.88899e-07,-0.00171595) 
928 (5.87631e-07,-0.00171411) (-5.87631e-07,-0.00171411) 
929 (5.86367e-07,-0.00171226) (-5.86367e-07,-0.00171226) 
930 (5.85107e-07,-0.00171042) (-5.85107e-07,-0.00171042) 
931 (5.83852e-07,-0.00170858) (-5.83852e-07,-0.00170858) 
932 (5.826e-07,-0.00170675) (-5.826e-07,-0.00170675) 
933 (5.81353e-07,-0.00170492) (-5.81353e-07,-0.00170492) 
934 (5.80109e-07,-0.0017031) (-5.80109e-07,-0.0017031) 
935 (5.7887e-07,-0.00170128) (-5.7887e-07,-0.00170128) 
936 (5.77634e-07,-0.00169946) (-5.77634e-07,-0.00169946) 
937 (5.76402e-07,-0.00169765) (-5.76402e-07,-0.00169765) 
938 (5.75175e-07,-0.00169584) (-5.75175e-07,-0.00169584) 
939 (5.73951e-07,-0.00169404) (-5.73951e-07,-0.00169404) 
940 (5.72731e-07,-0.00169223) (-5.72731e-07,-0.00169223) 
941 (5.71515e-07,-0.00169044) (-5.71515e-07,-0.00169044) 
942 (5.70303e-07,-0.00168864) (-5.70303e-07,-0.00168864) 
943 (5.69095e-07,-0.00168685) (-5.69095e-07,-0.00168685) 
944 (5.6789e-07,-0.00168507) (-5.6789e-07,-0.00168507) 
945 (5.6669e-07,-0.00168329) (-5.6669e-07,-0.00168329) 
946 (5.65493e-07,-0.00168151) (-5.65493e-07,-0.00168151) 
947 (5.643e-07,-0.00167973) (-5.643e-07,-0.00167973) 
948 (5.63111e-07,-0.00167796) (-5.63111e-07,-0.00167796) 
949 (5.61925e-07,-0.00167619) (-5.61925e-07,-0.00167619) 
950 (5.60743e-07,-0.00167443) (-5.60743e-07,-0.00167443) 
951 (5.59565e-07,-0.00167267) (-5.59565e-07,-0.00167267) 
952 (5.58391e-07,-0.00167092) (-5.58391e-07,-0.00167092) 
953 (5.5722e-07,-0.00166916) (-5.5722e-07,-0.00166916) 
954 (5.56053e-07,-0.00166741) (-5.56053e-07,-0.00166741) 
955 (5.5489e-07,-0.00166567) (-5.5489e-07,-0.00166567) 
956 (5.53731e-07,-0.00166393) (-5.53731e-07,-0.00166393) 
957 (5.52575e-07,-0.00166219) (-5.52575e-07,-0.00166219) 
958 (5.51422e-07,-0.00166046) (-5.51422e-07,-0.00166046) 
959 (5.50273e-07,-0.00165873) (-5.50273e-07,-0.00165873) 
960 (5.49128e-07,-0.001657) (-5.49128e-07,-0.001657) 
961 (5.47986e-07,-0.00165528) (-5.47986e-07,-0.00165528) 
962 (5.46848e-07,-0.00165356) (-5.46848e-07,-0.00165356) 
963 (5.45714e-07,-0.00165184) (-5.45714e-07,-0.00165184) 
964 (5.44583e-07,-0.00165013) (-5.44583e-07,-0.00165013) 
965 (5.43455e-07,-0.00164842) (-5.43455e-07,-0.00164842) 
966 (5.42331e-07,-0.00164671) (-5.42331e-07,-0.00164671) 
967 (5.41211e-07,-0.00164501) (-5.41211e-07,-0.00164501) 
968 (5.40094e-07,-0.00164331) (-5.40094e-07,-0.00164331) 
969 (5.3898e-07,-0.00164162) (-5.3898e-07,-0.00164162) 
970 (5.3787e-07,-0.00163992) (-5.3787e-07,-0.00163992) 
971 (5.36763e-07,-0.00163824) (-5.36763e-07,-0.00163824) 
972 (5.3566e-07,-0.00163655) (-5.3566e-07,-0.00163655) 
973 (5.3456e-07,-0.00163487) (-5.3456e-07,-0.00163487) 
974 (5.33464e-07,-0.00163319) (-5.33464e-07,-0.00163319) 
975 (5.3237e-07,-0.00163152) (-5.3237e-07,-0.00163152) 
976 (5.31281e-07,-0.00162985) (-5.31281e-07,-0.00162985) 
977 (5.30194e-07,-0.00162818) (-5.30194e-07,-0.00162818) 
978 (5.29111e-07,-0.00162652) (-5.29111e-07,-0.00162652) 
979 (5.28031e-07,-0.00162486) (-5.28031e-07,-0.00162486) 
980 (5.26955e-07,-0.0016232) (-5.26955e-07,-0.0016232) 
981 (5.25881e-07,-0.00162155) (-5.25881e-07,-0.00162155) 
982 (5.24812e-07,-0.0016199) (-5.24812e-07,-0.0016199) 
983 (5.23745e-07,-0.00161825) (-5.23745e-07,-0.00161825) 
984 (5.22681e-07,-0.0016166) (-5.22681e-07,-0.0016166) 
985 (5.21621e-07,-0.00161496) (-5.21621e-07,-0.00161496) 
986 (5.20564e-07,-0.00161333) (-5.20564e-07,-0.00161333) 
987 (5.1951e-07,-0.00161169) (-5.1951e-07,-0.00161169) 
988 (5.1846e-07,-0.00161006) (-5.1846e-07,-0.00161006) 
989 (5.17413e-07,-0.00160844) (-5.17413e-07,-0.00160844) 
990 (5.16368e-07,-0.00160681) (-5.16368e-07,-0.00160681) 
991 (5.15327e-07,-0.00160519) (-5.15327e-07,-0.00160519) 
992 (5.14289e-07,-0.00160357) (-5.14289e-07,-0.00160357) 
993 (5.13255e-07,-0.00160196) (-5.13255e-07,-0.00160196) 
994 (5.12223e-07,-0.00160035) (-5.12223e-07,-0.00160035) 
995 (5.11194e-07,-0.00159874) (-5.11194e-07,-0.00159874) 
996 (5.10169e-07,-0.00159714) (-5.10169e-07,-0.00159714) 
997 (5.09146e-07,-0.00159554) (-5.09146e-07,-0.00159554) 
998 (5.08127e-07,-0.00159394) (-5.08127e-07,-0.00159394) 
999 (5.07111e-07,-0.00159234) (-5.07111e-07,-0.00159234) 
