0 (0,-1.8015) (0,-1.8015) (0,-0.94901) (0,-0.94901) 
1 (0,-1.46806) (0,-1.46806) (0,-0.855182) (0,-0.855182) 
2 (0,-1.21037) (0,-1.21037) (0,-0.771902) (0,-0.771902) 
3 (0,-1.01372) (0,-1.01372) (0,-0.698533) (0,-0.698533) 
4 (0,-0.863327) (0,-0.863327) (0,-0.634232) (0,-0.634232) 
5 (0,-0.74701) (0,-0.74701) (0,-0.578047) (0,-0.578047) 
6 (0,-0.655625) (0,-0.655625) (0,-0.529001) (0,-0.529001) 
7 (0,-0.582599) (0,-0.582599) (0,-0.486156) (0,-0.486156) 
8 (0,-0.523272) (0,-0.523272) (0,-0.448654) (0,-0.448654) 
9 (0,-0.474326) (0,-0.474326) (0,-0.41573) (0,-0.41573) 
10 (0,-0.433377) (0,-0.433377) (0,-0.386722) (0,-0.386722) 
11 (0,-0.398688) (0,-0.398688) (0,-0.361061) (0,-0.361061) 
12 (0,-0.368971) (0,-0.368971) (0,-0.338265) (0,-0.338265) 
13 (0,-0.343259) (0,-0.343259) (0,-0.317928) (0,-0.317928) 
14 (0,-0.320813) (0,-0.320813) (0,-0.299708) (0,-0.299708) 
15 (0,-0.301062) (0,-0.301062) (0,-0.283316) (0,-0.283316) 
16 (0,-0.283556) (0,-0.283556) (0,-0.26851) (0,-0.26851) 
17 (0,-0.26794) (0,-0.26794) (0,-0.255084) (0,-0.255084) 
18 (0,-0.253929) (0,-0.253929) (0,-0.242866) (0,-0.242866) 
19 (0,-0.24129) (0,-0.24129) (0,-0.231708) (0,-0.231708) 
20 (0,-0.229834) (0,-0.229834) (0,-0.221484) (0,-0.221484) 
21 (0,-0.219404) (0,-0.219404) (0,-0.212087) (0,-0.212087) 
22 (0,-0.20987) (0,-0.20987) (0,-0.203425) (0,-0.203425) 
23 (0,-0.201122) (0,-0.201122) (0,-0.195418) (0,-0.195418) 
24 (0,-0.193068) (0,-0.193068) (0,-0.187996) (0,-0.187996) 
25 (0,-0.185628) (0,-0.185628) (0,-0.1811) (0,-0.1811) 
26 (0,-0.178736) (0,-0.178736) (0,-0.174678) (0,-0.174678) 
27 (0,-0.172334) (0,-0.172334) (0,-0.168683) (0,-0.168683) 
28 (0,-0.166372) (0,-0.166372) (0,-0.163076) (0,-0.163076) 
29 (0,-0.160806) (0,-0.160806) (0,-0.157821) (0,-0.157821) 
30 (0,-0.155598) (0,-0.155598) (0,-0.152887) (0,-0.152887) 
31 (0,-0.150715) (0,-0.150715) (0,-0.148245) (0,-0.148245) 
32 (0,-0.146128) (0,-0.146128) (0,-0.143871) (0,-0.143871) 
33 (0,-0.14181) (0,-0.14181) (0,-0.139744) (0,-0.139744) 
34 (0,-0.137739) (0,-0.137739) (0,-0.135842) (0,-0.135842) 
35 (0,-0.133894) (0,-0.133894) (0,-0.132148) (0,-0.132148) 
36 (0,-0.130257) (0,-0.130257) (0,-0.128647) (0,-0.128647) 
37 (0,-0.126812) (0,-0.126812) (0,-0.125324) (0,-0.125324) 
38 (0,-0.123544) (0,-0.123544) (0,-0.122166) (0,-0.122166) 
39 (0,-0.120439) (0,-0.120439) (0,-0.119161) (0,-0.119161) 
40 (0,-0.117486) (0,-0.117486) (0,-0.116298) (0,-0.116298) 
41 (0,-0.114674) (0,-0.114674) (0,-0.113568) (0,-0.113568) 
42 (0,-0.111992) (0,-0.111992) (0,-0.110961) (0,-0.110961) 
43 (0,-0.109433) (0,-0.109433) (0,-0.108471) (0,-0.108471) 
44 (0,-0.106988) (0,-0.106988) (0,-0.106088) (0,-0.106088) 
45 (0,-0.10465) (0,-0.10465) (0,-0.103807) (0,-0.103807) 
46 (0,-0.102411) (0,-0.102411) (0,-0.10162) (0,-0.10162) 
47 (0,-0.100266) (0,-0.100266) (0,-0.0995233) (0,-0.0995233) 
48 (0,-0.098209) (0,-0.098209) (0,-0.0975103) (0,-0.0975103) 
49 (0,-0.0962342) (0,-0.0962342) (0,-0.0955764) (0,-0.0955764) 
50 (0,-0.0943371) (0,-0.0943371) (0,-0.0937171) (0,-0.0937171) 
51 (0,-0.0925132) (0,-0.0925132) (0,-0.0919281) (0,-0.0919281) 
52 (0,-0.0907584) (0,-0.0907584) (0,-0.0902057) (0,-0.0902057) 
53 (0,-0.0890688) (0,-0.0890688) (0,-0.088546) (0,-0.088546) 
54 (0,-0.0874408) (0,-0.0874408) (0,-0.0869459) (0,-0.0869459) 
55 (0,-0.0858711) (0,-0.0858711) (0,-0.0854022) (0,-0.0854022) 
56 (0,-0.0843567) (0,-0.0843567) (0,-0.083912) (0,-0.083912) 
57 (0,-0.0828947) (0,-0.0828947) (0,-0.0824726) (0,-0.0824726) 
58 (0,-0.0814824) (0,-0.0814824) (0,-0.0810813) (0,-0.0810813) 
59 (0,-0.0801174) (0,-0.0801174) (0,-0.079736) (0,-0.079736) 
60 (0,-0.0787973) (0,-0.0787973) (0,-0.0784343) (0,-0.0784343) 
61 (0,-0.0775199) (0,-0.0775199) (0,-0.0771742) (0,-0.0771742) 
62 (0,-0.0762832) (0,-0.0762832) (0,-0.0759537) (0,-0.0759537) 
63 (0,-0.0750853) (0,-0.0750853) (0,-0.0747709) (0,-0.0747709) 
64 (0,-0.0739244) (0,-0.0739244) (0,-0.0736243) (0,-0.0736243) 
65 (0,-0.0727988) (0,-0.0727988) (0,-0.0725121) (0,-0.0725121) 
66 (0,-0.0717069) (0,-0.0717069) (0,-0.0714329) (0,-0.0714329) 
67 (0,-0.0706473) (0,-0.0706473) (0,-0.0703851) (0,-0.0703851) 
68 (0,-0.0696184) (0,-0.0696184) (0,-0.0693675) (0,-0.0693675) 
69 (0,-0.0686191) (0,-0.0686191) (0,-0.0683788) (0,-0.0683788) 
70 (0,-0.067648) (0,-0.067648) (0,-0.0674177) (0,-0.0674177) 
71 (0,-0.066704) (0,-0.066704) (0,-0.0664831) (0,-0.0664831) 
72 (0,-0.065786) (0,-0.065786) (0,-0.065574) (0,-0.065574) 
73 (0,-0.0648928) (0,-0.0648928) (0,-0.0646894) (0,-0.0646894) 
74 (0,-0.0640236) (0,-0.0640236) (0,-0.0638281) (0,-0.0638281) 
75 (0,-0.0631773) (0,-0.0631773) (0,-0.0629895) (0,-0.0629895) 
76 (0,-0.062353) (0,-0.062353) (0,-0.0621724) (0,-0.0621724) 
77 (0,-0.06155) (0,-0.06155) (0,-0.0613763) (0,-0.0613763) 
78 (0,-0.0607674) (0,-0.0607674) (0,-0.0606002) (0,-0.0606002) 
79 (0,-0.0600044) (0,-0.0600044) (0,-0.0598434) (0,-0.0598434) 
80 (0,-0.0592603) (0,-0.0592603) (0,-0.0591052) (0,-0.0591052) 
81 (0,-0.0585345) (0,-0.0585345) (0,-0.0583849) (0,-0.0583849) 
82 (0,-0.0578261) (0,-0.0578261) (0,-0.057682) (0,-0.057682) 
83 (0,-0.0571348) (0,-0.0571348) (0,-0.0569957) (0,-0.0569957) 
84 (0,-0.0564597) (0,-0.0564597) (0,-0.0563254) (0,-0.0563254) 
85 (0,-0.0558004) (0,-0.0558004) (0,-0.0556708) (0,-0.0556708) 
86 (0,-0.0551563) (0,-0.0551563) (0,-0.0550311) (0,-0.0550311) 
87 (0,-0.0545268) (0,-0.0545268) (0,-0.0544059) (0,-0.0544059) 
88 (0,-0.0539116) (0,-0.0539116) (0,-0.0537947) (0,-0.0537947) 
89 (0,-0.0533101) (0,-0.0533101) (0,-0.0531971) (0,-0.0531971) 
90 (0,-0.0527219) (0,-0.0527219) (0,-0.0526125) (0,-0.0526125) 
91 (0,-0.0521465) (0,-0.0521465) (0,-0.0520406) (0,-0.0520406) 
92 (0,-0.0515835) (0,-0.0515835) (0,-0.051481) (0,-0.051481) 
93 (0,-0.0510325) (0,-0.0510325) (0,-0.0509333) (0,-0.0509333) 
94 (0,-0.0504932) (0,-0.0504932) (0,-0.0503971) (0,-0.0503971) 
95 (0,-0.0499651) (0,-0.0499651) (0,-0.049872) (0,-0.049872) 
96 (0,-0.049448) (0,-0.049448) (0,-0.0493577) (0,-0.0493577) 
97 (0,-0.0489414) (0,-0.0489414) (0,-0.0488539) (0,-0.0488539) 
98 (0,-0.0484451) (0,-0.0484451) (0,-0.0483602) (0,-0.0483602) 
99 (0,-0.0479588) (0,-0.0479588) (0,-0.0478764) (0,-0.0478764) 
100 (0,-0.0474822) (0,-0.0474822) (0,-0.0474022) (0,-0.0474022) 
101 (0,-0.0470149) (0,-0.0470149) (0,-0.0469372) (0,-0.0469372) 
102 (0,-0.0465567) (0,-0.0465567) (0,-0.0464813) (0,-0.0464813) 
103 (0,-0.0461073) (0,-0.0461073) (0,-0.0460341) (0,-0.0460341) 
104 (0,-0.0456666) (0,-0.0456666) (0,-0.0455954) (0,-0.0455954) 
105 (0,-0.0452342) (0,-0.0452342) (0,-0.045165) (0,-0.045165) 
106 (0,-0.0448099) (0,-0.0448099) (0,-0.0447426) (0,-0.0447426) 
107 (0,-0.0443934) (0,-0.0443934) (0,-0.0443281) (0,-0.0443281) 
108 (0,-0.0439847) (0,-0.0439847) (0,-0.0439211) (0,-0.0439211) 
109 (0,-0.0435834) (0,-0.0435834) (0,-0.0435215) (0,-0.0435215) 
110 (0,-0.0431893) (0,-0.0431893) (0,-0.0431291) (0,-0.0431291) 
111 (0,-0.0428023) (0,-0.0428023) (0,-0.0427437) (0,-0.0427437) 
112 (0,-0.0424222) (0,-0.0424222) (0,-0.0423651) (0,-0.0423651) 
113 (0,-0.0420488) (0,-0.0420488) (0,-0.0419932) (0,-0.0419932) 
114 (0,-0.0416819) (0,-0.0416819) (0,-0.0416277) (0,-0.0416277) 
115 (0,-0.0413213) (0,-0.0413213) (0,-0.0412685) (0,-0.0412685) 
116 (0,-0.0409669) (0,-0.0409669) (0,-0.0409155) (0,-0.0409155) 
117 (0,-0.0406185) (0,-0.0406185) (0,-0.0405684) (0,-0.0405684) 
118 (0,-0.0402761) (0,-0.0402761) (0,-0.0402272) (0,-0.0402272) 
119 (0,-0.0399393) (0,-0.0399393) (0,-0.0398916) (0,-0.0398916) 
120 (0,-0.0396081) (0,-0.0396081) (0,-0.0395616) (0,-0.0395616) 
121 (0,-0.0392824) (0,-0.0392824) (0,-0.039237) (0,-0.039237) 
122 (0,-0.0389619) (0,-0.0389619) (0,-0.0389177) (0,-0.0389177) 
123 (0,-0.0386467) (0,-0.0386467) (0,-0.0386035) (0,-0.0386035) 
124 (0,-0.0383365) (0,-0.0383365) (0,-0.0382943) (0,-0.0382943) 
125 (0,-0.0380312) (0,-0.0380312) (0,-0.0379901) (0,-0.0379901) 
126 (0,-0.0377308) (0,-0.0377308) (0,-0.0376906) (0,-0.0376906) 
127 (0,-0.0374351) (0,-0.0374351) (0,-0.0373959) (0,-0.0373959) 
128 (0,-0.037144) (0,-0.037144) (0,-0.0371056) (0,-0.0371056) 
129 (0,-0.0368573) (0,-0.0368573) (0,-0.0368199) (0,-0.0368199) 
130 (0,-0.0365751) (0,-0.0365751) (0,-0.0365385) (0,-0.0365385) 
131 (0,-0.0362972) (0,-0.0362972) (0,-0.0362614) (0,-0.0362614) 
132 (0,-0.0360234) (0,-0.0360234) (0,-0.0359884) (0,-0.0359884) 
133 (0,-0.0357537) (0,-0.0357537) (0,-0.0357195) (0,-0.0357195) 
134 (0,-0.0354881) (0,-0.0354881) (0,-0.0354546) (0,-0.0354546) 
135 (0,-0.0352263) (0,-0.0352263) (0,-0.0351936) (0,-0.0351936) 
136 (0,-0.0349684) (0,-0.0349684) (0,-0.0349364) (0,-0.0349364) 
137 (0,-0.0347143) (0,-0.0347143) (0,-0.0346829) (0,-0.0346829) 
138 (0,-0.0344638) (0,-0.0344638) (0,-0.0344331) (0,-0.0344331) 
139 (0,-0.0342169) (0,-0.0342169) (0,-0.0341869) (0,-0.0341869) 
140 (0,-0.0339735) (0,-0.0339735) (0,-0.0339441) (0,-0.0339441) 
141 (0,-0.0337335) (0,-0.0337335) (0,-0.0337048) (0,-0.0337048) 
142 (0,-0.0334969) (0,-0.0334969) (0,-0.0334688) (0,-0.0334688) 
143 (0,-0.0332636) (0,-0.0332636) (0,-0.0332361) (0,-0.0332361) 
144 (0,-0.0330335) (0,-0.0330335) (0,-0.0330066) (0,-0.0330066) 
145 (0,-0.0328066) (0,-0.0328066) (0,-0.0327802) (0,-0.0327802) 
146 (0,-0.0325828) (0,-0.0325828) (0,-0.0325569) (0,-0.0325569) 
147 (0,-0.032362) (0,-0.032362) (0,-0.0323366) (0,-0.0323366) 
148 (0,-0.0321442) (0,-0.0321442) (0,-0.0321193) (0,-0.0321193) 
149 (0,-0.0319293) (0,-0.0319293) (0,-0.0319049) (0,-0.0319049) 
150 (0,-0.0317173) (0,-0.0317173) (0,-0.0316934) (0,-0.0316934) 
151 (0,-0.031508) (0,-0.031508) (0,-0.0314846) (0,-0.0314846) 
152 (0,-0.0313015) (0,-0.0313015) (0,-0.0312785) (0,-0.0312785) 
153 (0,-0.0310977) (0,-0.0310977) (0,-0.0310752) (0,-0.0310752) 
154 (0,-0.0308965) (0,-0.0308965) (0,-0.0308744) (0,-0.0308744) 
155 (0,-0.0306979) (0,-0.0306979) (0,-0.0306762) (0,-0.0306762) 
156 (0,-0.0305018) (0,-0.0305018) (0,-0.0304806) (0,-0.0304806) 
157 (0,-0.0303083) (0,-0.0303083) (0,-0.0302874) (0,-0.0302874) 
158 (0,-0.0301171) (0,-0.0301171) (0,-0.0300967) (0,-0.0300967) 
159 (0,-0.0299284) (0,-0.0299284) (0,-0.0299083) (0,-0.0299083) 
160 (0,-0.029742) (0,-0.029742) (0,-0.0297223) (0,-0.0297223) 
161 (0,-0.0295579) (0,-0.0295579) (0,-0.0295386) (0,-0.0295386) 
162 (0,-0.0293761) (0,-0.0293761) (0,-0.0293571) (0,-0.0293571) 
163 (0,-0.0291965) (0,-0.0291965) (0,-0.0291779) (0,-0.0291779) 
164 (0,-0.0290191) (0,-0.0290191) (0,-0.0290008) (0,-0.0290008) 
165 (0,-0.0288438) (0,-0.0288438) (0,-0.0288259) (0,-0.0288259) 
166 (0,-0.0286707) (0,-0.0286707) (0,-0.028653) (0,-0.028653) 
167 (0,-0.0284996) (0,-0.0284996) (0,-0.0284822) (0,-0.0284822) 
168 (0,-0.0283305) (0,-0.0283305) (0,-0.0283135) (0,-0.0283135) 
169 (0,-0.0281634) (0,-0.0281634) (0,-0.0281467) (0,-0.0281467) 
170 (0,-0.0279983) (0,-0.0279983) (0,-0.0279819) (0,-0.0279819) 
171 (0,-0.0278351) (0,-0.0278351) (0,-0.027819) (0,-0.027819) 
172 (0,-0.0276738) (0,-0.0276738) (0,-0.0276579) (0,-0.0276579) 
173 (0,-0.0275144) (0,-0.0275144) (0,-0.0274988) (0,-0.0274988) 
174 (0,-0.0273568) (0,-0.0273568) (0,-0.0273414) (0,-0.0273414) 
175 (0,-0.0272009) (0,-0.0272009) (0,-0.0271859) (0,-0.0271859) 
176 (0,-0.0270469) (0,-0.0270469) (0,-0.0270321) (0,-0.0270321) 
177 (0,-0.0268946) (0,-0.0268946) (0,-0.02688) (0,-0.02688) 
178 (0,-0.0267439) (0,-0.0267439) (0,-0.0267296) (0,-0.0267296) 
179 (0,-0.026595) (0,-0.026595) (0,-0.0265809) (0,-0.0265809) 
180 (0,-0.0264477) (0,-0.0264477) (0,-0.0264339) (0,-0.0264339) 
181 (0,-0.0263021) (0,-0.0263021) (0,-0.0262884) (0,-0.0262884) 
182 (0,-0.026158) (0,-0.026158) (0,-0.0261446) (0,-0.0261446) 
183 (0,-0.0260155) (0,-0.0260155) (0,-0.0260023) (0,-0.0260023) 
184 (0,-0.0258745) (0,-0.0258745) (0,-0.0258615) (0,-0.0258615) 
185 (0,-0.0257351) (0,-0.0257351) (0,-0.0257223) (0,-0.0257223) 
186 (0,-0.0255971) (0,-0.0255971) (0,-0.0255846) (0,-0.0255846) 
187 (0,-0.0254607) (0,-0.0254607) (0,-0.0254483) (0,-0.0254483) 
188 (0,-0.0253256) (0,-0.0253256) (0,-0.0253135) (0,-0.0253135) 
189 (0,-0.025192) (0,-0.025192) (0,-0.0251801) (0,-0.0251801) 
190 (0,-0.0250598) (0,-0.0250598) (0,-0.025048) (0,-0.025048) 
191 (0,-0.024929) (0,-0.024929) (0,-0.0249174) (0,-0.0249174) 
192 (0,-0.0247996) (0,-0.0247996) (0,-0.0247881) (0,-0.0247881) 
193 (0,-0.0246714) (0,-0.0246714) (0,-0.0246602) (0,-0.0246602) 
194 (0,-0.0245446) (0,-0.0245446) (0,-0.0245335) (0,-0.0245335) 
195 (0,-0.0244191) (0,-0.0244191) (0,-0.0244082) (0,-0.0244082) 
196 (0,-0.0242949) (0,-0.0242949) (0,-0.0242841) (0,-0.0242841) 
197 (0,-0.0241719) (0,-0.0241719) (0,-0.0241613) (0,-0.0241613) 
198 (0,-0.0240502) (0,-0.0240502) (0,-0.0240397) (0,-0.0240397) 
199 (0,-0.0239296) (0,-0.0239296) (0,-0.0239194) (0,-0.0239194) 
200 (0,-0.0238103) (0,-0.0238103) (0,-0.0238002) (0,-0.0238002) 
201 (0,-0.0236922) (0,-0.0236922) (0,-0.0236822) (0,-0.0236822) 
202 (0,-0.0235752) (0,-0.0235752) (0,-0.0235654) (0,-0.0235654) 
203 (0,-0.0234594) (0,-0.0234594) (0,-0.0234497) (0,-0.0234497) 
204 (0,-0.0233447) (0,-0.0233447) (0,-0.0233352) (0,-0.0233352) 
205 (0,-0.0232312) (0,-0.0232312) (0,-0.0232218) (0,-0.0232218) 
206 (0,-0.0231187) (0,-0.0231187) (0,-0.0231094) (0,-0.0231094) 
207 (0,-0.0230073) (0,-0.0230073) (0,-0.0229982) (0,-0.0229982) 
208 (0,-0.022897) (0,-0.022897) (0,-0.022888) (0,-0.022888) 
209 (0,-0.0227877) (0,-0.0227877) (0,-0.0227789) (0,-0.0227789) 
210 (0,-0.0226795) (0,-0.0226795) (0,-0.0226708) (0,-0.0226708) 
211 (0,-0.0225723) (0,-0.0225723) (0,-0.0225637) (0,-0.0225637) 
212 (0,-0.0224661) (0,-0.0224661) (0,-0.0224576) (0,-0.0224576) 
213 (0,-0.0223609) (0,-0.0223609) (0,-0.0223525) (0,-0.0223525) 
214 (0,-0.0222567) (0,-0.0222567) (0,-0.0222484) (0,-0.0222484) 
215 (0,-0.0221534) (0,-0.0221534) (0,-0.0221453) (0,-0.0221453) 
216 (0,-0.0220511) (0,-0.0220511) (0,-0.0220431) (0,-0.0220431) 
217 (0,-0.0219498) (0,-0.0219498) (0,-0.0219418) (0,-0.0219418) 
218 (0,-0.0218493) (0,-0.0218493) (0,-0.0218415) (0,-0.0218415) 
219 (0,-0.0217498) (0,-0.0217498) (0,-0.0217421) (0,-0.0217421) 
220 (0,-0.0216512) (0,-0.0216512) (0,-0.0216436) (0,-0.0216436) 
221 (0,-0.0215535) (0,-0.0215535) (0,-0.021546) (0,-0.021546) 
222 (0,-0.0214566) (0,-0.0214566) (0,-0.0214492) (0,-0.0214492) 
223 (0,-0.0213606) (0,-0.0213606) (0,-0.0213533) (0,-0.0213533) 
224 (0,-0.0212655) (0,-0.0212655) (0,-0.0212583) (0,-0.0212583) 
225 (0,-0.0211712) (0,-0.0211712) (0,-0.0211641) (0,-0.0211641) 
226 (0,-0.0210778) (0,-0.0210778) (0,-0.0210708) (0,-0.0210708) 
227 (0,-0.0209852) (0,-0.0209852) (0,-0.0209782) (0,-0.0209782) 
228 (0,-0.0208933) (0,-0.0208933) (0,-0.0208865) (0,-0.0208865) 
229 (0,-0.0208023) (0,-0.0208023) (0,-0.0207956) (0,-0.0207956) 
230 (0,-0.0207121) (0,-0.0207121) (0,-0.0207054) (0,-0.0207054) 
231 (0,-0.0206226) (0,-0.0206226) (0,-0.0206161) (0,-0.0206161) 
232 (0,-0.020534) (0,-0.020534) (0,-0.0205275) (0,-0.0205275) 
233 (0,-0.020446) (0,-0.020446) (0,-0.0204396) (0,-0.0204396) 
234 (0,-0.0203589) (0,-0.0203589) (0,-0.0203525) (0,-0.0203525) 
235 (0,-0.0202724) (0,-0.0202724) (0,-0.0202662) (0,-0.0202662) 
236 (0,-0.0201867) (0,-0.0201867) (0,-0.0201806) (0,-0.0201806) 
237 (0,-0.0201018) (0,-0.0201018) (0,-0.0200957) (0,-0.0200957) 
238 (0,-0.0200175) (0,-0.0200175) (0,-0.0200115) (0,-0.0200115) 
239 (0,-0.0199339) (0,-0.0199339) (0,-0.019928) (0,-0.019928) 
240 (0,-0.0198511) (0,-0.0198511) (0,-0.0198452) (0,-0.0198452) 
241 (0,-0.0197689) (0,-0.0197689) (0,-0.0197631) (0,-0.0197631) 
242 (0,-0.0196874) (0,-0.0196874) (0,-0.0196816) (0,-0.0196816) 
243 (0,-0.0196065) (0,-0.0196065) (0,-0.0196009) (0,-0.0196009) 
244 (0,-0.0195264) (0,-0.0195264) (0,-0.0195208) (0,-0.0195208) 
245 (0,-0.0194468) (0,-0.0194468) (0,-0.0194413) (0,-0.0194413) 
246 (0,-0.019368) (0,-0.019368) (0,-0.0193625) (0,-0.0193625) 
247 (0,-0.0192897) (0,-0.0192897) (0,-0.0192843) (0,-0.0192843) 
248 (0,-0.0192121) (0,-0.0192121) (0,-0.0192068) (0,-0.0192068) 
249 (0,-0.0191351) (0,-0.0191351) (0,-0.0191299) (0,-0.0191299) 
250 (0,-0.0190587) (0,-0.0190587) (0,-0.0190536) (0,-0.0190536) 
251 (0,-0.018983) (0,-0.018983) (0,-0.0189778) (0,-0.0189778) 
252 (0,-0.0189078) (0,-0.0189078) (0,-0.0189027) (0,-0.0189027) 
253 (0,-0.0188332) (0,-0.0188332) (0,-0.0188282) (0,-0.0188282) 
254 (0,-0.0187592) (0,-0.0187592) (0,-0.0187543) (0,-0.0187543) 
255 (0,-0.0186858) (0,-0.0186858) (0,-0.0186809) (0,-0.0186809) 
256 (0,-0.018613) (0,-0.018613) (0,-0.0186082) (0,-0.0186082) 
257 (0,-0.0185407) (0,-0.0185407) (0,-0.018536) (0,-0.018536) 
258 (0,-0.018469) (0,-0.018469) (0,-0.0184643) (0,-0.0184643) 
259 (0,-0.0183979) (0,-0.0183979) (0,-0.0183932) (0,-0.0183932) 
260 (0,-0.0183272) (0,-0.0183272) (0,-0.0183226) (0,-0.0183226) 
261 (0,-0.0182572) (0,-0.0182572) (0,-0.0182526) (0,-0.0182526) 
262 (0,-0.0181876) (0,-0.0181876) (0,-0.0181831) (0,-0.0181831) 
263 (0,-0.0181186) (0,-0.0181186) (0,-0.0181142) (0,-0.0181142) 
264 (0,-0.0180501) (0,-0.0180501) (0,-0.0180457) (0,-0.0180457) 
265 (0,-0.0179822) (0,-0.0179822) (0,-0.0179778) (0,-0.0179778) 
266 (0,-0.0179147) (0,-0.0179147) (0,-0.0179104) (0,-0.0179104) 
267 (0,-0.0178477) (0,-0.0178477) (0,-0.0178435) (0,-0.0178435) 
268 (0,-0.0177813) (0,-0.0177813) (0,-0.0177771) (0,-0.0177771) 
269 (0,-0.0177153) (0,-0.0177153) (0,-0.0177111) (0,-0.0177111) 
270 (0,-0.0176498) (0,-0.0176498) (0,-0.0176457) (0,-0.0176457) 
271 (0,-0.0175848) (0,-0.0175848) (0,-0.0175807) (0,-0.0175807) 
272 (0,-0.0175203) (0,-0.0175203) (0,-0.0175163) (0,-0.0175163) 
273 (0,-0.0174563) (0,-0.0174563) (0,-0.0174523) (0,-0.0174523) 
274 (0,-0.0173927) (0,-0.0173927) (0,-0.0173887) (0,-0.0173887) 
275 (0,-0.0173295) (0,-0.0173295) (0,-0.0173256) (0,-0.0173256) 
276 (0,-0.0172669) (0,-0.0172669) (0,-0.017263) (0,-0.017263) 
277 (0,-0.0172047) (0,-0.0172047) (0,-0.0172008) (0,-0.0172008) 
278 (0,-0.0171429) (0,-0.0171429) (0,-0.0171391) (0,-0.0171391) 
279 (0,-0.0170816) (0,-0.0170816) (0,-0.0170778) (0,-0.0170778) 
280 (0,-0.0170207) (0,-0.0170207) (0,-0.017017) (0,-0.017017) 
281 (0,-0.0169602) (0,-0.0169602) (0,-0.0169566) (0,-0.0169566) 
282 (0,-0.0169002) (0,-0.0169002) (0,-0.0168966) (0,-0.0168966) 
283 (0,-0.0168406) (0,-0.0168406) (0,-0.016837) (0,-0.016837) 
284 (0,-0.0167814) (0,-0.0167814) (0,-0.0167779) (0,-0.0167779) 
285 (0,-0.0167226) (0,-0.0167226) (0,-0.0167191) (0,-0.0167191) 
286 (0,-0.0166643) (0,-0.0166643) (0,-0.0166608) (0,-0.0166608) 
287 (0,-0.0166063) (0,-0.0166063) (0,-0.0166029) (0,-0.0166029) 
288 (0,-0.0165488) (0,-0.0165488) (0,-0.0165454) (0,-0.0165454) 
289 (0,-0.0164916) (0,-0.0164916) (0,-0.0164883) (0,-0.0164883) 
290 (0,-0.0164349) (0,-0.0164349) (0,-0.0164315) (0,-0.0164315) 
291 (0,-0.0163785) (0,-0.0163785) (0,-0.0163752) (0,-0.0163752) 
292 (0,-0.0163225) (0,-0.0163225) (0,-0.0163192) (0,-0.0163192) 
293 (0,-0.0162669) (0,-0.0162669) (0,-0.0162637) (0,-0.0162637) 
294 (0,-0.0162117) (0,-0.0162117) (0,-0.0162085) (0,-0.0162085) 
295 (0,-0.0161568) (0,-0.0161568) (0,-0.0161536) (0,-0.0161536) 
296 (0,-0.0161023) (0,-0.0161023) (0,-0.0160992) (0,-0.0160992) 
297 (0,-0.0160482) (0,-0.0160482) (0,-0.0160451) (0,-0.0160451) 
298 (0,-0.0159944) (0,-0.0159944) (0,-0.0159914) (0,-0.0159914) 
299 (0,-0.0159411) (0,-0.0159411) (0,-0.015938) (0,-0.015938) 
300 (0,-0.015888) (0,-0.015888) (0,-0.015885) (0,-0.015885) 
301 (0,-0.0158353) (0,-0.0158353) (0,-0.0158323) (0,-0.0158323) 
302 (0,-0.015783) (0,-0.015783) (0,-0.01578) (0,-0.01578) 
303 (0,-0.015731) (0,-0.015731) (0,-0.0157281) (0,-0.0157281) 
304 (0,-0.0156793) (0,-0.0156793) (0,-0.0156764) (0,-0.0156764) 
305 (0,-0.015628) (0,-0.015628) (0,-0.0156251) (0,-0.0156251) 
306 (0,-0.015577) (0,-0.015577) (0,-0.0155742) (0,-0.0155742) 
307 (0,-0.0155264) (0,-0.0155264) (0,-0.0155236) (0,-0.0155236) 
308 (0,-0.0154761) (0,-0.0154761) (0,-0.0154733) (0,-0.0154733) 
309 (0,-0.0154261) (0,-0.0154261) (0,-0.0154233) (0,-0.0154233) 
310 (0,-0.0153764) (0,-0.0153764) (0,-0.0153737) (0,-0.0153737) 
311 (0,-0.015327) (0,-0.015327) (0,-0.0153243) (0,-0.0153243) 
312 (0,-0.015278) (0,-0.015278) (0,-0.0152753) (0,-0.0152753) 
313 (0,-0.0152293) (0,-0.0152293) (0,-0.0152266) (0,-0.0152266) 
314 (0,-0.0151808) (0,-0.0151808) (0,-0.0151782) (0,-0.0151782) 
315 (0,-0.0151327) (0,-0.0151327) (0,-0.0151301) (0,-0.0151301) 
316 (0,-0.0150849) (0,-0.0150849) (0,-0.0150823) (0,-0.0150823) 
317 (0,-0.0150374) (0,-0.0150374) (0,-0.0150349) (0,-0.0150349) 
318 (0,-0.0149902) (0,-0.0149902) (0,-0.0149877) (0,-0.0149877) 
319 (0,-0.0149433) (0,-0.0149433) (0,-0.0149408) (0,-0.0149408) 
320 (0,-0.0148967) (0,-0.0148967) (0,-0.0148942) (0,-0.0148942) 
321 (0,-0.0148503) (0,-0.0148503) (0,-0.0148479) (0,-0.0148479) 
322 (0,-0.0148043) (0,-0.0148043) (0,-0.0148019) (0,-0.0148019) 
323 (0,-0.0147585) (0,-0.0147585) (0,-0.0147561) (0,-0.0147561) 
324 (0,-0.0147131) (0,-0.0147131) (0,-0.0147107) (0,-0.0147107) 
325 (0,-0.0146679) (0,-0.0146679) (0,-0.0146655) (0,-0.0146655) 
326 (0,-0.0146229) (0,-0.0146229) (0,-0.0146206) (0,-0.0146206) 
327 (0,-0.0145783) (0,-0.0145783) (0,-0.014576) (0,-0.014576) 
328 (0,-0.0145339) (0,-0.0145339) (0,-0.0145316) (0,-0.0145316) 
329 (0,-0.0144898) (0,-0.0144898) (0,-0.0144875) (0,-0.0144875) 
330 (0,-0.014446) (0,-0.014446) (0,-0.0144437) (0,-0.0144437) 
331 (0,-0.0144024) (0,-0.0144024) (0,-0.0144002) (0,-0.0144002) 
332 (0,-0.0143591) (0,-0.0143591) (0,-0.0143569) (0,-0.0143569) 
333 (0,-0.0143161) (0,-0.0143161) (0,-0.0143139) (0,-0.0143139) 
334 (0,-0.0142733) (0,-0.0142733) (0,-0.0142711) (0,-0.0142711) 
335 (0,-0.0142307) (0,-0.0142307) (0,-0.0142286) (0,-0.0142286) 
336 (0,-0.0141884) (0,-0.0141884) (0,-0.0141863) (0,-0.0141863) 
337 (0,-0.0141464) (0,-0.0141464) (0,-0.0141443) (0,-0.0141443) 
338 (0,-0.0141046) (0,-0.0141046) (0,-0.0141025) (0,-0.0141025) 
339 (0,-0.0140631) (0,-0.0140631) (0,-0.014061) (0,-0.014061) 
340 (0,-0.0140218) (0,-0.0140218) (0,-0.0140197) (0,-0.0140197) 
341 (0,-0.0139807) (0,-0.0139807) (0,-0.0139787) (0,-0.0139787) 
342 (0,-0.0139399) (0,-0.0139399) (0,-0.0139379) (0,-0.0139379) 
343 (0,-0.0138993) (0,-0.0138993) (0,-0.0138973) (0,-0.0138973) 
344 (0,-0.013859) (0,-0.013859) (0,-0.013857) (0,-0.013857) 
345 (0,-0.0138189) (0,-0.0138189) (0,-0.0138169) (0,-0.0138169) 
346 (0,-0.013779) (0,-0.013779) (0,-0.013777) (0,-0.013777) 
347 (0,-0.0137393) (0,-0.0137393) (0,-0.0137374) (0,-0.0137374) 
348 (0,-0.0136999) (0,-0.0136999) (0,-0.013698) (0,-0.013698) 
349 (0,-0.0136607) (0,-0.0136607) (0,-0.0136588) (0,-0.0136588) 
350 (0,-0.0136218) (0,-0.0136218) (0,-0.0136199) (0,-0.0136199) 
351 (0,-0.013583) (0,-0.013583) (0,-0.0135811) (0,-0.0135811) 
352 (0,-0.0135445) (0,-0.0135445) (0,-0.0135426) (0,-0.0135426) 
353 (0,-0.0135062) (0,-0.0135062) (0,-0.0135043) (0,-0.0135043) 
354 (0,-0.0134681) (0,-0.0134681) (0,-0.0134662) (0,-0.0134662) 
355 (0,-0.0134302) (0,-0.0134302) (0,-0.0134284) (0,-0.0134284) 
356 (0,-0.0133925) (0,-0.0133925) (0,-0.0133907) (0,-0.0133907) 
357 (0,-0.0133551) (0,-0.0133551) (0,-0.0133533) (0,-0.0133533) 
358 (0,-0.0133178) (0,-0.0133178) (0,-0.013316) (0,-0.013316) 
359 (0,-0.0132808) (0,-0.0132808) (0,-0.013279) (0,-0.013279) 
360 (0,-0.0132439) (0,-0.0132439) (0,-0.0132422) (0,-0.0132422) 
361 (0,-0.0132073) (0,-0.0132073) (0,-0.0132056) (0,-0.0132056) 
362 (0,-0.0131709) (0,-0.0131709) (0,-0.0131692) (0,-0.0131692) 
363 (0,-0.0131346) (0,-0.0131346) (0,-0.0131329) (0,-0.0131329) 
364 (0,-0.0130986) (0,-0.0130986) (0,-0.0130969) (0,-0.0130969) 
365 (0,-0.0130628) (0,-0.0130628) (0,-0.0130611) (0,-0.0130611) 
366 (0,-0.0130271) (0,-0.0130271) (0,-0.0130255) (0,-0.0130255) 
367 (0,-0.0129917) (0,-0.0129917) (0,-0.01299) (0,-0.01299) 
368 (0,-0.0129564) (0,-0.0129564) (0,-0.0129548) (0,-0.0129548) 
369 (0,-0.0129214) (0,-0.0129214) (0,-0.0129198) (0,-0.0129198) 
370 (0,-0.0128865) (0,-0.0128865) (0,-0.0128849) (0,-0.0128849) 
371 (0,-0.0128518) (0,-0.0128518) (0,-0.0128502) (0,-0.0128502) 
372 (0,-0.0128173) (0,-0.0128173) (0,-0.0128157) (0,-0.0128157) 
373 (0,-0.012783) (0,-0.012783) (0,-0.0127814) (0,-0.0127814) 
374 (0,-0.0127489) (0,-0.0127489) (0,-0.0127473) (0,-0.0127473) 
375 (0,-0.0127149) (0,-0.0127149) (0,-0.0127134) (0,-0.0127134) 
376 (0,-0.0126812) (0,-0.0126812) (0,-0.0126796) (0,-0.0126796) 
377 (0,-0.0126476) (0,-0.0126476) (0,-0.0126461) (0,-0.0126461) 
378 (0,-0.0126142) (0,-0.0126142) (0,-0.0126127) (0,-0.0126127) 
379 (0,-0.0125809) (0,-0.0125809) (0,-0.0125794) (0,-0.0125794) 
380 (0,-0.0125479) (0,-0.0125479) (0,-0.0125464) (0,-0.0125464) 
381 (0,-0.012515) (0,-0.012515) (0,-0.0125135) (0,-0.0125135) 
382 (0,-0.0124823) (0,-0.0124823) (0,-0.0124808) (0,-0.0124808) 
383 (0,-0.0124497) (0,-0.0124497) (0,-0.0124483) (0,-0.0124483) 
384 (0,-0.0124173) (0,-0.0124173) (0,-0.0124159) (0,-0.0124159) 
385 (0,-0.0123851) (0,-0.0123851) (0,-0.0123837) (0,-0.0123837) 
386 (0,-0.0123531) (0,-0.0123531) (0,-0.0123517) (0,-0.0123517) 
387 (0,-0.0123212) (0,-0.0123212) (0,-0.0123198) (0,-0.0123198) 
388 (0,-0.0122895) (0,-0.0122895) (0,-0.0122881) (0,-0.0122881) 
389 (0,-0.0122579) (0,-0.0122579) (0,-0.0122566) (0,-0.0122566) 
390 (0,-0.0122266) (0,-0.0122266) (0,-0.0122252) (0,-0.0122252) 
391 (0,-0.0121953) (0,-0.0121953) (0,-0.012194) (0,-0.012194) 
392 (0,-0.0121643) (0,-0.0121643) (0,-0.0121629) (0,-0.0121629) 
393 (0,-0.0121333) (0,-0.0121333) (0,-0.012132) (0,-0.012132) 
394 (0,-0.0121026) (0,-0.0121026) (0,-0.0121013) (0,-0.0121013) 
395 (0,-0.012072) (0,-0.012072) (0,-0.0120707) (0,-0.0120707) 
396 (0,-0.0120416) (0,-0.0120416) (0,-0.0120402) (0,-0.0120402) 
397 (0,-0.0120113) (0,-0.0120113) (0,-0.01201) (0,-0.01201) 
398 (0,-0.0119811) (0,-0.0119811) (0,-0.0119798) (0,-0.0119798) 
399 (0,-0.0119511) (0,-0.0119511) (0,-0.0119499) (0,-0.0119499) 
400 (0,-0.0119213) (0,-0.0119213) (0,-0.01192) (0,-0.01192) 
401 (0,-0.0118916) (0,-0.0118916) (0,-0.0118903) (0,-0.0118903) 
402 (0,-0.0118621) (0,-0.0118621) (0,-0.0118608) (0,-0.0118608) 
403 (0,-0.0118327) (0,-0.0118327) (0,-0.0118314) (0,-0.0118314) 
404 (0,-0.0118034) (0,-0.0118034) (0,-0.0118022) (0,-0.0118022) 
405 (0,-0.0117743) (0,-0.0117743) (0,-0.0117731) (0,-0.0117731) 
406 (0,-0.0117453) (0,-0.0117453) (0,-0.0117441) (0,-0.0117441) 
407 (0,-0.0117165) (0,-0.0117165) (0,-0.0117153) (0,-0.0117153) 
408 (0,-0.0116878) (0,-0.0116878) (0,-0.0116866) (0,-0.0116866) 
409 (0,-0.0116593) (0,-0.0116593) (0,-0.0116581) (0,-0.0116581) 
410 (0,-0.0116309) (0,-0.0116309) (0,-0.0116297) (0,-0.0116297) 
411 (0,-0.0116026) (0,-0.0116026) (0,-0.0116015) (0,-0.0116015) 
412 (0,-0.0115745) (0,-0.0115745) (0,-0.0115734) (0,-0.0115734) 
413 (0,-0.0115465) (0,-0.0115465) (0,-0.0115454) (0,-0.0115454) 
414 (0,-0.0115187) (0,-0.0115187) (0,-0.0115175) (0,-0.0115175) 
415 (0,-0.011491) (0,-0.011491) (0,-0.0114898) (0,-0.0114898) 
416 (0,-0.0114634) (0,-0.0114634) (0,-0.0114622) (0,-0.0114622) 
417 (0,-0.0114359) (0,-0.0114359) (0,-0.0114348) (0,-0.0114348) 
418 (0,-0.0114086) (0,-0.0114086) (0,-0.0114075) (0,-0.0114075) 
419 (0,-0.0113814) (0,-0.0113814) (0,-0.0113803) (0,-0.0113803) 
420 (0,-0.0113543) (0,-0.0113543) (0,-0.0113532) (0,-0.0113532) 
421 (0,-0.0113274) (0,-0.0113274) (0,-0.0113263) (0,-0.0113263) 
422 (0,-0.0113006) (0,-0.0113006) (0,-0.0112995) (0,-0.0112995) 
423 (0,-0.0112739) (0,-0.0112739) (0,-0.0112728) (0,-0.0112728) 
424 (0,-0.0112473) (0,-0.0112473) (0,-0.0112463) (0,-0.0112463) 
425 (0,-0.0112209) (0,-0.0112209) (0,-0.0112199) (0,-0.0112199) 
426 (0,-0.0111946) (0,-0.0111946) (0,-0.0111936) (0,-0.0111936) 
427 (0,-0.0111684) (0,-0.0111684) (0,-0.0111674) (0,-0.0111674) 
428 (0,-0.0111424) (0,-0.0111424) (0,-0.0111413) (0,-0.0111413) 
429 (0,-0.0111164) (0,-0.0111164) (0,-0.0111154) (0,-0.0111154) 
430 (0,-0.0110906) (0,-0.0110906) (0,-0.0110896) (0,-0.0110896) 
431 (0,-0.0110649) (0,-0.0110649) (0,-0.0110639) (0,-0.0110639) 
432 (0,-0.0110393) (0,-0.0110393) (0,-0.0110383) (0,-0.0110383) 
433 (0,-0.0110138) (0,-0.0110138) (0,-0.0110128) (0,-0.0110128) 
434 (0,-0.0109885) (0,-0.0109885) (0,-0.0109875) (0,-0.0109875) 
435 (0,-0.0109633) (0,-0.0109633) (0,-0.0109623) (0,-0.0109623) 
436 (0,-0.0109382) (0,-0.0109382) (0,-0.0109372) (0,-0.0109372) 
437 (0,-0.0109132) (0,-0.0109132) (0,-0.0109122) (0,-0.0109122) 
438 (0,-0.0108883) (0,-0.0108883) (0,-0.0108873) (0,-0.0108873) 
439 (0,-0.0108635) (0,-0.0108635) (0,-0.0108625) (0,-0.0108625) 
440 (0,-0.0108388) (0,-0.0108388) (0,-0.0108379) (0,-0.0108379) 
441 (0,-0.0108143) (0,-0.0108143) (0,-0.0108133) (0,-0.0108133) 
442 (0,-0.0107899) (0,-0.0107899) (0,-0.0107889) (0,-0.0107889) 
443 (0,-0.0107655) (0,-0.0107655) (0,-0.0107646) (0,-0.0107646) 
444 (0,-0.0107413) (0,-0.0107413) (0,-0.0107404) (0,-0.0107404) 
445 (0,-0.0107172) (0,-0.0107172) (0,-0.0107163) (0,-0.0107163) 
446 (0,-0.0106932) (0,-0.0106932) (0,-0.0106923) (0,-0.0106923) 
447 (0,-0.0106693) (0,-0.0106693) (0,-0.0106684) (0,-0.0106684) 
448 (0,-0.0106455) (0,-0.0106455) (0,-0.0106446) (0,-0.0106446) 
449 (0,-0.0106218) (0,-0.0106218) (0,-0.0106209) (0,-0.0106209) 
450 (0,-0.0105983) (0,-0.0105983) (0,-0.0105974) (0,-0.0105974) 
451 (0,-0.0105748) (0,-0.0105748) (0,-0.0105739) (0,-0.0105739) 
452 (0,-0.0105514) (0,-0.0105514) (0,-0.0105505) (0,-0.0105505) 
453 (0,-0.0105281) (0,-0.0105281) (0,-0.0105273) (0,-0.0105273) 
454 (0,-0.010505) (0,-0.010505) (0,-0.0105041) (0,-0.0105041) 
455 (0,-0.0104819) (0,-0.0104819) (0,-0.0104811) (0,-0.0104811) 
456 (0,-0.010459) (0,-0.010459) (0,-0.0104581) (0,-0.0104581) 
457 (0,-0.0104361) (0,-0.0104361) (0,-0.0104353) (0,-0.0104353) 
458 (0,-0.0104133) (0,-0.0104133) (0,-0.0104125) (0,-0.0104125) 
459 (0,-0.0103907) (0,-0.0103907) (0,-0.0103898) (0,-0.0103898) 
460 (0,-0.0103681) (0,-0.0103681) (0,-0.0103673) (0,-0.0103673) 
461 (0,-0.0103457) (0,-0.0103457) (0,-0.0103448) (0,-0.0103448) 
462 (0,-0.0103233) (0,-0.0103233) (0,-0.0103225) (0,-0.0103225) 
463 (0,-0.010301) (0,-0.010301) (0,-0.0103002) (0,-0.0103002) 
464 (0,-0.0102788) (0,-0.0102788) (0,-0.010278) (0,-0.010278) 
465 (0,-0.0102568) (0,-0.0102568) (0,-0.010256) (0,-0.010256) 
466 (0,-0.0102348) (0,-0.0102348) (0,-0.010234) (0,-0.010234) 
467 (0,-0.0102129) (0,-0.0102129) (0,-0.0102121) (0,-0.0102121) 
468 (0,-0.0101911) (0,-0.0101911) (0,-0.0101903) (0,-0.0101903) 
469 (0,-0.0101694) (0,-0.0101694) (0,-0.0101686) (0,-0.0101686) 
470 (0,-0.0101478) (0,-0.0101478) (0,-0.010147) (0,-0.010147) 
471 (0,-0.0101262) (0,-0.0101262) (0,-0.0101255) (0,-0.0101255) 
472 (0,-0.0101048) (0,-0.0101048) (0,-0.010104) (0,-0.010104) 
473 (0,-0.0100835) (0,-0.0100835) (0,-0.0100827) (0,-0.0100827) 
474 (0,-0.0100622) (0,-0.0100622) (0,-0.0100615) (0,-0.0100615) 
475 (0,-0.0100411) (0,-0.0100411) (0,-0.0100403) (0,-0.0100403) 
476 (0,-0.01002) (0,-0.01002) (0,-0.0100192) (0,-0.0100192) 
477 (0,-0.00999901) (0,-0.00999901) (0,-0.00999826) (0,-0.00999826) 
478 (0,-0.00997812) (0,-0.00997812) (0,-0.00997737) (0,-0.00997737) 
479 (0,-0.00995731) (0,-0.00995731) (0,-0.00995657) (0,-0.00995657) 
480 (0,-0.00993659) (0,-0.00993659) (0,-0.00993585) (0,-0.00993585) 
481 (0,-0.00991595) (0,-0.00991595) (0,-0.00991522) (0,-0.00991522) 
482 (0,-0.0098954) (0,-0.0098954) (0,-0.00989468) (0,-0.00989468) 
483 (0,-0.00987494) (0,-0.00987494) (0,-0.00987421) (0,-0.00987421) 
484 (0,-0.00985456) (0,-0.00985456) (0,-0.00985384) (0,-0.00985384) 
485 (0,-0.00983426) (0,-0.00983426) (0,-0.00983355) (0,-0.00983355) 
486 (0,-0.00981405) (0,-0.00981405) (0,-0.00981334) (0,-0.00981334) 
487 (0,-0.00979392) (0,-0.00979392) (0,-0.00979321) (0,-0.00979321) 
488 (0,-0.00977387) (0,-0.00977387) (0,-0.00977317) (0,-0.00977317) 
489 (0,-0.0097539) (0,-0.0097539) (0,-0.00975321) (0,-0.00975321) 
490 (0,-0.00973402) (0,-0.00973402) (0,-0.00973333) (0,-0.00973333) 
491 (0,-0.00971421) (0,-0.00971421) (0,-0.00971353) (0,-0.00971353) 
492 (0,-0.00969449) (0,-0.00969449) (0,-0.00969381) (0,-0.00969381) 
493 (0,-0.00967485) (0,-0.00967485) (0,-0.00967417) (0,-0.00967417) 
494 (0,-0.00965528) (0,-0.00965528) (0,-0.00965461) (0,-0.00965461) 
495 (0,-0.0096358) (0,-0.0096358) (0,-0.00963513) (0,-0.00963513) 
496 (0,-0.00961639) (0,-0.00961639) (0,-0.00961572) (0,-0.00961572) 
497 (0,-0.00959706) (0,-0.00959706) (0,-0.0095964) (0,-0.0095964) 
498 (0,-0.00957781) (0,-0.00957781) (0,-0.00957715) (0,-0.00957715) 
499 (0,-0.00955864) (0,-0.00955864) (0,-0.00955798) (0,-0.00955798) 
500 (0,-0.00953954) (0,-0.00953954) (0,-0.00953889) (0,-0.00953889) 
501 (0,-0.00952052) (0,-0.00952052) (0,-0.00951987) (0,-0.00951987) 
502 (0,-0.00950157) (0,-0.00950157) (0,-0.00950093) (0,-0.00950093) 
503 (0,-0.0094827) (0,-0.0094827) (0,-0.00948206) (0,-0.00948206) 
504 (0,-0.00946391) (0,-0.00946391) (0,-0.00946327) (0,-0.00946327) 
505 (0,-0.00944519) (0,-0.00944519) (0,-0.00944455) (0,-0.00944455) 
506 (0,-0.00942654) (0,-0.00942654) (0,-0.00942591) (0,-0.00942591) 
507 (0,-0.00940797) (0,-0.00940797) (0,-0.00940734) (0,-0.00940734) 
508 (0,-0.00938947) (0,-0.00938947) (0,-0.00938884) (0,-0.00938884) 
509 (0,-0.00937104) (0,-0.00937104) (0,-0.00937042) (0,-0.00937042) 
510 (0,-0.00935268) (0,-0.00935268) (0,-0.00935207) (0,-0.00935207) 
511 (0,-0.0093344) (0,-0.0093344) (0,-0.00933379) (0,-0.00933379) 
512 (0,-0.00931618) (0,-0.00931618) (0,-0.00931558) (0,-0.00931558) 
513 (0,-0.00929804) (0,-0.00929804) (0,-0.00929744) (0,-0.00929744) 
514 (0,-0.00927997) (0,-0.00927997) (0,-0.00927937) (0,-0.00927937) 
515 (0,-0.00926197) (0,-0.00926197) (0,-0.00926137) (0,-0.00926137) 
516 (0,-0.00924404) (0,-0.00924404) (0,-0.00924345) (0,-0.00924345) 
517 (0,-0.00922618) (0,-0.00922618) (0,-0.00922559) (0,-0.00922559) 
518 (0,-0.00920838) (0,-0.00920838) (0,-0.0092078) (0,-0.0092078) 
519 (0,-0.00919066) (0,-0.00919066) (0,-0.00919008) (0,-0.00919008) 
520 (0,-0.009173) (0,-0.009173) (0,-0.00917242) (0,-0.00917242) 
521 (0,-0.00915541) (0,-0.00915541) (0,-0.00915484) (0,-0.00915484) 
522 (0,-0.00913789) (0,-0.00913789) (0,-0.00913732) (0,-0.00913732) 
523 (0,-0.00912044) (0,-0.00912044) (0,-0.00911987) (0,-0.00911987) 
524 (0,-0.00910305) (0,-0.00910305) (0,-0.00910248) (0,-0.00910248) 
525 (0,-0.00908573) (0,-0.00908573) (0,-0.00908516) (0,-0.00908516) 
526 (0,-0.00906847) (0,-0.00906847) (0,-0.00906791) (0,-0.00906791) 
527 (0,-0.00905128) (0,-0.00905128) (0,-0.00905072) (0,-0.00905072) 
528 (0,-0.00903415) (0,-0.00903415) (0,-0.0090336) (0,-0.0090336) 
529 (0,-0.00901709) (0,-0.00901709) (0,-0.00901654) (0,-0.00901654) 
530 (0,-0.0090001) (0,-0.0090001) (0,-0.00899955) (0,-0.00899955) 
531 (0,-0.00898316) (0,-0.00898316) (0,-0.00898262) (0,-0.00898262) 
532 (0,-0.0089663) (0,-0.0089663) (0,-0.00896575) (0,-0.00896575) 
533 (0,-0.00894949) (0,-0.00894949) (0,-0.00894895) (0,-0.00894895) 
534 (0,-0.00893275) (0,-0.00893275) (0,-0.00893221) (0,-0.00893221) 
535 (0,-0.00891607) (0,-0.00891607) (0,-0.00891553) (0,-0.00891553) 
536 (0,-0.00889945) (0,-0.00889945) (0,-0.00889892) (0,-0.00889892) 
537 (0,-0.00888289) (0,-0.00888289) (0,-0.00888237) (0,-0.00888237) 
538 (0,-0.0088664) (0,-0.0088664) (0,-0.00886587) (0,-0.00886587) 
539 (0,-0.00884996) (0,-0.00884996) (0,-0.00884944) (0,-0.00884944) 
540 (0,-0.00883359) (0,-0.00883359) (0,-0.00883307) (0,-0.00883307) 
541 (0,-0.00881728) (0,-0.00881728) (0,-0.00881676) (0,-0.00881676) 
542 (0,-0.00880102) (0,-0.00880102) (0,-0.00880051) (0,-0.00880051) 
543 (0,-0.00878483) (0,-0.00878483) (0,-0.00878432) (0,-0.00878432) 
544 (0,-0.0087687) (0,-0.0087687) (0,-0.00876819) (0,-0.00876819) 
545 (0,-0.00875262) (0,-0.00875262) (0,-0.00875212) (0,-0.00875212) 
546 (0,-0.00873661) (0,-0.00873661) (0,-0.00873611) (0,-0.00873611) 
547 (0,-0.00872065) (0,-0.00872065) (0,-0.00872016) (0,-0.00872016) 
548 (0,-0.00870475) (0,-0.00870475) (0,-0.00870426) (0,-0.00870426) 
549 (0,-0.00868891) (0,-0.00868891) (0,-0.00868842) (0,-0.00868842) 
550 (0,-0.00867313) (0,-0.00867313) (0,-0.00867264) (0,-0.00867264) 
551 (0,-0.0086574) (0,-0.0086574) (0,-0.00865692) (0,-0.00865692) 
552 (0,-0.00864174) (0,-0.00864174) (0,-0.00864125) (0,-0.00864125) 
553 (0,-0.00862612) (0,-0.00862612) (0,-0.00862564) (0,-0.00862564) 
554 (0,-0.00861057) (0,-0.00861057) (0,-0.00861009) (0,-0.00861009) 
555 (0,-0.00859507) (0,-0.00859507) (0,-0.00859459) (0,-0.00859459) 
556 (0,-0.00857962) (0,-0.00857962) (0,-0.00857915) (0,-0.00857915) 
557 (0,-0.00856423) (0,-0.00856423) (0,-0.00856376) (0,-0.00856376) 
558 (0,-0.0085489) (0,-0.0085489) (0,-0.00854843) (0,-0.00854843) 
559 (0,-0.00853362) (0,-0.00853362) (0,-0.00853316) (0,-0.00853316) 
560 (0,-0.0085184) (0,-0.0085184) (0,-0.00851793) (0,-0.00851793) 
561 (0,-0.00850323) (0,-0.00850323) (0,-0.00850277) (0,-0.00850277) 
562 (0,-0.00848811) (0,-0.00848811) (0,-0.00848765) (0,-0.00848765) 
563 (0,-0.00847305) (0,-0.00847305) (0,-0.00847259) (0,-0.00847259) 
564 (0,-0.00845804) (0,-0.00845804) (0,-0.00845759) (0,-0.00845759) 
565 (0,-0.00844308) (0,-0.00844308) (0,-0.00844263) (0,-0.00844263) 
566 (0,-0.00842818) (0,-0.00842818) (0,-0.00842773) (0,-0.00842773) 
567 (0,-0.00841333) (0,-0.00841333) (0,-0.00841288) (0,-0.00841288) 
568 (0,-0.00839853) (0,-0.00839853) (0,-0.00839809) (0,-0.00839809) 
569 (0,-0.00838378) (0,-0.00838378) (0,-0.00838334) (0,-0.00838334) 
570 (0,-0.00836909) (0,-0.00836909) (0,-0.00836865) (0,-0.00836865) 
571 (0,-0.00835444) (0,-0.00835444) (0,-0.00835401) (0,-0.00835401) 
572 (0,-0.00833985) (0,-0.00833985) (0,-0.00833942) (0,-0.00833942) 
573 (0,-0.00832531) (0,-0.00832531) (0,-0.00832488) (0,-0.00832488) 
574 (0,-0.00831082) (0,-0.00831082) (0,-0.00831039) (0,-0.00831039) 
575 (0,-0.00829638) (0,-0.00829638) (0,-0.00829595) (0,-0.00829595) 
576 (0,-0.00828199) (0,-0.00828199) (0,-0.00828156) (0,-0.00828156) 
577 (0,-0.00826765) (0,-0.00826765) (0,-0.00826722) (0,-0.00826722) 
578 (0,-0.00825336) (0,-0.00825336) (0,-0.00825294) (0,-0.00825294) 
579 (0,-0.00823912) (0,-0.00823912) (0,-0.0082387) (0,-0.0082387) 
580 (0,-0.00822492) (0,-0.00822492) (0,-0.00822451) (0,-0.00822451) 
581 (0,-0.00821078) (0,-0.00821078) (0,-0.00821036) (0,-0.00821036) 
582 (0,-0.00819668) (0,-0.00819668) (0,-0.00819627) (0,-0.00819627) 
583 (0,-0.00818264) (0,-0.00818264) (0,-0.00818223) (0,-0.00818223) 
584 (0,-0.00816864) (0,-0.00816864) (0,-0.00816823) (0,-0.00816823) 
585 (0,-0.00815469) (0,-0.00815469) (0,-0.00815428) (0,-0.00815428) 
586 (0,-0.00814078) (0,-0.00814078) (0,-0.00814038) (0,-0.00814038) 
587 (0,-0.00812693) (0,-0.00812693) (0,-0.00812652) (0,-0.00812652) 
588 (0,-0.00811312) (0,-0.00811312) (0,-0.00811272) (0,-0.00811272) 
589 (0,-0.00809936) (0,-0.00809936) (0,-0.00809896) (0,-0.00809896) 
590 (0,-0.00808564) (0,-0.00808564) (0,-0.00808524) (0,-0.00808524) 
591 (0,-0.00807197) (0,-0.00807197) (0,-0.00807158) (0,-0.00807158) 
592 (0,-0.00805835) (0,-0.00805835) (0,-0.00805795) (0,-0.00805795) 
593 (0,-0.00804477) (0,-0.00804477) (0,-0.00804438) (0,-0.00804438) 
594 (0,-0.00803124) (0,-0.00803124) (0,-0.00803085) (0,-0.00803085) 
595 (0,-0.00801775) (0,-0.00801775) (0,-0.00801737) (0,-0.00801737) 
596 (0,-0.00800431) (0,-0.00800431) (0,-0.00800393) (0,-0.00800393) 
597 (0,-0.00799092) (0,-0.00799092) (0,-0.00799053) (0,-0.00799053) 
598 (0,-0.00797756) (0,-0.00797756) (0,-0.00797718) (0,-0.00797718) 
599 (0,-0.00796426) (0,-0.00796426) (0,-0.00796388) (0,-0.00796388) 
600 (0,-0.007951) (0,-0.007951) (0,-0.00795062) (0,-0.00795062) 
601 (0,-0.00793778) (0,-0.00793778) (0,-0.0079374) (0,-0.0079374) 
602 (0,-0.0079246) (0,-0.0079246) (0,-0.00792423) (0,-0.00792423) 
603 (0,-0.00791147) (0,-0.00791147) (0,-0.0079111) (0,-0.0079111) 
604 (0,-0.00789839) (0,-0.00789839) (0,-0.00789802) (0,-0.00789802) 
605 (0,-0.00788534) (0,-0.00788534) (0,-0.00788497) (0,-0.00788497) 
606 (0,-0.00787234) (0,-0.00787234) (0,-0.00787197) (0,-0.00787197) 
607 (0,-0.00785938) (0,-0.00785938) (0,-0.00785902) (0,-0.00785902) 
608 (0,-0.00784647) (0,-0.00784647) (0,-0.0078461) (0,-0.0078461) 
609 (0,-0.00783359) (0,-0.00783359) (0,-0.00783323) (0,-0.00783323) 
610 (0,-0.00782076) (0,-0.00782076) (0,-0.0078204) (0,-0.0078204) 
611 (0,-0.00780797) (0,-0.00780797) (0,-0.00780762) (0,-0.00780762) 
612 (0,-0.00779523) (0,-0.00779523) (0,-0.00779487) (0,-0.00779487) 
613 (0,-0.00778252) (0,-0.00778252) (0,-0.00778217) (0,-0.00778217) 
614 (0,-0.00776986) (0,-0.00776986) (0,-0.0077695) (0,-0.0077695) 
615 (0,-0.00775723) (0,-0.00775723) (0,-0.00775688) (0,-0.00775688) 
616 (0,-0.00774465) (0,-0.00774465) (0,-0.0077443) (0,-0.0077443) 
617 (0,-0.00773211) (0,-0.00773211) (0,-0.00773176) (0,-0.00773176) 
618 (0,-0.00771961) (0,-0.00771961) (0,-0.00771926) (0,-0.00771926) 
619 (0,-0.00770715) (0,-0.00770715) (0,-0.0077068) (0,-0.0077068) 
620 (0,-0.00769473) (0,-0.00769473) (0,-0.00769438) (0,-0.00769438) 
621 (0,-0.00768235) (0,-0.00768235) (0,-0.00768201) (0,-0.00768201) 
622 (0,-0.00767) (0,-0.00767) (0,-0.00766967) (0,-0.00766967) 
623 (0,-0.0076577) (0,-0.0076577) (0,-0.00765737) (0,-0.00765737) 
624 (0,-0.00764544) (0,-0.00764544) (0,-0.00764511) (0,-0.00764511) 
625 (0,-0.00763322) (0,-0.00763322) (0,-0.00763289) (0,-0.00763289) 
626 (0,-0.00762104) (0,-0.00762104) (0,-0.0076207) (0,-0.0076207) 
627 (0,-0.00760889) (0,-0.00760889) (0,-0.00760856) (0,-0.00760856) 
628 (0,-0.00759679) (0,-0.00759679) (0,-0.00759646) (0,-0.00759646) 
629 (0,-0.00758472) (0,-0.00758472) (0,-0.00758439) (0,-0.00758439) 
630 (0,-0.00757269) (0,-0.00757269) (0,-0.00757236) (0,-0.00757236) 
631 (0,-0.0075607) (0,-0.0075607) (0,-0.00756037) (0,-0.00756037) 
632 (0,-0.00754874) (0,-0.00754874) (0,-0.00754842) (0,-0.00754842) 
633 (0,-0.00753683) (0,-0.00753683) (0,-0.00753651) (0,-0.00753651) 
634 (0,-0.00752495) (0,-0.00752495) (0,-0.00752463) (0,-0.00752463) 
635 (0,-0.00751311) (0,-0.00751311) (0,-0.00751279) (0,-0.00751279) 
636 (0,-0.00750131) (0,-0.00750131) (0,-0.00750099) (0,-0.00750099) 
637 (0,-0.00748954) (0,-0.00748954) (0,-0.00748922) (0,-0.00748922) 
638 (0,-0.00747781) (0,-0.00747781) (0,-0.0074775) (0,-0.0074775) 
639 (0,-0.00746612) (0,-0.00746612) (0,-0.0074658) (0,-0.0074658) 
640 (0,-0.00745446) (0,-0.00745446) (0,-0.00745415) (0,-0.00745415) 
641 (0,-0.00744284) (0,-0.00744284) (0,-0.00744253) (0,-0.00744253) 
642 (0,-0.00743126) (0,-0.00743126) (0,-0.00743095) (0,-0.00743095) 
643 (0,-0.00741971) (0,-0.00741971) (0,-0.0074194) (0,-0.0074194) 
644 (0,-0.0074082) (0,-0.0074082) (0,-0.00740789) (0,-0.00740789) 
645 (0,-0.00739672) (0,-0.00739672) (0,-0.00739642) (0,-0.00739642) 
646 (0,-0.00738528) (0,-0.00738528) (0,-0.00738498) (0,-0.00738498) 
647 (0,-0.00737387) (0,-0.00737387) (0,-0.00737357) (0,-0.00737357) 
648 (0,-0.0073625) (0,-0.0073625) (0,-0.0073622) (0,-0.0073622) 
649 (0,-0.00735117) (0,-0.00735117) (0,-0.00735087) (0,-0.00735087) 
650 (0,-0.00733987) (0,-0.00733987) (0,-0.00733957) (0,-0.00733957) 
651 (0,-0.0073286) (0,-0.0073286) (0,-0.00732831) (0,-0.00732831) 
652 (0,-0.00731737) (0,-0.00731737) (0,-0.00731708) (0,-0.00731708) 
653 (0,-0.00730617) (0,-0.00730617) (0,-0.00730588) (0,-0.00730588) 
654 (0,-0.00729501) (0,-0.00729501) (0,-0.00729472) (0,-0.00729472) 
655 (0,-0.00728388) (0,-0.00728388) (0,-0.00728359) (0,-0.00728359) 
656 (0,-0.00727279) (0,-0.00727279) (0,-0.0072725) (0,-0.0072725) 
657 (0,-0.00726173) (0,-0.00726173) (0,-0.00726144) (0,-0.00726144) 
658 (0,-0.0072507) (0,-0.0072507) (0,-0.00725041) (0,-0.00725041) 
659 (0,-0.00723971) (0,-0.00723971) (0,-0.00723942) (0,-0.00723942) 
660 (0,-0.00722874) (0,-0.00722874) (0,-0.00722846) (0,-0.00722846) 
661 (0,-0.00721782) (0,-0.00721782) (0,-0.00721754) (0,-0.00721754) 
662 (0,-0.00720692) (0,-0.00720692) (0,-0.00720664) (0,-0.00720664) 
663 (0,-0.00719606) (0,-0.00719606) (0,-0.00719578) (0,-0.00719578) 
664 (0,-0.00718523) (0,-0.00718523) (0,-0.00718495) (0,-0.00718495) 
665 (0,-0.00717444) (0,-0.00717444) (0,-0.00717416) (0,-0.00717416) 
666 (0,-0.00716367) (0,-0.00716367) (0,-0.0071634) (0,-0.0071634) 
667 (0,-0.00715294) (0,-0.00715294) (0,-0.00715267) (0,-0.00715267) 
668 (0,-0.00714224) (0,-0.00714224) (0,-0.00714197) (0,-0.00714197) 
669 (0,-0.00713157) (0,-0.00713157) (0,-0.0071313) (0,-0.0071313) 
670 (0,-0.00712094) (0,-0.00712094) (0,-0.00712067) (0,-0.00712067) 
671 (0,-0.00711033) (0,-0.00711033) (0,-0.00711006) (0,-0.00711006) 
672 (0,-0.00709976) (0,-0.00709976) (0,-0.00709949) (0,-0.00709949) 
673 (0,-0.00708922) (0,-0.00708922) (0,-0.00708895) (0,-0.00708895) 
674 (0,-0.00707871) (0,-0.00707871) (0,-0.00707844) (0,-0.00707844) 
675 (0,-0.00706823) (0,-0.00706823) (0,-0.00706796) (0,-0.00706796) 
676 (0,-0.00705778) (0,-0.00705778) (0,-0.00705752) (0,-0.00705752) 
677 (0,-0.00704736) (0,-0.00704736) (0,-0.0070471) (0,-0.0070471) 
678 (0,-0.00703698) (0,-0.00703698) (0,-0.00703672) (0,-0.00703672) 
679 (0,-0.00702662) (0,-0.00702662) (0,-0.00702636) (0,-0.00702636) 
680 (0,-0.0070163) (0,-0.0070163) (0,-0.00701604) (0,-0.00701604) 
681 (0,-0.007006) (0,-0.007006) (0,-0.00700574) (0,-0.00700574) 
682 (0,-0.00699574) (0,-0.00699574) (0,-0.00699548) (0,-0.00699548) 
683 (0,-0.0069855) (0,-0.0069855) (0,-0.00698525) (0,-0.00698525) 
684 (0,-0.0069753) (0,-0.0069753) (0,-0.00697504) (0,-0.00697504) 
685 (0,-0.00696512) (0,-0.00696512) (0,-0.00696487) (0,-0.00696487) 
686 (0,-0.00695498) (0,-0.00695498) (0,-0.00695472) (0,-0.00695472) 
687 (0,-0.00694486) (0,-0.00694486) (0,-0.00694461) (0,-0.00694461) 
688 (0,-0.00693477) (0,-0.00693477) (0,-0.00693452) (0,-0.00693452) 
689 (0,-0.00692472) (0,-0.00692472) (0,-0.00692447) (0,-0.00692447) 
690 (0,-0.00691469) (0,-0.00691469) (0,-0.00691444) (0,-0.00691444) 
691 (0,-0.00690469) (0,-0.00690469) (0,-0.00690444) (0,-0.00690444) 
692 (0,-0.00689472) (0,-0.00689472) (0,-0.00689447) (0,-0.00689447) 
693 (0,-0.00688478) (0,-0.00688478) (0,-0.00688453) (0,-0.00688453) 
694 (0,-0.00687486) (0,-0.00687486) (0,-0.00687462) (0,-0.00687462) 
695 (0,-0.00686498) (0,-0.00686498) (0,-0.00686474) (0,-0.00686474) 
696 (0,-0.00685512) (0,-0.00685512) (0,-0.00685488) (0,-0.00685488) 
697 (0,-0.00684529) (0,-0.00684529) (0,-0.00684505) (0,-0.00684505) 
698 (0,-0.00683549) (0,-0.00683549) (0,-0.00683525) (0,-0.00683525) 
699 (0,-0.00682572) (0,-0.00682572) (0,-0.00682548) (0,-0.00682548) 
700 (0,-0.00681598) (0,-0.00681598) (0,-0.00681574) (0,-0.00681574) 
701 (0,-0.00680626) (0,-0.00680626) (0,-0.00680603) (0,-0.00680603) 
702 (0,-0.00679657) (0,-0.00679657) (0,-0.00679634) (0,-0.00679634) 
703 (0,-0.00678691) (0,-0.00678691) (0,-0.00678668) (0,-0.00678668) 
704 (0,-0.00677728) (0,-0.00677728) (0,-0.00677705) (0,-0.00677705) 
705 (0,-0.00676767) (0,-0.00676767) (0,-0.00676744) (0,-0.00676744) 
706 (0,-0.00675809) (0,-0.00675809) (0,-0.00675786) (0,-0.00675786) 
707 (0,-0.00674854) (0,-0.00674854) (0,-0.00674831) (0,-0.00674831) 
708 (0,-0.00673902) (0,-0.00673902) (0,-0.00673879) (0,-0.00673879) 
709 (0,-0.00672952) (0,-0.00672952) (0,-0.00672929) (0,-0.00672929) 
710 (0,-0.00672005) (0,-0.00672005) (0,-0.00671982) (0,-0.00671982) 
711 (0,-0.0067106) (0,-0.0067106) (0,-0.00671038) (0,-0.00671038) 
712 (0,-0.00670119) (0,-0.00670119) (0,-0.00670096) (0,-0.00670096) 
713 (0,-0.00669179) (0,-0.00669179) (0,-0.00669157) (0,-0.00669157) 
714 (0,-0.00668243) (0,-0.00668243) (0,-0.0066822) (0,-0.0066822) 
715 (0,-0.00667309) (0,-0.00667309) (0,-0.00667287) (0,-0.00667287) 
716 (0,-0.00666378) (0,-0.00666378) (0,-0.00666355) (0,-0.00666355) 
717 (0,-0.00665449) (0,-0.00665449) (0,-0.00665427) (0,-0.00665427) 
718 (0,-0.00664523) (0,-0.00664523) (0,-0.00664501) (0,-0.00664501) 
719 (0,-0.00663599) (0,-0.00663599) (0,-0.00663577) (0,-0.00663577) 
720 (0,-0.00662678) (0,-0.00662678) (0,-0.00662656) (0,-0.00662656) 
721 (0,-0.0066176) (0,-0.0066176) (0,-0.00661738) (0,-0.00661738) 
722 (0,-0.00660844) (0,-0.00660844) (0,-0.00660822) (0,-0.00660822) 
723 (0,-0.0065993) (0,-0.0065993) (0,-0.00659909) (0,-0.00659909) 
724 (0,-0.0065902) (0,-0.0065902) (0,-0.00658998) (0,-0.00658998) 
725 (0,-0.00658111) (0,-0.00658111) (0,-0.0065809) (0,-0.0065809) 
726 (0,-0.00657205) (0,-0.00657205) (0,-0.00657184) (0,-0.00657184) 
727 (0,-0.00656302) (0,-0.00656302) (0,-0.00656281) (0,-0.00656281) 
728 (0,-0.00655401) (0,-0.00655401) (0,-0.0065538) (0,-0.0065538) 
729 (0,-0.00654503) (0,-0.00654503) (0,-0.00654482) (0,-0.00654482) 
730 (0,-0.00653607) (0,-0.00653607) (0,-0.00653586) (0,-0.00653586) 
731 (0,-0.00652713) (0,-0.00652713) (0,-0.00652692) (0,-0.00652692) 
732 (0,-0.00651822) (0,-0.00651822) (0,-0.00651801) (0,-0.00651801) 
733 (0,-0.00650934) (0,-0.00650934) (0,-0.00650913) (0,-0.00650913) 
734 (0,-0.00650047) (0,-0.00650047) (0,-0.00650027) (0,-0.00650027) 
735 (0,-0.00649164) (0,-0.00649164) (0,-0.00649143) (0,-0.00649143) 
736 (0,-0.00648282) (0,-0.00648282) (0,-0.00648262) (0,-0.00648262) 
737 (0,-0.00647403) (0,-0.00647403) (0,-0.00647383) (0,-0.00647383) 
738 (0,-0.00646527) (0,-0.00646527) (0,-0.00646506) (0,-0.00646506) 
739 (0,-0.00645652) (0,-0.00645652) (0,-0.00645632) (0,-0.00645632) 
740 (0,-0.0064478) (0,-0.0064478) (0,-0.0064476) (0,-0.0064476) 
741 (0,-0.00643911) (0,-0.00643911) (0,-0.00643891) (0,-0.00643891) 
742 (0,-0.00643044) (0,-0.00643044) (0,-0.00643024) (0,-0.00643024) 
743 (0,-0.00642179) (0,-0.00642179) (0,-0.00642159) (0,-0.00642159) 
744 (0,-0.00641316) (0,-0.00641316) (0,-0.00641296) (0,-0.00641296) 
745 (0,-0.00640456) (0,-0.00640456) (0,-0.00640436) (0,-0.00640436) 
746 (0,-0.00639598) (0,-0.00639598) (0,-0.00639578) (0,-0.00639578) 
747 (0,-0.00638742) (0,-0.00638742) (0,-0.00638723) (0,-0.00638723) 
748 (0,-0.00637889) (0,-0.00637889) (0,-0.0063787) (0,-0.0063787) 
749 (0,-0.00637038) (0,-0.00637038) (0,-0.00637019) (0,-0.00637019) 
750 (0,-0.00636189) (0,-0.00636189) (0,-0.0063617) (0,-0.0063617) 
751 (0,-0.00635343) (0,-0.00635343) (0,-0.00635323) (0,-0.00635323) 
752 (0,-0.00634498) (0,-0.00634498) (0,-0.00634479) (0,-0.00634479) 
753 (0,-0.00633656) (0,-0.00633656) (0,-0.00633637) (0,-0.00633637) 
754 (0,-0.00632816) (0,-0.00632816) (0,-0.00632797) (0,-0.00632797) 
755 (0,-0.00631979) (0,-0.00631979) (0,-0.0063196) (0,-0.0063196) 
756 (0,-0.00631144) (0,-0.00631144) (0,-0.00631125) (0,-0.00631125) 
757 (0,-0.0063031) (0,-0.0063031) (0,-0.00630292) (0,-0.00630292) 
758 (0,-0.00629479) (0,-0.00629479) (0,-0.00629461) (0,-0.00629461) 
759 (0,-0.00628651) (0,-0.00628651) (0,-0.00628632) (0,-0.00628632) 
760 (0,-0.00627824) (0,-0.00627824) (0,-0.00627805) (0,-0.00627805) 
761 (0,-0.00627) (0,-0.00627) (0,-0.00626981) (0,-0.00626981) 
762 (0,-0.00626177) (0,-0.00626177) (0,-0.00626159) (0,-0.00626159) 
763 (0,-0.00625357) (0,-0.00625357) (0,-0.00625339) (0,-0.00625339) 
764 (0,-0.00624539) (0,-0.00624539) (0,-0.00624521) (0,-0.00624521) 
765 (0,-0.00623723) (0,-0.00623723) (0,-0.00623705) (0,-0.00623705) 
766 (0,-0.0062291) (0,-0.0062291) (0,-0.00622891) (0,-0.00622891) 
767 (0,-0.00622098) (0,-0.00622098) (0,-0.0062208) (0,-0.0062208) 
768 (0,-0.00621289) (0,-0.00621289) (0,-0.00621271) (0,-0.00621271) 
769 (0,-0.00620481) (0,-0.00620481) (0,-0.00620463) (0,-0.00620463) 
770 (0,-0.00619676) (0,-0.00619676) (0,-0.00619658) (0,-0.00619658) 
771 (0,-0.00618873) (0,-0.00618873) (0,-0.00618855) (0,-0.00618855) 
772 (0,-0.00618072) (0,-0.00618072) (0,-0.00618054) (0,-0.00618054) 
773 (0,-0.00617273) (0,-0.00617273) (0,-0.00617255) (0,-0.00617255) 
774 (0,-0.00616476) (0,-0.00616476) (0,-0.00616458) (0,-0.00616458) 
775 (0,-0.00615681) (0,-0.00615681) (0,-0.00615663) (0,-0.00615663) 
776 (0,-0.00614888) (0,-0.00614888) (0,-0.0061487) (0,-0.0061487) 
777 (0,-0.00614097) (0,-0.00614097) (0,-0.0061408) (0,-0.0061408) 
778 (0,-0.00613308) (0,-0.00613308) (0,-0.00613291) (0,-0.00613291) 
779 (0,-0.00612521) (0,-0.00612521) (0,-0.00612504) (0,-0.00612504) 
780 (0,-0.00611737) (0,-0.00611737) (0,-0.00611719) (0,-0.00611719) 
781 (0,-0.00610954) (0,-0.00610954) (0,-0.00610937) (0,-0.00610937) 
782 (0,-0.00610173) (0,-0.00610173) (0,-0.00610156) (0,-0.00610156) 
783 (0,-0.00609394) (0,-0.00609394) (0,-0.00609377) (0,-0.00609377) 
784 (0,-0.00608617) (0,-0.00608617) (0,-0.00608601) (0,-0.00608601) 
785 (0,-0.00607843) (0,-0.00607843) (0,-0.00607826) (0,-0.00607826) 
786 (0,-0.0060707) (0,-0.0060707) (0,-0.00607053) (0,-0.00607053) 
787 (0,-0.00606299) (0,-0.00606299) (0,-0.00606282) (0,-0.00606282) 
788 (0,-0.0060553) (0,-0.0060553) (0,-0.00605513) (0,-0.00605513) 
789 (0,-0.00604763) (0,-0.00604763) (0,-0.00604747) (0,-0.00604747) 
790 (0,-0.00603998) (0,-0.00603998) (0,-0.00603982) (0,-0.00603982) 
791 (0,-0.00603235) (0,-0.00603235) (0,-0.00603219) (0,-0.00603219) 
792 (0,-0.00602474) (0,-0.00602474) (0,-0.00602457) (0,-0.00602457) 
793 (0,-0.00601715) (0,-0.00601715) (0,-0.00601698) (0,-0.00601698) 
794 (0,-0.00600957) (0,-0.00600957) (0,-0.00600941) (0,-0.00600941) 
795 (0,-0.00600202) (0,-0.00600202) (0,-0.00600186) (0,-0.00600186) 
796 (0,-0.00599448) (0,-0.00599448) (0,-0.00599432) (0,-0.00599432) 
797 (0,-0.00598697) (0,-0.00598697) (0,-0.00598681) (0,-0.00598681) 
798 (0,-0.00597947) (0,-0.00597947) (0,-0.00597931) (0,-0.00597931) 
799 (0,-0.00597199) (0,-0.00597199) (0,-0.00597183) (0,-0.00597183) 
800 (0,-0.00596453) (0,-0.00596453) (0,-0.00596437) (0,-0.00596437) 
801 (0,-0.00595709) (0,-0.00595709) (0,-0.00595693) (0,-0.00595693) 
802 (0,-0.00594966) (0,-0.00594966) (0,-0.00594951) (0,-0.00594951) 
803 (0,-0.00594226) (0,-0.00594226) (0,-0.0059421) (0,-0.0059421) 
804 (0,-0.00593487) (0,-0.00593487) (0,-0.00593472) (0,-0.00593472) 
805 (0,-0.00592751) (0,-0.00592751) (0,-0.00592735) (0,-0.00592735) 
806 (0,-0.00592016) (0,-0.00592016) (0,-0.00592) (0,-0.00592) 
807 (0,-0.00591283) (0,-0.00591283) (0,-0.00591267) (0,-0.00591267) 
808 (0,-0.00590551) (0,-0.00590551) (0,-0.00590536) (0,-0.00590536) 
809 (0,-0.00589822) (0,-0.00589822) (0,-0.00589806) (0,-0.00589806) 
810 (0,-0.00589094) (0,-0.00589094) (0,-0.00589079) (0,-0.00589079) 
811 (0,-0.00588368) (0,-0.00588368) (0,-0.00588353) (0,-0.00588353) 
812 (0,-0.00587644) (0,-0.00587644) (0,-0.00587629) (0,-0.00587629) 
813 (0,-0.00586922) (0,-0.00586922) (0,-0.00586906) (0,-0.00586906) 
814 (0,-0.00586201) (0,-0.00586201) (0,-0.00586186) (0,-0.00586186) 
815 (0,-0.00585482) (0,-0.00585482) (0,-0.00585467) (0,-0.00585467) 
816 (0,-0.00584765) (0,-0.00584765) (0,-0.0058475) (0,-0.0058475) 
817 (0,-0.0058405) (0,-0.0058405) (0,-0.00584035) (0,-0.00584035) 
818 (0,-0.00583336) (0,-0.00583336) (0,-0.00583321) (0,-0.00583321) 
819 (0,-0.00582624) (0,-0.00582624) (0,-0.0058261) (0,-0.0058261) 
820 (0,-0.00581914) (0,-0.00581914) (0,-0.005819) (0,-0.005819) 
821 (0,-0.00581206) (0,-0.00581206) (0,-0.00581191) (0,-0.00581191) 
822 (0,-0.00580499) (0,-0.00580499) (0,-0.00580485) (0,-0.00580485) 
823 (0,-0.00579795) (0,-0.00579795) (0,-0.0057978) (0,-0.0057978) 
824 (0,-0.00579091) (0,-0.00579091) (0,-0.00579077) (0,-0.00579077) 
825 (0,-0.0057839) (0,-0.0057839) (0,-0.00578375) (0,-0.00578375) 
826 (0,-0.0057769) (0,-0.0057769) (0,-0.00577676) (0,-0.00577676) 
827 (0,-0.00576992) (0,-0.00576992) (0,-0.00576978) (0,-0.00576978) 
828 (0,-0.00576296) (0,-0.00576296) (0,-0.00576281) (0,-0.00576281) 
829 (0,-0.00575601) (0,-0.00575601) (0,-0.00575587) (0,-0.00575587) 
830 (0,-0.00574908) (0,-0.00574908) (0,-0.00574893) (0,-0.00574893) 
831 (0,-0.00574216) (0,-0.00574216) (0,-0.00574202) (0,-0.00574202) 
832 (0,-0.00573527) (0,-0.00573527) (0,-0.00573512) (0,-0.00573512) 
833 (0,-0.00572839) (0,-0.00572839) (0,-0.00572824) (0,-0.00572824) 
834 (0,-0.00572152) (0,-0.00572152) (0,-0.00572138) (0,-0.00572138) 
835 (0,-0.00571467) (0,-0.00571467) (0,-0.00571453) (0,-0.00571453) 
836 (0,-0.00570784) (0,-0.00570784) (0,-0.0057077) (0,-0.0057077) 
837 (0,-0.00570103) (0,-0.00570103) (0,-0.00570089) (0,-0.00570089) 
838 (0,-0.00569423) (0,-0.00569423) (0,-0.00569409) (0,-0.00569409) 
839 (0,-0.00568744) (0,-0.00568744) (0,-0.00568731) (0,-0.00568731) 
840 (0,-0.00568068) (0,-0.00568068) (0,-0.00568054) (0,-0.00568054) 
841 (0,-0.00567393) (0,-0.00567393) (0,-0.00567379) (0,-0.00567379) 
842 (0,-0.00566719) (0,-0.00566719) (0,-0.00566706) (0,-0.00566706) 
843 (0,-0.00566047) (0,-0.00566047) (0,-0.00566034) (0,-0.00566034) 
844 (0,-0.00565377) (0,-0.00565377) (0,-0.00565364) (0,-0.00565364) 
845 (0,-0.00564708) (0,-0.00564708) (0,-0.00564695) (0,-0.00564695) 
846 (0,-0.00564041) (0,-0.00564041) (0,-0.00564028) (0,-0.00564028) 
847 (0,-0.00563376) (0,-0.00563376) (0,-0.00563362) (0,-0.00563362) 
848 (0,-0.00562712) (0,-0.00562712) (0,-0.00562699) (0,-0.00562699) 
849 (0,-0.0056205) (0,-0.0056205) (0,-0.00562036) (0,-0.00562036) 
850 (0,-0.00561389) (0,-0.00561389) (0,-0.00561375) (0,-0.00561375) 
851 (0,-0.00560729) (0,-0.00560729) (0,-0.00560716) (0,-0.00560716) 
852 (0,-0.00560072) (0,-0.00560072) (0,-0.00560058) (0,-0.00560058) 
853 (0,-0.00559415) (0,-0.00559415) (0,-0.00559402) (0,-0.00559402) 
854 (0,-0.00558761) (0,-0.00558761) (0,-0.00558748) (0,-0.00558748) 
855 (0,-0.00558108) (0,-0.00558108) (0,-0.00558095) (0,-0.00558095) 
856 (0,-0.00557456) (0,-0.00557456) (0,-0.00557443) (0,-0.00557443) 
857 (0,-0.00556806) (0,-0.00556806) (0,-0.00556793) (0,-0.00556793) 
858 (0,-0.00556157) (0,-0.00556157) (0,-0.00556145) (0,-0.00556145) 
859 (0,-0.0055551) (0,-0.0055551) (0,-0.00555497) (0,-0.00555497) 
860 (0,-0.00554865) (0,-0.00554865) (0,-0.00554852) (0,-0.00554852) 
861 (0,-0.00554221) (0,-0.00554221) (0,-0.00554208) (0,-0.00554208) 
862 (0,-0.00553578) (0,-0.00553578) (0,-0.00553565) (0,-0.00553565) 
863 (0,-0.00552937) (0,-0.00552937) (0,-0.00552924) (0,-0.00552924) 
864 (0,-0.00552297) (0,-0.00552297) (0,-0.00552285) (0,-0.00552285) 
865 (0,-0.00551659) (0,-0.00551659) (0,-0.00551647) (0,-0.00551647) 
866 (0,-0.00551023) (0,-0.00551023) (0,-0.0055101) (0,-0.0055101) 
867 (0,-0.00550388) (0,-0.00550388) (0,-0.00550375) (0,-0.00550375) 
868 (0,-0.00549754) (0,-0.00549754) (0,-0.00549741) (0,-0.00549741) 
869 (0,-0.00549122) (0,-0.00549122) (0,-0.00549109) (0,-0.00549109) 
870 (0,-0.00548491) (0,-0.00548491) (0,-0.00548478) (0,-0.00548478) 
871 (0,-0.00547861) (0,-0.00547861) (0,-0.00547849) (0,-0.00547849) 
872 (0,-0.00547234) (0,-0.00547234) (0,-0.00547221) (0,-0.00547221) 
873 (0,-0.00546607) (0,-0.00546607) (0,-0.00546595) (0,-0.00546595) 
874 (0,-0.00545982) (0,-0.00545982) (0,-0.0054597) (0,-0.0054597) 
875 (0,-0.00545358) (0,-0.00545358) (0,-0.00545346) (0,-0.00545346) 
876 (0,-0.00544736) (0,-0.00544736) (0,-0.00544724) (0,-0.00544724) 
877 (0,-0.00544115) (0,-0.00544115) (0,-0.00544103) (0,-0.00544103) 
878 (0,-0.00543496) (0,-0.00543496) (0,-0.00543484) (0,-0.00543484) 
879 (0,-0.00542878) (0,-0.00542878) (0,-0.00542866) (0,-0.00542866) 
880 (0,-0.00542262) (0,-0.00542262) (0,-0.0054225) (0,-0.0054225) 
881 (0,-0.00541646) (0,-0.00541646) (0,-0.00541635) (0,-0.00541635) 
882 (0,-0.00541033) (0,-0.00541033) (0,-0.00541021) (0,-0.00541021) 
883 (0,-0.0054042) (0,-0.0054042) (0,-0.00540408) (0,-0.00540408) 
884 (0,-0.00539809) (0,-0.00539809) (0,-0.00539798) (0,-0.00539798) 
885 (0,-0.005392) (0,-0.005392) (0,-0.00539188) (0,-0.00539188) 
886 (0,-0.00538592) (0,-0.00538592) (0,-0.0053858) (0,-0.0053858) 
887 (0,-0.00537985) (0,-0.00537985) (0,-0.00537973) (0,-0.00537973) 
888 (0,-0.00537379) (0,-0.00537379) (0,-0.00537368) (0,-0.00537368) 
889 (0,-0.00536775) (0,-0.00536775) (0,-0.00536763) (0,-0.00536763) 
890 (0,-0.00536172) (0,-0.00536172) (0,-0.00536161) (0,-0.00536161) 
891 (0,-0.00535571) (0,-0.00535571) (0,-0.00535559) (0,-0.00535559) 
892 (0,-0.00534971) (0,-0.00534971) (0,-0.00534959) (0,-0.00534959) 
893 (0,-0.00534372) (0,-0.00534372) (0,-0.00534361) (0,-0.00534361) 
894 (0,-0.00533775) (0,-0.00533775) (0,-0.00533763) (0,-0.00533763) 
895 (0,-0.00533179) (0,-0.00533179) (0,-0.00533167) (0,-0.00533167) 
896 (0,-0.00532584) (0,-0.00532584) (0,-0.00532573) (0,-0.00532573) 
897 (0,-0.0053199) (0,-0.0053199) (0,-0.00531979) (0,-0.00531979) 
898 (0,-0.00531398) (0,-0.00531398) (0,-0.00531387) (0,-0.00531387) 
899 (0,-0.00530808) (0,-0.00530808) (0,-0.00530796) (0,-0.00530796) 
900 (0,-0.00530218) (0,-0.00530218) (0,-0.00530207) (0,-0.00530207) 
901 (0,-0.0052963) (0,-0.0052963) (0,-0.00529619) (0,-0.00529619) 
902 (0,-0.00529043) (0,-0.00529043) (0,-0.00529032) (0,-0.00529032) 
903 (0,-0.00528458) (0,-0.00528458) (0,-0.00528447) (0,-0.00528447) 
904 (0,-0.00527873) (0,-0.00527873) (0,-0.00527862) (0,-0.00527862) 
905 (0,-0.0052729) (0,-0.0052729) (0,-0.00527279) (0,-0.00527279) 
906 (0,-0.00526709) (0,-0.00526709) (0,-0.00526698) (0,-0.00526698) 
907 (0,-0.00526128) (0,-0.00526128) (0,-0.00526117) (0,-0.00526117) 
908 (0,-0.00525549) (0,-0.00525549) (0,-0.00525538) (0,-0.00525538) 
909 (0,-0.00524971) (0,-0.00524971) (0,-0.00524961) (0,-0.00524961) 
910 (0,-0.00524395) (0,-0.00524395) (0,-0.00524384) (0,-0.00524384) 
911 (0,-0.0052382) (0,-0.0052382) (0,-0.00523809) (0,-0.00523809) 
912 (0,-0.00523246) (0,-0.00523246) (0,-0.00523235) (0,-0.00523235) 
913 (0,-0.00522673) (0,-0.00522673) (0,-0.00522662) (0,-0.00522662) 
914 (0,-0.00522101) (0,-0.00522101) (0,-0.00522091) (0,-0.00522091) 
915 (0,-0.00521531) (0,-0.00521531) (0,-0.0052152) (0,-0.0052152) 
916 (0,-0.00520962) (0,-0.00520962) (0,-0.00520951) (0,-0.00520951) 
917 (0,-0.00520394) (0,-0.00520394) (0,-0.00520384) (0,-0.00520384) 
918 (0,-0.00519828) (0,-0.00519828) (0,-0.00519817) (0,-0.00519817) 
919 (0,-0.00519262) (0,-0.00519262) (0,-0.00519252) (0,-0.00519252) 
920 (0,-0.00518698) (0,-0.00518698) (0,-0.00518688) (0,-0.00518688) 
921 (0,-0.00518135) (0,-0.00518135) (0,-0.00518125) (0,-0.00518125) 
922 (0,-0.00517574) (0,-0.00517574) (0,-0.00517563) (0,-0.00517563) 
923 (0,-0.00517013) (0,-0.00517013) (0,-0.00517003) (0,-0.00517003) 
924 (0,-0.00516454) (0,-0.00516454) (0,-0.00516444) (0,-0.00516444) 
925 (0,-0.00515896) (0,-0.00515896) (0,-0.00515886) (0,-0.00515886) 
926 (0,-0.00515339) (0,-0.00515339) (0,-0.00515329) (0,-0.00515329) 
927 (0,-0.00514783) (0,-0.00514783) (0,-0.00514773) (0,-0.00514773) 
928 (0,-0.00514229) (0,-0.00514229) (0,-0.00514219) (0,-0.00514219) 
929 (0,-0.00513676) (0,-0.00513676) (0,-0.00513666) (0,-0.00513666) 
930 (0,-0.00513124) (0,-0.00513124) (0,-0.00513114) (0,-0.00513114) 
931 (0,-0.00512573) (0,-0.00512573) (0,-0.00512563) (0,-0.00512563) 
932 (0,-0.00512023) (0,-0.00512023) (0,-0.00512013) (0,-0.00512013) 
933 (0,-0.00511475) (0,-0.00511475) (0,-0.00511465) (0,-0.00511465) 
934 (0,-0.00510927) (0,-0.00510927) (0,-0.00510917) (0,-0.00510917) 
935 (0,-0.00510381) (0,-0.00510381) (0,-0.00510371) (0,-0.00510371) 
936 (0,-0.00509836) (0,-0.00509836) (0,-0.00509826) (0,-0.00509826) 
937 (0,-0.00509293) (0,-0.00509293) (0,-0.00509283) (0,-0.00509283) 
938 (0,-0.0050875) (0,-0.0050875) (0,-0.0050874) (0,-0.0050874) 
939 (0,-0.00508208) (0,-0.00508208) (0,-0.00508199) (0,-0.00508199) 
940 (0,-0.00507668) (0,-0.00507668) (0,-0.00507658) (0,-0.00507658) 
941 (0,-0.00507129) (0,-0.00507129) (0,-0.00507119) (0,-0.00507119) 
942 (0,-0.00506591) (0,-0.00506591) (0,-0.00506581) (0,-0.00506581) 
943 (0,-0.00506054) (0,-0.00506054) (0,-0.00506044) (0,-0.00506044) 
944 (0,-0.00505518) (0,-0.00505518) (0,-0.00505508) (0,-0.00505508) 
945 (0,-0.00504983) (0,-0.00504983) (0,-0.00504974) (0,-0.00504974) 
946 (0,-0.0050445) (0,-0.0050445) (0,-0.0050444) (0,-0.0050444) 
947 (0,-0.00503917) (0,-0.00503917) (0,-0.00503908) (0,-0.00503908) 
948 (0,-0.00503386) (0,-0.00503386) (0,-0.00503377) (0,-0.00503377) 
949 (0,-0.00502856) (0,-0.00502856) (0,-0.00502847) (0,-0.00502847) 
950 (0,-0.00502327) (0,-0.00502327) (0,-0.00502317) (0,-0.00502317) 
951 (0,-0.00501799) (0,-0.00501799) (0,-0.0050179) (0,-0.0050179) 
952 (0,-0.00501272) (0,-0.00501272) (0,-0.00501263) (0,-0.00501263) 
953 (0,-0.00500747) (0,-0.00500747) (0,-0.00500737) (0,-0.00500737) 
954 (0,-0.00500222) (0,-0.00500222) (0,-0.00500213) (0,-0.00500213) 
955 (0,-0.00499698) (0,-0.00499698) (0,-0.00499689) (0,-0.00499689) 
956 (0,-0.00499176) (0,-0.00499176) (0,-0.00499167) (0,-0.00499167) 
957 (0,-0.00498655) (0,-0.00498655) (0,-0.00498645) (0,-0.00498645) 
958 (0,-0.00498134) (0,-0.00498134) (0,-0.00498125) (0,-0.00498125) 
959 (0,-0.00497615) (0,-0.00497615) (0,-0.00497606) (0,-0.00497606) 
960 (0,-0.00497097) (0,-0.00497097) (0,-0.00497088) (0,-0.00497088) 
961 (0,-0.0049658) (0,-0.0049658) (0,-0.00496571) (0,-0.00496571) 
962 (0,-0.00496064) (0,-0.00496064) (0,-0.00496055) (0,-0.00496055) 
963 (0,-0.00495549) (0,-0.00495549) (0,-0.0049554) (0,-0.0049554) 
964 (0,-0.00495036) (0,-0.00495036) (0,-0.00495027) (0,-0.00495027) 
965 (0,-0.00494523) (0,-0.00494523) (0,-0.00494514) (0,-0.00494514) 
966 (0,-0.00494011) (0,-0.00494011) (0,-0.00494002) (0,-0.00494002) 
967 (0,-0.00493501) (0,-0.00493501) (0,-0.00493492) (0,-0.00493492) 
968 (0,-0.00492991) (0,-0.00492991) (0,-0.00492982) (0,-0.00492982) 
969 (0,-0.00492483) (0,-0.00492483) (0,-0.00492474) (0,-0.00492474) 
970 (0,-0.00491975) (0,-0.00491975) (0,-0.00491966) (0,-0.00491966) 
971 (0,-0.00491469) (0,-0.00491469) (0,-0.0049146) (0,-0.0049146) 
972 (0,-0.00490963) (0,-0.00490963) (0,-0.00490955) (0,-0.00490955) 
973 (0,-0.00490459) (0,-0.00490459) (0,-0.0049045) (0,-0.0049045) 
974 (0,-0.00489956) (0,-0.00489956) (0,-0.00489947) (0,-0.00489947) 
975 (0,-0.00489454) (0,-0.00489454) (0,-0.00489445) (0,-0.00489445) 
976 (0,-0.00488952) (0,-0.00488952) (0,-0.00488944) (0,-0.00488944) 
977 (0,-0.00488452) (0,-0.00488452) (0,-0.00488443) (0,-0.00488443) 
978 (0,-0.00487953) (0,-0.00487953) (0,-0.00487944) (0,-0.00487944) 
979 (0,-0.00487455) (0,-0.00487455) (0,-0.00487446) (0,-0.00487446) 
980 (0,-0.00486958) (0,-0.00486958) (0,-0.00486949) (0,-0.00486949) 
981 (0,-0.00486462) (0,-0.00486462) (0,-0.00486453) (0,-0.00486453) 
982 (0,-0.00485966) (0,-0.00485966) (0,-0.00485958) (0,-0.00485958) 
983 (0,-0.00485472) (0,-0.00485472) (0,-0.00485464) (0,-0.00485464) 
984 (0,-0.00484979) (0,-0.00484979) (0,-0.00484971) (0,-0.00484971) 
985 (0,-0.00484487) (0,-0.00484487) (0,-0.00484479) (0,-0.00484479) 
986 (0,-0.00483996) (0,-0.00483996) (0,-0.00483987) (0,-0.00483987) 
987 (0,-0.00483506) (0,-0.00483506) (0,-0.00483497) (0,-0.00483497) 
988 (0,-0.00483017) (0,-0.00483017) (0,-0.00483008) (0,-0.00483008) 
989 (0,-0.00482529) (0,-0.00482529) (0,-0.0048252) (0,-0.0048252) 
990 (0,-0.00482041) (0,-0.00482041) (0,-0.00482033) (0,-0.00482033) 
991 (0,-0.00481555) (0,-0.00481555) (0,-0.00481547) (0,-0.00481547) 
992 (0,-0.0048107) (0,-0.0048107) (0,-0.00481062) (0,-0.00481062) 
993 (0,-0.00480586) (0,-0.00480586) (0,-0.00480578) (0,-0.00480578) 
994 (0,-0.00480103) (0,-0.00480103) (0,-0.00480094) (0,-0.00480094) 
995 (0,-0.0047962) (0,-0.0047962) (0,-0.00479612) (0,-0.00479612) 
996 (0,-0.00479139) (0,-0.00479139) (0,-0.00479131) (0,-0.00479131) 
997 (0,-0.00478659) (0,-0.00478659) (0,-0.00478651) (0,-0.00478651) 
998 (0,-0.00478179) (0,-0.00478179) (0,-0.00478171) (0,-0.00478171) 
999 (0,-0.00477701) (0,-0.00477701) (0,-0.00477693) (0,-0.00477693) 
