0 (0.986589,-1.52933) (-0.986406,-1.52849) 
1 (0.129519,-0.854466) (-0.129481,-0.854448) 
2 (0.0344356,-0.567971) (-0.0344274,-0.56797) 
3 (0.0126508,-0.423663) (-0.0126483,-0.423662) 
4 (0.00559257,-0.337167) (-0.00559156,-0.337167) 
5 (0.00281182,-0.279637) (-0.00281135,-0.279637) 
6 (0.00155496,-0.238679) (-0.0015547,-0.238679) 
7 (0.000929312,-0.208067) (-0.000929168,-0.208067) 
8 (0.000593577,-0.184334) (-0.000593495,-0.184334) 
9 (0.000398147,-0.165408) (-0.000398099,-0.165408) 
10 (0.000276178,-0.149976) (-0.000276148,-0.149976) 
11 (0.000196896,-0.137161) (-0.000196876,-0.137161) 
12 (0.000143852,-0.126351) (-0.000143838,-0.126351) 
13 (0.000107408,-0.117113) (-0.000107398,-0.117113) 
14 (8.17294e-05,-0.109128) (-8.1722e-05,-0.109128) 
15 (6.31114e-05,-0.102158) (-6.31057e-05,-0.102158) 
16 (4.92095e-05,-0.0960219) (-4.9205e-05,-0.0960219) 
17 (3.87519e-05,-0.090579) (-3.87483e-05,-0.090579) 
18 (3.09123e-05,-0.0857184) (-3.09095e-05,-0.0857184) 
19 (2.49797e-05,-0.0813515) (-2.49773e-05,-0.0813515) 
20 (2.04201e-05,-0.0774068) (-2.04182e-05,-0.0774068) 
21 (1.68644e-05,-0.0738261) (-1.68629e-05,-0.0738261) 
22 (1.40557e-05,-0.0705613) (-1.40544e-05,-0.0705613) 
23 (1.18164e-05,-0.0675725) (-1.18152e-05,-0.0675725) 
24 (1.00198e-05,-0.064826) (-1.00188e-05,-0.064826) 
25 (8.5621e-06,-0.0622937) (-8.56129e-06,-0.0622937) 
26 (7.36241e-06,-0.0599515) (-7.36172e-06,-0.0599515) 
27 (6.36566e-06,-0.0577787) (-6.36508e-06,-0.0577787) 
28 (5.53224e-06,-0.0557577) (-5.53174e-06,-0.0557577) 
29 (4.83123e-06,-0.0538731) (-4.83078e-06,-0.0538731) 
30 (4.23793e-06,-0.0521116) (-4.23754e-06,-0.0521116) 
31 (3.7312e-06,-0.0504614) (-3.73086e-06,-0.0504614) 
32 (3.29329e-06,-0.0489125) (-3.29299e-06,-0.0489125) 
33 (2.9141e-06,-0.0474557) (-2.91383e-06,-0.0474557) 
34 (2.58738e-06,-0.0460831) (-2.58714e-06,-0.0460831) 
35 (2.30565e-06,-0.0447876) (-2.30543e-06,-0.0447876) 
36 (2.06166e-06,-0.0435629) (-2.06147e-06,-0.0435629) 
37 (1.84939e-06,-0.0424033) (-1.84922e-06,-0.0424033) 
38 (1.66396e-06,-0.0413038) (-1.6638e-06,-0.0413038) 
39 (1.50155e-06,-0.0402599) (-1.50141e-06,-0.0402599) 
40 (1.35916e-06,-0.0392673) (-1.35904e-06,-0.0392673) 
41 (1.23383e-06,-0.0383225) (-1.23371e-06,-0.0383225) 
42 (1.12278e-06,-0.0374221) (-1.12268e-06,-0.0374221) 
43 (1.02398e-06,-0.036563) (-1.02389e-06,-0.036563) 
44 (9.35851e-07,-0.0357424) (-9.35766e-07,-0.0357424) 
45 (8.57052e-07,-0.0349578) (-8.56974e-07,-0.0349578) 
46 (7.86403e-07,-0.0342069) (-7.86331e-07,-0.0342069) 
47 (7.22751e-07,-0.0334876) (-7.22685e-07,-0.0334876) 
48 (6.64994e-07,-0.0327978) (-6.64934e-07,-0.0327978) 
49 (6.1254e-07,-0.0321359) (-6.12484e-07,-0.0321359) 
50 (5.65094e-07,-0.0315002) (-5.65043e-07,-0.0315002) 
51 (5.22198e-07,-0.0308892) (-5.22151e-07,-0.0308892) 
52 (4.8334e-07,-0.0303013) (-4.83296e-07,-0.0303013) 
53 (4.48061e-07,-0.0297355) (-4.4802e-07,-0.0297355) 
54 (4.15966e-07,-0.0291903) (-4.15928e-07,-0.0291903) 
55 (3.86739e-07,-0.0286648) (-3.86704e-07,-0.0286648) 
56 (3.60127e-07,-0.0281579) (-3.60094e-07,-0.0281579) 
57 (3.35846e-07,-0.0276685) (-3.35816e-07,-0.0276685) 
58 (3.13604e-07,-0.0271959) (-3.13575e-07,-0.0271959) 
59 (2.93179e-07,-0.0267392) (-2.93152e-07,-0.0267392) 
60 (2.74398e-07,-0.0262975) (-2.74373e-07,-0.0262975) 
61 (2.57107e-07,-0.0258702) (-2.57084e-07,-0.0258702) 
62 (2.41163e-07,-0.0254566) (-2.41141e-07,-0.0254566) 
63 (2.26413e-07,-0.0250559) (-2.26393e-07,-0.0250559) 
64 (2.127e-07,-0.0246677) (-2.1268e-07,-0.0246677) 
65 (1.99943e-07,-0.0242913) (-1.99925e-07,-0.0242913) 
66 (1.88116e-07,-0.0239262) (-1.88099e-07,-0.0239262) 
67 (1.77159e-07,-0.023572) (-1.77143e-07,-0.023572) 
68 (1.66996e-07,-0.023228) (-1.66981e-07,-0.023228) 
69 (1.57558e-07,-0.022894) (-1.57544e-07,-0.022894) 
70 (1.48783e-07,-0.0225694) (-1.48769e-07,-0.0225694) 
71 (1.40619e-07,-0.0222539) (-1.40606e-07,-0.0222539) 
72 (1.33028e-07,-0.0219471) (-1.33016e-07,-0.0219471) 
73 (1.25962e-07,-0.0216487) (-1.2595e-07,-0.0216487) 
74 (1.19364e-07,-0.0213582) (-1.19353e-07,-0.0213582) 
75 (1.13195e-07,-0.0210754) (-1.13185e-07,-0.0210754) 
76 (1.07422e-07,-0.0208001) (-1.07412e-07,-0.0208001) 
77 (1.02014e-07,-0.0205318) (-1.02005e-07,-0.0205318) 
78 (9.69442e-08,-0.0202704) (-9.69354e-08,-0.0202704) 
79 (9.21799e-08,-0.0200155) (-9.21715e-08,-0.0200155) 
80 (8.76851e-08,-0.0197669) (-8.76771e-08,-0.0197669) 
81 (8.34432e-08,-0.0195245) (-8.34357e-08,-0.0195245) 
82 (7.94513e-08,-0.0192879) (-7.9444e-08,-0.0192879) 
83 (7.56973e-08,-0.019057) (-7.56905e-08,-0.019057) 
84 (7.21648e-08,-0.0188316) (-7.21583e-08,-0.0188316) 
85 (6.88377e-08,-0.0186114) (-6.88315e-08,-0.0186114) 
86 (6.57015e-08,-0.0183963) (-6.56955e-08,-0.0183963) 
87 (6.27447e-08,-0.0181861) (-6.2739e-08,-0.0181861) 
88 (5.99586e-08,-0.0179807) (-5.99531e-08,-0.0179807) 
89 (5.73312e-08,-0.0177799) (-5.73259e-08,-0.0177799) 
90 (5.48481e-08,-0.0175835) (-5.48431e-08,-0.0175835) 
91 (5.24986e-08,-0.0173914) (-5.24938e-08,-0.0173914) 
92 (5.02743e-08,-0.0172034) (-5.02698e-08,-0.0172034) 
93 (4.81675e-08,-0.0170195) (-4.81631e-08,-0.0170195) 
94 (4.61705e-08,-0.0168394) (-4.61663e-08,-0.0168394) 
95 (4.42741e-08,-0.0166631) (-4.427e-08,-0.0166631) 
96 (4.24675e-08,-0.0164905) (-4.24636e-08,-0.0164905) 
97 (4.0746e-08,-0.0163214) (-4.07423e-08,-0.0163214) 
98 (3.91097e-08,-0.0161558) (-3.91061e-08,-0.0161558) 
99 (3.75554e-08,-0.0159934) (-3.7552e-08,-0.0159934) 
100 (3.60784e-08,-0.0158343) (-3.60751e-08,-0.0158343) 
101 (3.46739e-08,-0.0156784) (-3.46707e-08,-0.0156784) 
102 (3.33375e-08,-0.0155254) (-3.33344e-08,-0.0155254) 
103 (3.20659e-08,-0.0153755) (-3.2063e-08,-0.0153755) 
104 (3.08567e-08,-0.0152284) (-3.08539e-08,-0.0152284) 
105 (2.9706e-08,-0.0150841) (-2.97033e-08,-0.0150841) 
106 (2.86093e-08,-0.0149425) (-2.86067e-08,-0.0149425) 
107 (2.7563e-08,-0.0148035) (-2.75604e-08,-0.0148035) 
108 (2.65643e-08,-0.0146671) (-2.65619e-08,-0.0146671) 
109 (2.56108e-08,-0.0145332) (-2.56085e-08,-0.0145332) 
110 (2.47e-08,-0.0144017) (-2.46978e-08,-0.0144017) 
111 (2.38286e-08,-0.0142725) (-2.38264e-08,-0.0142725) 
112 (2.29927e-08,-0.0141457) (-2.29906e-08,-0.0141457) 
113 (2.21907e-08,-0.0140211) (-2.21887e-08,-0.0140211) 
114 (2.14228e-08,-0.0138987) (-2.14209e-08,-0.0138987) 
115 (2.06882e-08,-0.0137783) (-2.06863e-08,-0.0137783) 
116 (1.99851e-08,-0.0136601) (-1.99833e-08,-0.0136601) 
117 (1.93118e-08,-0.0135439) (-1.93101e-08,-0.0135439) 
118 (1.86669e-08,-0.0134296) (-1.86652e-08,-0.0134296) 
119 (1.80491e-08,-0.0133172) (-1.80475e-08,-0.0133172) 
120 (1.74576e-08,-0.0132067) (-1.7456e-08,-0.0132067) 
121 (1.68911e-08,-0.013098) (-1.68896e-08,-0.013098) 
122 (1.63477e-08,-0.0129911) (-1.63462e-08,-0.0129911) 
123 (1.58261e-08,-0.012886) (-1.58246e-08,-0.012886) 
124 (1.53252e-08,-0.0127825) (-1.53238e-08,-0.0127825) 
125 (1.48442e-08,-0.0126806) (-1.48428e-08,-0.0126806) 
126 (1.4382e-08,-0.0125804) (-1.43807e-08,-0.0125804) 
127 (1.39373e-08,-0.0124818) (-1.39361e-08,-0.0124818) 
128 (1.35086e-08,-0.0123846) (-1.35073e-08,-0.0123846) 
129 (1.30951e-08,-0.012289) (-1.30939e-08,-0.012289) 
130 (1.2697e-08,-0.0121949) (-1.26959e-08,-0.0121949) 
131 (1.23141e-08,-0.0121022) (-1.2313e-08,-0.0121022) 
132 (1.19457e-08,-0.0120108) (-1.19446e-08,-0.0120108) 
133 (1.1591e-08,-0.0119209) (-1.159e-08,-0.0119209) 
134 (1.12495e-08,-0.0118323) (-1.12485e-08,-0.0118323) 
135 (1.09207e-08,-0.0117449) (-1.09197e-08,-0.0117449) 
136 (1.06043e-08,-0.0116589) (-1.06033e-08,-0.0116589) 
137 (1.02997e-08,-0.0115741) (-1.02988e-08,-0.0115741) 
138 (1.00061e-08,-0.0114906) (-1.00052e-08,-0.0114906) 
139 (9.72297e-09,-0.0114082) (-9.72208e-09,-0.0114082) 
140 (9.44983e-09,-0.011327) (-9.44897e-09,-0.011327) 
141 (9.1863e-09,-0.011247) (-9.18546e-09,-0.011247) 
142 (8.93194e-09,-0.0111681) (-8.93113e-09,-0.0111681) 
143 (8.68618e-09,-0.0110903) (-8.68539e-09,-0.0110903) 
144 (8.44823e-09,-0.0110135) (-8.44746e-09,-0.0110135) 
145 (8.21783e-09,-0.0109378) (-8.21708e-09,-0.0109378) 
146 (7.99511e-09,-0.0108632) (-7.99438e-09,-0.0108632) 
147 (7.77995e-09,-0.0107895) (-7.77924e-09,-0.0107895) 
148 (7.57205e-09,-0.0107169) (-7.57136e-09,-0.0107169) 
149 (7.3711e-09,-0.0106452) (-7.37043e-09,-0.0106452) 
150 (7.17683e-09,-0.0105745) (-7.17617e-09,-0.0105745) 
151 (6.98901e-09,-0.0105047) (-6.98837e-09,-0.0105047) 
152 (6.80753e-09,-0.0104358) (-6.80691e-09,-0.0104358) 
153 (6.63213e-09,-0.0103678) (-6.63153e-09,-0.0103678) 
154 (6.46243e-09,-0.0103007) (-6.46184e-09,-0.0103007) 
155 (6.29815e-09,-0.0102345) (-6.29758e-09,-0.0102345) 
156 (6.13909e-09,-0.0101691) (-6.13853e-09,-0.0101691) 
157 (5.98506e-09,-0.0101046) (-5.98452e-09,-0.0101046) 
158 (5.83587e-09,-0.0100408) (-5.83534e-09,-0.0100408) 
159 (5.69121e-09,-0.00997787) (-5.69069e-09,-0.00997787) 
160 (5.5507e-09,-0.00991571) (-5.5502e-09,-0.00991571) 
161 (5.41421e-09,-0.00985432) (-5.41372e-09,-0.00985432) 
162 (5.28182e-09,-0.00979368) (-5.28134e-09,-0.00979368) 
163 (5.15349e-09,-0.00973379) (-5.15302e-09,-0.00973379) 
164 (5.02907e-09,-0.00967462) (-5.02862e-09,-0.00967462) 
165 (4.90842e-09,-0.00961617) (-4.90797e-09,-0.00961617) 
166 (4.79138e-09,-0.00955842) (-4.79095e-09,-0.00955842) 
167 (4.67787e-09,-0.00950136) (-4.67745e-09,-0.00950136) 
168 (4.56783e-09,-0.00944498) (-4.56742e-09,-0.00944498) 
169 (4.46113e-09,-0.00938926) (-4.46073e-09,-0.00938926) 
170 (4.35758e-09,-0.00933419) (-4.35718e-09,-0.00933419) 
171 (4.25703e-09,-0.00927977) (-4.25664e-09,-0.00927977) 
172 (4.15938e-09,-0.00922598) (-4.159e-09,-0.00922598) 
173 (4.06454e-09,-0.00917281) (-4.06417e-09,-0.00917281) 
174 (3.9724e-09,-0.00912025) (-3.97204e-09,-0.00912025) 
175 (3.88282e-09,-0.00906828) (-3.88247e-09,-0.00906828) 
176 (3.79557e-09,-0.00901691) (-3.79523e-09,-0.00901691) 
177 (3.7106e-09,-0.00896612) (-3.71026e-09,-0.00896612) 
178 (3.62795e-09,-0.00891589) (-3.62762e-09,-0.00891589) 
179 (3.54761e-09,-0.00886622) (-3.54728e-09,-0.00886622) 
180 (3.4695e-09,-0.00881711) (-3.46919e-09,-0.00881711) 
181 (3.39355e-09,-0.00876853) (-3.39324e-09,-0.00876853) 
182 (3.31968e-09,-0.00872049) (-3.31938e-09,-0.00872049) 
183 (3.24784e-09,-0.00867297) (-3.24754e-09,-0.00867297) 
184 (3.17801e-09,-0.00862596) (-3.17772e-09,-0.00862596) 
185 (3.11012e-09,-0.00857947) (-3.10983e-09,-0.00857947) 
186 (3.04405e-09,-0.00853347) (-3.04378e-09,-0.00853347) 
187 (2.97975e-09,-0.00848796) (-2.97948e-09,-0.00848796) 
188 (2.91714e-09,-0.00844293) (-2.91688e-09,-0.00844293) 
189 (2.85618e-09,-0.00839838) (-2.85592e-09,-0.00839838) 
190 (2.79682e-09,-0.0083543) (-2.79657e-09,-0.0083543) 
191 (2.73897e-09,-0.00831068) (-2.73872e-09,-0.00831068) 
192 (2.6825e-09,-0.00826751) (-2.68225e-09,-0.00826751) 
193 (2.62738e-09,-0.00822478) (-2.62714e-09,-0.00822478) 
194 (2.57364e-09,-0.0081825) (-2.57341e-09,-0.0081825) 
195 (2.52129e-09,-0.00814065) (-2.52106e-09,-0.00814065) 
196 (2.47027e-09,-0.00809922) (-2.47004e-09,-0.00809922) 
197 (2.42055e-09,-0.00805822) (-2.42032e-09,-0.00805822) 
198 (2.37207e-09,-0.00801762) (-2.37186e-09,-0.00801762) 
199 (2.32483e-09,-0.00797744) (-2.32462e-09,-0.00797744) 
200 (2.2788e-09,-0.00793765) (-2.2786e-09,-0.00793765) 
201 (2.23395e-09,-0.00789826) (-2.23375e-09,-0.00789826) 
202 (2.19022e-09,-0.00785926) (-2.19002e-09,-0.00785926) 
203 (2.14755e-09,-0.00782064) (-2.14736e-09,-0.00782064) 
204 (2.10593e-09,-0.0077824) (-2.10574e-09,-0.0077824) 
205 (2.06532e-09,-0.00774453) (-2.06513e-09,-0.00774453) 
206 (2.02568e-09,-0.00770703) (-2.0255e-09,-0.00770703) 
207 (1.98698e-09,-0.00766989) (-1.9868e-09,-0.00766989) 
208 (1.94914e-09,-0.00763311) (-1.94896e-09,-0.00763311) 
209 (1.91213e-09,-0.00759668) (-1.91196e-09,-0.00759668) 
210 (1.87598e-09,-0.00756059) (-1.87581e-09,-0.00756059) 
211 (1.84069e-09,-0.00752484) (-1.84052e-09,-0.00752484) 
212 (1.80623e-09,-0.00748943) (-1.80607e-09,-0.00748943) 
213 (1.77258e-09,-0.00745436) (-1.77242e-09,-0.00745436) 
214 (1.73972e-09,-0.00741961) (-1.73956e-09,-0.00741961) 
215 (1.70763e-09,-0.00738518) (-1.70747e-09,-0.00738518) 
216 (1.6763e-09,-0.00735107) (-1.67615e-09,-0.00735107) 
217 (1.64571e-09,-0.00731727) (-1.64556e-09,-0.00731727) 
218 (1.61583e-09,-0.00728379) (-1.61569e-09,-0.00728379) 
219 (1.58663e-09,-0.0072506) (-1.58649e-09,-0.0072506) 
220 (1.55809e-09,-0.00721772) (-1.55795e-09,-0.00721772) 
221 (1.5302e-09,-0.00718514) (-1.53006e-09,-0.00718514) 
222 (1.50293e-09,-0.00715285) (-1.50279e-09,-0.00715285) 
223 (1.47625e-09,-0.00712085) (-1.47612e-09,-0.00712085) 
224 (1.45013e-09,-0.00708913) (-1.44999e-09,-0.00708913) 
225 (1.42453e-09,-0.00705769) (-1.4244e-09,-0.00705769) 
226 (1.3995e-09,-0.00702653) (-1.39937e-09,-0.00702653) 
227 (1.37501e-09,-0.00699565) (-1.37489e-09,-0.00699565) 
228 (1.35106e-09,-0.00696504) (-1.35094e-09,-0.00696504) 
229 (1.32764e-09,-0.00693469) (-1.32752e-09,-0.00693469) 
230 (1.30472e-09,-0.00690461) (-1.30461e-09,-0.00690461) 
231 (1.28231e-09,-0.00687478) (-1.28219e-09,-0.00687478) 
232 (1.26039e-09,-0.00684521) (-1.26028e-09,-0.00684521) 
233 (1.23896e-09,-0.0068159) (-1.23885e-09,-0.0068159) 
234 (1.21799e-09,-0.00678683) (-1.21788e-09,-0.00678683) 
235 (1.19746e-09,-0.00675802) (-1.19735e-09,-0.00675802) 
236 (1.17737e-09,-0.00672944) (-1.17726e-09,-0.00672944) 
237 (1.1577e-09,-0.00670111) (-1.15759e-09,-0.00670111) 
238 (1.13844e-09,-0.00667301) (-1.13833e-09,-0.00667301) 
239 (1.11957e-09,-0.00664515) (-1.11947e-09,-0.00664515) 
240 (1.10107e-09,-0.00661752) (-1.10097e-09,-0.00661752) 
241 (1.08292e-09,-0.00659012) (-1.08282e-09,-0.00659012) 
242 (1.06513e-09,-0.00656295) (-1.06504e-09,-0.00656295) 
243 (1.04772e-09,-0.006536) (-1.04762e-09,-0.006536) 
244 (1.03066e-09,-0.00650927) (-1.03056e-09,-0.00650927) 
245 (1.01395e-09,-0.00648275) (-1.01386e-09,-0.00648275) 
246 (9.97577e-10,-0.00645646) (-9.97486e-10,-0.00645646) 
247 (9.81541e-10,-0.00643037) (-9.81451e-10,-0.00643037) 
248 (9.65838e-10,-0.00640449) (-9.6575e-10,-0.00640449) 
249 (9.5046e-10,-0.00637883) (-9.50373e-10,-0.00637883) 
250 (9.35392e-10,-0.00635336) (-9.35307e-10,-0.00635336) 
251 (9.20622e-10,-0.0063281) (-9.20539e-10,-0.0063281) 
252 (9.06146e-10,-0.00630304) (-9.06063e-10,-0.00630304) 
253 (8.91955e-10,-0.00627818) (-8.91874e-10,-0.00627818) 
254 (8.78042e-10,-0.00625351) (-8.77963e-10,-0.00625351) 
255 (8.64396e-10,-0.00622904) (-8.64317e-10,-0.00622904) 
256 (8.50995e-10,-0.00620475) (-8.50917e-10,-0.00620475) 
257 (8.37835e-10,-0.00618066) (-8.37759e-10,-0.00618066) 
258 (8.24924e-10,-0.00615675) (-8.24849e-10,-0.00615675) 
259 (8.12263e-10,-0.00613302) (-8.12189e-10,-0.00613302) 
260 (7.99847e-10,-0.00610948) (-7.99774e-10,-0.00610948) 
261 (7.87668e-10,-0.00608612) (-7.87597e-10,-0.00608612) 
262 (7.75722e-10,-0.00606293) (-7.75652e-10,-0.00606293) 
263 (7.64006e-10,-0.00603993) (-7.63936e-10,-0.00603993) 
264 (7.52518e-10,-0.00601709) (-7.5245e-10,-0.00601709) 
265 (7.41254e-10,-0.00599443) (-7.41187e-10,-0.00599443) 
266 (7.30203e-10,-0.00597194) (-7.30137e-10,-0.00597194) 
267 (7.19359e-10,-0.00594961) (-7.19293e-10,-0.00594961) 
268 (7.08716e-10,-0.00592745) (-7.08652e-10,-0.00592745) 
269 (6.98271e-10,-0.00590546) (-6.98208e-10,-0.00590546) 
270 (6.8802e-10,-0.00588363) (-6.87957e-10,-0.00588363) 
271 (6.77952e-10,-0.00586196) (-6.77891e-10,-0.00586196) 
272 (6.68055e-10,-0.00584045) (-6.67995e-10,-0.00584045) 
273 (6.58326e-10,-0.0058191) (-6.58266e-10,-0.0058191) 
274 (6.48771e-10,-0.0057979) (-6.48712e-10,-0.0057979) 
275 (6.39389e-10,-0.00577685) (-6.39331e-10,-0.00577685) 
276 (6.30178e-10,-0.00575596) (-6.30121e-10,-0.00575596) 
277 (6.21134e-10,-0.00573522) (-6.21078e-10,-0.00573522) 
278 (6.12253e-10,-0.00571463) (-6.12197e-10,-0.00571463) 
279 (6.03532e-10,-0.00569418) (-6.03477e-10,-0.00569418) 
280 (5.94972e-10,-0.00567388) (-5.94918e-10,-0.00567388) 
281 (5.86569e-10,-0.00565373) (-5.86516e-10,-0.00565373) 
282 (5.78317e-10,-0.00563371) (-5.78264e-10,-0.00563371) 
283 (5.70209e-10,-0.00561384) (-5.70157e-10,-0.00561384) 
284 (5.62245e-10,-0.00559411) (-5.62193e-10,-0.00559411) 
285 (5.5442e-10,-0.00557452) (-5.54369e-10,-0.00557452) 
286 (5.46731e-10,-0.00555506) (-5.46682e-10,-0.00555506) 
287 (5.39174e-10,-0.00553574) (-5.39125e-10,-0.00553574) 
288 (5.31737e-10,-0.00551655) (-5.31689e-10,-0.00551655) 
289 (5.24419e-10,-0.0054975) (-5.24372e-10,-0.0054975) 
290 (5.17225e-10,-0.00547857) (-5.17178e-10,-0.00547857) 
291 (5.10155e-10,-0.00545978) (-5.10108e-10,-0.00545978) 
292 (5.03206e-10,-0.00544111) (-5.0316e-10,-0.00544111) 
293 (4.96376e-10,-0.00542258) (-4.96331e-10,-0.00542258) 
294 (4.89663e-10,-0.00540416) (-4.89618e-10,-0.00540416) 
295 (4.83064e-10,-0.00538588) (-4.8302e-10,-0.00538588) 
296 (4.7658e-10,-0.00536771) (-4.76537e-10,-0.00536771) 
297 (4.7021e-10,-0.00534967) (-4.70167e-10,-0.00534967) 
298 (4.63946e-10,-0.00533175) (-4.63904e-10,-0.00533175) 
299 (4.57788e-10,-0.00531395) (-4.57746e-10,-0.00531395) 
300 (4.51732e-10,-0.00529626) (-4.51691e-10,-0.00529626) 
301 (4.45776e-10,-0.0052787) (-4.45736e-10,-0.0052787) 
302 (4.3992e-10,-0.00526125) (-4.3988e-10,-0.00526125) 
303 (4.34157e-10,-0.00524391) (-4.34118e-10,-0.00524391) 
304 (4.28482e-10,-0.00522669) (-4.28443e-10,-0.00522669) 
305 (4.22893e-10,-0.00520958) (-4.22854e-10,-0.00520958) 
306 (4.17393e-10,-0.00519259) (-4.17355e-10,-0.00519259) 
307 (4.11983e-10,-0.0051757) (-4.11946e-10,-0.0051757) 
308 (4.06662e-10,-0.00515892) (-4.06625e-10,-0.00515892) 
309 (4.01426e-10,-0.00514226) (-4.0139e-10,-0.00514226) 
310 (3.96276e-10,-0.0051257) (-3.9624e-10,-0.0051257) 
311 (3.91209e-10,-0.00510924) (-3.91173e-10,-0.00510924) 
312 (3.86225e-10,-0.00509289) (-3.8619e-10,-0.00509289) 
313 (3.81324e-10,-0.00507665) (-3.8129e-10,-0.00507665) 
314 (3.76502e-10,-0.00506051) (-3.76468e-10,-0.00506051) 
315 (3.71756e-10,-0.00504447) (-3.71723e-10,-0.00504447) 
316 (3.67086e-10,-0.00502853) (-3.67052e-10,-0.00502853) 
317 (3.62489e-10,-0.00501269) (-3.62456e-10,-0.00501269) 
318 (3.57964e-10,-0.00499695) (-3.57931e-10,-0.00499695) 
319 (3.53508e-10,-0.00498131) (-3.53476e-10,-0.00498131) 
320 (3.49117e-10,-0.00496577) (-3.49085e-10,-0.00496577) 
321 (3.44789e-10,-0.00495033) (-3.44758e-10,-0.00495033) 
322 (3.40527e-10,-0.00493498) (-3.40496e-10,-0.00493498) 
323 (3.36331e-10,-0.00491972) (-3.363e-10,-0.00491972) 
324 (3.322e-10,-0.00490456) (-3.32169e-10,-0.00490456) 
325 (3.28132e-10,-0.00488949) (-3.28103e-10,-0.00488949) 
326 (3.24128e-10,-0.00487452) (-3.24098e-10,-0.00487452) 
327 (3.20185e-10,-0.00485964) (-3.20156e-10,-0.00485964) 
328 (3.16304e-10,-0.00484484) (-3.16275e-10,-0.00484484) 
329 (3.12484e-10,-0.00483014) (-3.12456e-10,-0.00483014) 
330 (3.08723e-10,-0.00481552) (-3.08695e-10,-0.00481552) 
331 (3.05018e-10,-0.004801) (-3.0499e-10,-0.004801) 
332 (3.01369e-10,-0.00478656) (-3.01342e-10,-0.00478656) 
333 (2.97775e-10,-0.00477221) (-2.97748e-10,-0.00477221) 
334 (2.94235e-10,-0.00475794) (-2.94208e-10,-0.00475794) 
335 (2.90746e-10,-0.00474376) (-2.9072e-10,-0.00474376) 
336 (2.87305e-10,-0.00472966) (-2.87279e-10,-0.00472966) 
337 (2.83912e-10,-0.00471565) (-2.83886e-10,-0.00471565) 
338 (2.80568e-10,-0.00470172) (-2.80542e-10,-0.00470172) 
339 (2.77273e-10,-0.00468787) (-2.77248e-10,-0.00468787) 
340 (2.74027e-10,-0.0046741) (-2.74002e-10,-0.0046741) 
341 (2.70828e-10,-0.00466042) (-2.70804e-10,-0.00466042) 
342 (2.67677e-10,-0.00464681) (-2.67652e-10,-0.00464681) 
343 (2.64572e-10,-0.00463328) (-2.64548e-10,-0.00463328) 
344 (2.61513e-10,-0.00461983) (-2.61489e-10,-0.00461983) 
345 (2.58501e-10,-0.00460646) (-2.58477e-10,-0.00460646) 
346 (2.55532e-10,-0.00459317) (-2.55509e-10,-0.00459317) 
347 (2.52606e-10,-0.00457995) (-2.52583e-10,-0.00457995) 
348 (2.49722e-10,-0.00456681) (-2.49699e-10,-0.00456681) 
349 (2.46879e-10,-0.00455374) (-2.46857e-10,-0.00455374) 
350 (2.44078e-10,-0.00454075) (-2.44055e-10,-0.00454075) 
351 (2.41315e-10,-0.00452783) (-2.41293e-10,-0.00452783) 
352 (2.38588e-10,-0.00451499) (-2.38566e-10,-0.00451499) 
353 (2.35897e-10,-0.00450222) (-2.35876e-10,-0.00450222) 
354 (2.33243e-10,-0.00448952) (-2.33222e-10,-0.00448952) 
355 (2.30627e-10,-0.00447689) (-2.30606e-10,-0.00447689) 
356 (2.28048e-10,-0.00446433) (-2.28027e-10,-0.00446433) 
357 (2.25505e-10,-0.00445184) (-2.25484e-10,-0.00445184) 
358 (2.22997e-10,-0.00443942) (-2.22977e-10,-0.00443942) 
359 (2.20525e-10,-0.00442708) (-2.20505e-10,-0.00442708) 
360 (2.18089e-10,-0.0044148) (-2.18069e-10,-0.0044148) 
361 (2.15687e-10,-0.00440258) (-2.15667e-10,-0.00440258) 
362 (2.13319e-10,-0.00439044) (-2.13299e-10,-0.00439044) 
363 (2.10983e-10,-0.00437836) (-2.10964e-10,-0.00437836) 
364 (2.0868e-10,-0.00436635) (-2.08661e-10,-0.00436635) 
365 (2.06408e-10,-0.0043544) (-2.06389e-10,-0.0043544) 
366 (2.04167e-10,-0.00434252) (-2.04148e-10,-0.00434252) 
367 (2.01956e-10,-0.00433071) (-2.01937e-10,-0.00433071) 
368 (1.99773e-10,-0.00431895) (-1.99754e-10,-0.00431895) 
369 (1.97617e-10,-0.00430727) (-1.97599e-10,-0.00430727) 
370 (1.95489e-10,-0.00429564) (-1.95472e-10,-0.00429564) 
371 (1.93391e-10,-0.00428408) (-1.93373e-10,-0.00428408) 
372 (1.91321e-10,-0.00427258) (-1.91303e-10,-0.00427258) 
373 (1.89278e-10,-0.00426114) (-1.89261e-10,-0.00426114) 
374 (1.87263e-10,-0.00424976) (-1.87246e-10,-0.00424976) 
375 (1.85275e-10,-0.00423844) (-1.85259e-10,-0.00423844) 
376 (1.83315e-10,-0.00422719) (-1.83298e-10,-0.00422719) 
377 (1.81381e-10,-0.00421599) (-1.81365e-10,-0.00421599) 
378 (1.79474e-10,-0.00420485) (-1.79457e-10,-0.00420485) 
379 (1.77591e-10,-0.00419377) (-1.77575e-10,-0.00419377) 
380 (1.75733e-10,-0.00418275) (-1.75717e-10,-0.00418275) 
381 (1.739e-10,-0.00417178) (-1.73884e-10,-0.00417178) 
382 (1.7209e-10,-0.00416088) (-1.72075e-10,-0.00416088) 
383 (1.70304e-10,-0.00415003) (-1.70289e-10,-0.00415003) 
384 (1.68539e-10,-0.00413923) (-1.68524e-10,-0.00413923) 
385 (1.66796e-10,-0.0041285) (-1.66781e-10,-0.0041285) 
386 (1.65074e-10,-0.00411782) (-1.65059e-10,-0.00411782) 
387 (1.63375e-10,-0.00410719) (-1.6336e-10,-0.00410719) 
388 (1.61698e-10,-0.00409662) (-1.61683e-10,-0.00409662) 
389 (1.60043e-10,-0.0040861) (-1.60028e-10,-0.0040861) 
390 (1.58408e-10,-0.00407564) (-1.58394e-10,-0.00407564) 
391 (1.56795e-10,-0.00406523) (-1.56781e-10,-0.00406523) 
392 (1.55204e-10,-0.00405487) (-1.5519e-10,-0.00405487) 
393 (1.53633e-10,-0.00404457) (-1.53619e-10,-0.00404457) 
394 (1.52082e-10,-0.00403431) (-1.52068e-10,-0.00403431) 
395 (1.50551e-10,-0.00402411) (-1.50537e-10,-0.00402411) 
396 (1.49039e-10,-0.00401396) (-1.49026e-10,-0.00401396) 
397 (1.47547e-10,-0.00400387) (-1.47533e-10,-0.00400387) 
398 (1.46073e-10,-0.00399382) (-1.4606e-10,-0.00399382) 
399 (1.44617e-10,-0.00398382) (-1.44604e-10,-0.00398382) 
400 (1.43178e-10,-0.00397387) (-1.43165e-10,-0.00397387) 
401 (1.41756e-10,-0.00396398) (-1.41743e-10,-0.00396398) 
402 (1.40351e-10,-0.00395413) (-1.40338e-10,-0.00395413) 
403 (1.38963e-10,-0.00394433) (-1.38951e-10,-0.00394433) 
404 (1.37593e-10,-0.00393458) (-1.37581e-10,-0.00393458) 
405 (1.3624e-10,-0.00392488) (-1.36228e-10,-0.00392488) 
406 (1.34903e-10,-0.00391522) (-1.34891e-10,-0.00391522) 
407 (1.33583e-10,-0.00390561) (-1.33571e-10,-0.00390561) 
408 (1.3228e-10,-0.00389605) (-1.32268e-10,-0.00389605) 
409 (1.30994e-10,-0.00388654) (-1.30982e-10,-0.00388654) 
410 (1.29723e-10,-0.00387707) (-1.29711e-10,-0.00387707) 
411 (1.28467e-10,-0.00386765) (-1.28456e-10,-0.00386765) 
412 (1.27227e-10,-0.00385827) (-1.27216e-10,-0.00385827) 
413 (1.26002e-10,-0.00384894) (-1.25991e-10,-0.00384894) 
414 (1.24792e-10,-0.00383966) (-1.2478e-10,-0.00383966) 
415 (1.23596e-10,-0.00383042) (-1.23585e-10,-0.00383042) 
416 (1.22413e-10,-0.00382122) (-1.22402e-10,-0.00382122) 
417 (1.21243e-10,-0.00381207) (-1.21232e-10,-0.00381207) 
418 (1.20088e-10,-0.00380296) (-1.20077e-10,-0.00380296) 
419 (1.18946e-10,-0.00379389) (-1.18935e-10,-0.00379389) 
420 (1.17817e-10,-0.00378487) (-1.17807e-10,-0.00378487) 
421 (1.16702e-10,-0.00377589) (-1.16692e-10,-0.00377589) 
422 (1.15601e-10,-0.00376695) (-1.1559e-10,-0.00376695) 
423 (1.14512e-10,-0.00375806) (-1.14502e-10,-0.00375806) 
424 (1.13437e-10,-0.00374921) (-1.13427e-10,-0.00374921) 
425 (1.12375e-10,-0.0037404) (-1.12365e-10,-0.0037404) 
426 (1.11325e-10,-0.00373163) (-1.11315e-10,-0.00373163) 
427 (1.10288e-10,-0.0037229) (-1.10278e-10,-0.0037229) 
428 (1.09263e-10,-0.00371421) (-1.09253e-10,-0.00371421) 
429 (1.0825e-10,-0.00370556) (-1.0824e-10,-0.00370556) 
430 (1.07249e-10,-0.00369695) (-1.07239e-10,-0.00369695) 
431 (1.06259e-10,-0.00368839) (-1.06249e-10,-0.00368839) 
432 (1.0528e-10,-0.00367986) (-1.0527e-10,-0.00367986) 
433 (1.04311e-10,-0.00367137) (-1.04301e-10,-0.00367137) 
434 (1.03353e-10,-0.00366292) (-1.03343e-10,-0.00366292) 
435 (1.02406e-10,-0.00365451) (-1.02397e-10,-0.00365451) 
436 (1.0147e-10,-0.00364614) (-1.01461e-10,-0.00364614) 
437 (1.00545e-10,-0.0036378) (-1.00536e-10,-0.0036378) 
438 (9.96302e-11,-0.00362951) (-9.96211e-11,-0.00362951) 
439 (9.87261e-11,-0.00362125) (-9.87171e-11,-0.00362125) 
440 (9.78327e-11,-0.00361303) (-9.78238e-11,-0.00361303) 
441 (9.69498e-11,-0.00360485) (-9.69409e-11,-0.00360485) 
442 (9.60769e-11,-0.0035967) (-9.60682e-11,-0.0035967) 
443 (9.52139e-11,-0.00358859) (-9.52053e-11,-0.00358859) 
444 (9.43607e-11,-0.00358052) (-9.43521e-11,-0.00358052) 
445 (9.35171e-11,-0.00357248) (-9.35086e-11,-0.00357248) 
446 (9.26829e-11,-0.00356448) (-9.26745e-11,-0.00356448) 
447 (9.18579e-11,-0.00355651) (-9.18496e-11,-0.00355651) 
448 (9.10414e-11,-0.00354858) (-9.10331e-11,-0.00354858) 
449 (9.02333e-11,-0.00354069) (-9.02251e-11,-0.00354069) 
450 (8.9434e-11,-0.00353283) (-8.94259e-11,-0.00353283) 
451 (8.86437e-11,-0.003525) (-8.86356e-11,-0.003525) 
452 (8.78621e-11,-0.00351721) (-8.78541e-11,-0.00351721) 
453 (8.70892e-11,-0.00350946) (-8.70812e-11,-0.00350946) 
454 (8.63248e-11,-0.00350174) (-8.63169e-11,-0.00350174) 
455 (8.55689e-11,-0.00349405) (-8.55611e-11,-0.00349405) 
456 (8.48216e-11,-0.0034864) (-8.48139e-11,-0.0034864) 
457 (8.40827e-11,-0.00347878) (-8.40751e-11,-0.00347878) 
458 (8.33521e-11,-0.00347119) (-8.33445e-11,-0.00347119) 
459 (8.26293e-11,-0.00346363) (-8.26218e-11,-0.00346363) 
460 (8.19145e-11,-0.00345611) (-8.1907e-11,-0.00345611) 
461 (8.12074e-11,-0.00344862) (-8.12001e-11,-0.00344862) 
462 (8.0508e-11,-0.00344117) (-8.05007e-11,-0.00344117) 
463 (7.9816e-11,-0.00343374) (-7.98088e-11,-0.00343374) 
464 (7.91309e-11,-0.00342635) (-7.91237e-11,-0.00342635) 
465 (7.84526e-11,-0.00341899) (-7.84455e-11,-0.00341899) 
466 (7.77815e-11,-0.00341166) (-7.77744e-11,-0.00341166) 
467 (7.71176e-11,-0.00340436) (-7.71106e-11,-0.00340436) 
468 (7.64608e-11,-0.0033971) (-7.64538e-11,-0.0033971) 
469 (7.5811e-11,-0.00338986) (-7.58041e-11,-0.00338986) 
470 (7.51682e-11,-0.00338266) (-7.51613e-11,-0.00338266) 
471 (7.45323e-11,-0.00337548) (-7.45255e-11,-0.00337548) 
472 (7.39033e-11,-0.00336834) (-7.38966e-11,-0.00336834) 
473 (7.32813e-11,-0.00336123) (-7.32746e-11,-0.00336123) 
474 (7.26658e-11,-0.00335414) (-7.26592e-11,-0.00335414) 
475 (7.20569e-11,-0.00334709) (-7.20503e-11,-0.00334709) 
476 (7.14544e-11,-0.00334006) (-7.14479e-11,-0.00334006) 
477 (7.08582e-11,-0.00333307) (-7.08517e-11,-0.00333307) 
478 (7.02682e-11,-0.0033261) (-7.02618e-11,-0.0033261) 
479 (6.96843e-11,-0.00331917) (-6.9678e-11,-0.00331917) 
480 (6.9106e-11,-0.00331226) (-6.90997e-11,-0.00331226) 
481 (6.85333e-11,-0.00330538) (-6.85271e-11,-0.00330538) 
482 (6.79664e-11,-0.00329853) (-6.79602e-11,-0.00329853) 
483 (6.74054e-11,-0.00329171) (-6.73993e-11,-0.00329171) 
484 (6.68503e-11,-0.00328491) (-6.68442e-11,-0.00328491) 
485 (6.63008e-11,-0.00327815) (-6.62948e-11,-0.00327815) 
486 (6.57571e-11,-0.00327141) (-6.57511e-11,-0.00327141) 
487 (6.5219e-11,-0.0032647) (-6.52131e-11,-0.0032647) 
488 (6.46866e-11,-0.00325802) (-6.46807e-11,-0.00325802) 
489 (6.41599e-11,-0.00325136) (-6.4154e-11,-0.00325136) 
490 (6.36386e-11,-0.00324473) (-6.36328e-11,-0.00324473) 
491 (6.31226e-11,-0.00323813) (-6.31168e-11,-0.00323813) 
492 (6.26118e-11,-0.00323156) (-6.26061e-11,-0.00323156) 
493 (6.21063e-11,-0.00322501) (-6.21006e-11,-0.00322501) 
494 (6.16059e-11,-0.00321849) (-6.16003e-11,-0.00321849) 
495 (6.11104e-11,-0.00321199) (-6.11048e-11,-0.00321199) 
496 (6.06196e-11,-0.00320552) (-6.06141e-11,-0.00320552) 
497 (6.01333e-11,-0.00319908) (-6.01278e-11,-0.00319908) 
498 (5.96518e-11,-0.00319266) (-5.96464e-11,-0.00319266) 
499 (5.91752e-11,-0.00318627) (-5.91698e-11,-0.00318627) 
