0 (0,-1.17644) (0,-1.17644) 
1 (0,-0.83227) (0,-0.83227) 
2 (0,-0.61804) (0,-0.61804) 
3 (0,-0.482228) (0,-0.482228) 
4 (0,-0.391833) (0,-0.391833) 
5 (0,-0.32851) (0,-0.32851) 
6 (0,-0.282131) (0,-0.282131) 
7 (0,-0.246887) (0,-0.246887) 
8 (0,-0.219287) (0,-0.219287) 
9 (0,-0.197132) (0,-0.197132) 
10 (0,-0.178978) (0,-0.178978) 
11 (0,-0.163846) (0,-0.163846) 
12 (0,-0.151046) (0,-0.151046) 
13 (0,-0.140083) (0,-0.140083) 
14 (0,-0.130591) (0,-0.130591) 
15 (0,-0.122295) (0,-0.122295) 
16 (0,-0.114984) (0,-0.114984) 
17 (0,-0.108493) (0,-0.108493) 
18 (0,-0.102691) (0,-0.102691) 
19 (0,-0.0974762) (0,-0.0974762) 
20 (0,-0.092763) (0,-0.092763) 
21 (0,-0.0884829) (0,-0.0884829) 
22 (0,-0.084579) (0,-0.084579) 
23 (0,-0.081004) (0,-0.081004) 
24 (0,-0.077718) (0,-0.077718) 
25 (0,-0.0746875) (0,-0.0746875) 
26 (0,-0.071884) (0,-0.071884) 
27 (0,-0.0692827) (0,-0.0692827) 
28 (0,-0.0668628) (0,-0.0668628) 
29 (0,-0.0646059) (0,-0.0646059) 
30 (0,-0.0624961) (0,-0.0624961) 
31 (0,-0.0605194) (0,-0.0605194) 
32 (0,-0.0586638) (0,-0.0586638) 
33 (0,-0.0569184) (0,-0.0569184) 
34 (0,-0.0552737) (0,-0.0552737) 
35 (0,-0.0537212) (0,-0.0537212) 
36 (0,-0.0522535) (0,-0.0522535) 
37 (0,-0.0508637) (0,-0.0508637) 
38 (0,-0.0495458) (0,-0.0495458) 
39 (0,-0.0482945) (0,-0.0482945) 
40 (0,-0.0471047) (0,-0.0471047) 
41 (0,-0.0459721) (0,-0.0459721) 
42 (0,-0.0448926) (0,-0.0448926) 
43 (0,-0.0438626) (0,-0.0438626) 
44 (0,-0.0428787) (0,-0.0428787) 
45 (0,-0.041938) (0,-0.041938) 
46 (0,-0.0410377) (0,-0.0410377) 
47 (0,-0.0401751) (0,-0.0401751) 
48 (0,-0.0393481) (0,-0.0393481) 
49 (0,-0.0385543) (0,-0.0385543) 
50 (0,-0.037792) (0,-0.037792) 
51 (0,-0.0370592) (0,-0.0370592) 
52 (0,-0.0363542) (0,-0.0363542) 
53 (0,-0.0356756) (0,-0.0356756) 
54 (0,-0.0350218) (0,-0.0350218) 
55 (0,-0.0343915) (0,-0.0343915) 
56 (0,-0.0337835) (0,-0.0337835) 
57 (0,-0.0331966) (0,-0.0331966) 
58 (0,-0.0326298) (0,-0.0326298) 
59 (0,-0.032082) (0,-0.032082) 
60 (0,-0.0315522) (0,-0.0315522) 
61 (0,-0.0310397) (0,-0.0310397) 
62 (0,-0.0305435) (0,-0.0305435) 
63 (0,-0.0300629) (0,-0.0300629) 
64 (0,-0.0295973) (0,-0.0295973) 
65 (0,-0.0291458) (0,-0.0291458) 
66 (0,-0.0287079) (0,-0.0287079) 
67 (0,-0.0282829) (0,-0.0282829) 
68 (0,-0.0278703) (0,-0.0278703) 
69 (0,-0.0274696) (0,-0.0274696) 
70 (0,-0.0270803) (0,-0.0270803) 
71 (0,-0.0267018) (0,-0.0267018) 
72 (0,-0.0263338) (0,-0.0263338) 
73 (0,-0.0259757) (0,-0.0259757) 
74 (0,-0.0256273) (0,-0.0256273) 
75 (0,-0.0252881) (0,-0.0252881) 
76 (0,-0.0249577) (0,-0.0249577) 
77 (0,-0.0246359) (0,-0.0246359) 
78 (0,-0.0243222) (0,-0.0243222) 
79 (0,-0.0240165) (0,-0.0240165) 
80 (0,-0.0237183) (0,-0.0237183) 
81 (0,-0.0234274) (0,-0.0234274) 
82 (0,-0.0231436) (0,-0.0231436) 
83 (0,-0.0228666) (0,-0.0228666) 
84 (0,-0.0225961) (0,-0.0225961) 
85 (0,-0.022332) (0,-0.022332) 
86 (0,-0.0220739) (0,-0.0220739) 
87 (0,-0.0218218) (0,-0.0218218) 
88 (0,-0.0215753) (0,-0.0215753) 
89 (0,-0.0213344) (0,-0.0213344) 
90 (0,-0.0210987) (0,-0.0210987) 
91 (0,-0.0208682) (0,-0.0208682) 
92 (0,-0.0206427) (0,-0.0206427) 
93 (0,-0.020422) (0,-0.020422) 
94 (0,-0.020206) (0,-0.020206) 
95 (0,-0.0199945) (0,-0.0199945) 
96 (0,-0.0197874) (0,-0.0197874) 
97 (0,-0.0195845) (0,-0.0195845) 
98 (0,-0.0193858) (0,-0.0193858) 
99 (0,-0.019191) (0,-0.019191) 
100 (0,-0.0190001) (0,-0.0190001) 
101 (0,-0.018813) (0,-0.018813) 
102 (0,-0.0186295) (0,-0.0186295) 
103 (0,-0.0184496) (0,-0.0184496) 
104 (0,-0.0182731) (0,-0.0182731) 
105 (0,-0.0181) (0,-0.0181) 
106 (0,-0.0179301) (0,-0.0179301) 
107 (0,-0.0177633) (0,-0.0177633) 
108 (0,-0.0175997) (0,-0.0175997) 
109 (0,-0.017439) (0,-0.017439) 
110 (0,-0.0172812) (0,-0.0172812) 
111 (0,-0.0171263) (0,-0.0171263) 
112 (0,-0.0169741) (0,-0.0169741) 
113 (0,-0.0168246) (0,-0.0168246) 
114 (0,-0.0166777) (0,-0.0166777) 
115 (0,-0.0165333) (0,-0.0165333) 
116 (0,-0.0163914) (0,-0.0163914) 
117 (0,-0.016252) (0,-0.016252) 
118 (0,-0.0161149) (0,-0.0161149) 
119 (0,-0.01598) (0,-0.01598) 
120 (0,-0.0158475) (0,-0.0158475) 
121 (0,-0.0157171) (0,-0.0157171) 
122 (0,-0.0155888) (0,-0.0155888) 
123 (0,-0.0154626) (0,-0.0154626) 
124 (0,-0.0153384) (0,-0.0153384) 
125 (0,-0.0152162) (0,-0.0152162) 
126 (0,-0.015096) (0,-0.015096) 
127 (0,-0.0149776) (0,-0.0149776) 
128 (0,-0.0148611) (0,-0.0148611) 
129 (0,-0.0147463) (0,-0.0147463) 
130 (0,-0.0146334) (0,-0.0146334) 
131 (0,-0.0145221) (0,-0.0145221) 
132 (0,-0.0144125) (0,-0.0144125) 
133 (0,-0.0143046) (0,-0.0143046) 
134 (0,-0.0141983) (0,-0.0141983) 
135 (0,-0.0140935) (0,-0.0140935) 
136 (0,-0.0139903) (0,-0.0139903) 
137 (0,-0.0138885) (0,-0.0138885) 
138 (0,-0.0137883) (0,-0.0137883) 
139 (0,-0.0136895) (0,-0.0136895) 
140 (0,-0.013592) (0,-0.013592) 
141 (0,-0.013496) (0,-0.013496) 
142 (0,-0.0134013) (0,-0.0134013) 
143 (0,-0.0133079) (0,-0.0133079) 
144 (0,-0.0132159) (0,-0.0132159) 
145 (0,-0.0131251) (0,-0.0131251) 
146 (0,-0.0130355) (0,-0.0130355) 
147 (0,-0.0129471) (0,-0.0129471) 
148 (0,-0.0128599) (0,-0.0128599) 
149 (0,-0.0127739) (0,-0.0127739) 
150 (0,-0.0126891) (0,-0.0126891) 
151 (0,-0.0126053) (0,-0.0126053) 
152 (0,-0.0125227) (0,-0.0125227) 
153 (0,-0.0124411) (0,-0.0124411) 
154 (0,-0.0123606) (0,-0.0123606) 
155 (0,-0.0122811) (0,-0.0122811) 
156 (0,-0.0122027) (0,-0.0122027) 
157 (0,-0.0121252) (0,-0.0121252) 
158 (0,-0.0120487) (0,-0.0120487) 
159 (0,-0.0119732) (0,-0.0119732) 
160 (0,-0.0118986) (0,-0.0118986) 
161 (0,-0.0118249) (0,-0.0118249) 
162 (0,-0.0117522) (0,-0.0117522) 
163 (0,-0.0116803) (0,-0.0116803) 
164 (0,-0.0116093) (0,-0.0116093) 
165 (0,-0.0115392) (0,-0.0115392) 
166 (0,-0.0114699) (0,-0.0114699) 
167 (0,-0.0114014) (0,-0.0114014) 
168 (0,-0.0113337) (0,-0.0113337) 
169 (0,-0.0112669) (0,-0.0112669) 
170 (0,-0.0112008) (0,-0.0112008) 
171 (0,-0.0111355) (0,-0.0111355) 
172 (0,-0.011071) (0,-0.011071) 
173 (0,-0.0110072) (0,-0.0110072) 
174 (0,-0.0109441) (0,-0.0109441) 
175 (0,-0.0108817) (0,-0.0108817) 
176 (0,-0.0108201) (0,-0.0108201) 
177 (0,-0.0107591) (0,-0.0107591) 
178 (0,-0.0106989) (0,-0.0106989) 
179 (0,-0.0106393) (0,-0.0106393) 
180 (0,-0.0105803) (0,-0.0105803) 
181 (0,-0.0105221) (0,-0.0105221) 
182 (0,-0.0104644) (0,-0.0104644) 
183 (0,-0.0104074) (0,-0.0104074) 
184 (0,-0.010351) (0,-0.010351) 
185 (0,-0.0102952) (0,-0.0102952) 
186 (0,-0.01024) (0,-0.01024) 
187 (0,-0.0101854) (0,-0.0101854) 
188 (0,-0.0101314) (0,-0.0101314) 
189 (0,-0.0100779) (0,-0.0100779) 
190 (0,-0.010025) (0,-0.010025) 
191 (0,-0.00997266) (0,-0.00997266) 
192 (0,-0.00992086) (0,-0.00992086) 
193 (0,-0.00986959) (0,-0.00986959) 
194 (0,-0.00981885) (0,-0.00981885) 
195 (0,-0.00976864) (0,-0.00976864) 
196 (0,-0.00971893) (0,-0.00971893) 
197 (0,-0.00966972) (0,-0.00966972) 
198 (0,-0.00962101) (0,-0.00962101) 
199 (0,-0.00957279) (0,-0.00957279) 
200 (0,-0.00952505) (0,-0.00952505) 
201 (0,-0.00947778) (0,-0.00947778) 
202 (0,-0.00943098) (0,-0.00943098) 
203 (0,-0.00938464) (0,-0.00938464) 
204 (0,-0.00933876) (0,-0.00933876) 
205 (0,-0.00929332) (0,-0.00929332) 
206 (0,-0.00924832) (0,-0.00924832) 
207 (0,-0.00920375) (0,-0.00920375) 
208 (0,-0.00915961) (0,-0.00915961) 
209 (0,-0.00911589) (0,-0.00911589) 
210 (0,-0.00907259) (0,-0.00907259) 
211 (0,-0.0090297) (0,-0.0090297) 
212 (0,-0.00898721) (0,-0.00898721) 
213 (0,-0.00894512) (0,-0.00894512) 
214 (0,-0.00890342) (0,-0.00890342) 
215 (0,-0.00886211) (0,-0.00886211) 
216 (0,-0.00882118) (0,-0.00882118) 
217 (0,-0.00878062) (0,-0.00878062) 
218 (0,-0.00874044) (0,-0.00874044) 
219 (0,-0.00870062) (0,-0.00870062) 
220 (0,-0.00866117) (0,-0.00866117) 
221 (0,-0.00862207) (0,-0.00862207) 
222 (0,-0.00858332) (0,-0.00858332) 
223 (0,-0.00854492) (0,-0.00854492) 
224 (0,-0.00850686) (0,-0.00850686) 
225 (0,-0.00846914) (0,-0.00846914) 
226 (0,-0.00843175) (0,-0.00843175) 
227 (0,-0.00839469) (0,-0.00839469) 
228 (0,-0.00835795) (0,-0.00835795) 
229 (0,-0.00832154) (0,-0.00832154) 
230 (0,-0.00828544) (0,-0.00828544) 
231 (0,-0.00824965) (0,-0.00824965) 
232 (0,-0.00821417) (0,-0.00821417) 
233 (0,-0.008179) (0,-0.008179) 
234 (0,-0.00814412) (0,-0.00814412) 
235 (0,-0.00810954) (0,-0.00810954) 
236 (0,-0.00807525) (0,-0.00807525) 
237 (0,-0.00804125) (0,-0.00804125) 
238 (0,-0.00800754) (0,-0.00800754) 
239 (0,-0.00797411) (0,-0.00797411) 
240 (0,-0.00794095) (0,-0.00794095) 
241 (0,-0.00790807) (0,-0.00790807) 
242 (0,-0.00787546) (0,-0.00787546) 
243 (0,-0.00784312) (0,-0.00784312) 
244 (0,-0.00781105) (0,-0.00781105) 
245 (0,-0.00777923) (0,-0.00777923) 
246 (0,-0.00774768) (0,-0.00774768) 
247 (0,-0.00771637) (0,-0.00771637) 
248 (0,-0.00768532) (0,-0.00768532) 
249 (0,-0.00765452) (0,-0.00765452) 
250 (0,-0.00762397) (0,-0.00762397) 
251 (0,-0.00759366) (0,-0.00759366) 
252 (0,-0.00756358) (0,-0.00756358) 
253 (0,-0.00753375) (0,-0.00753375) 
254 (0,-0.00750415) (0,-0.00750415) 
255 (0,-0.00747478) (0,-0.00747478) 
256 (0,-0.00744564) (0,-0.00744564) 
257 (0,-0.00741673) (0,-0.00741673) 
258 (0,-0.00738804) (0,-0.00738804) 
259 (0,-0.00735957) (0,-0.00735957) 
260 (0,-0.00733132) (0,-0.00733132) 
261 (0,-0.00730328) (0,-0.00730328) 
262 (0,-0.00727546) (0,-0.00727546) 
263 (0,-0.00724785) (0,-0.00724785) 
264 (0,-0.00722045) (0,-0.00722045) 
265 (0,-0.00719326) (0,-0.00719326) 
266 (0,-0.00716627) (0,-0.00716627) 
267 (0,-0.00713948) (0,-0.00713948) 
268 (0,-0.00711289) (0,-0.00711289) 
269 (0,-0.0070865) (0,-0.0070865) 
270 (0,-0.0070603) (0,-0.0070603) 
271 (0,-0.0070343) (0,-0.0070343) 
272 (0,-0.00700849) (0,-0.00700849) 
273 (0,-0.00698286) (0,-0.00698286) 
274 (0,-0.00695742) (0,-0.00695742) 
275 (0,-0.00693217) (0,-0.00693217) 
276 (0,-0.0069071) (0,-0.0069071) 
277 (0,-0.00688221) (0,-0.00688221) 
278 (0,-0.0068575) (0,-0.0068575) 
279 (0,-0.00683297) (0,-0.00683297) 
280 (0,-0.00680861) (0,-0.00680861) 
281 (0,-0.00678442) (0,-0.00678442) 
282 (0,-0.00676041) (0,-0.00676041) 
283 (0,-0.00673656) (0,-0.00673656) 
284 (0,-0.00671289) (0,-0.00671289) 
285 (0,-0.00668938) (0,-0.00668938) 
286 (0,-0.00666603) (0,-0.00666603) 
287 (0,-0.00664284) (0,-0.00664284) 
288 (0,-0.00661982) (0,-0.00661982) 
289 (0,-0.00659695) (0,-0.00659695) 
290 (0,-0.00657424) (0,-0.00657424) 
291 (0,-0.00655169) (0,-0.00655169) 
292 (0,-0.00652929) (0,-0.00652929) 
293 (0,-0.00650705) (0,-0.00650705) 
294 (0,-0.00648495) (0,-0.00648495) 
295 (0,-0.00646301) (0,-0.00646301) 
296 (0,-0.00644121) (0,-0.00644121) 
297 (0,-0.00641956) (0,-0.00641956) 
298 (0,-0.00639806) (0,-0.00639806) 
299 (0,-0.0063767) (0,-0.0063767) 
300 (0,-0.00635548) (0,-0.00635548) 
301 (0,-0.0063344) (0,-0.0063344) 
302 (0,-0.00631346) (0,-0.00631346) 
303 (0,-0.00629266) (0,-0.00629266) 
304 (0,-0.00627199) (0,-0.00627199) 
305 (0,-0.00625146) (0,-0.00625146) 
306 (0,-0.00623107) (0,-0.00623107) 
307 (0,-0.0062108) (0,-0.0062108) 
308 (0,-0.00619067) (0,-0.00619067) 
309 (0,-0.00617067) (0,-0.00617067) 
310 (0,-0.0061508) (0,-0.0061508) 
311 (0,-0.00613105) (0,-0.00613105) 
312 (0,-0.00611144) (0,-0.00611144) 
313 (0,-0.00609194) (0,-0.00609194) 
314 (0,-0.00607257) (0,-0.00607257) 
315 (0,-0.00605333) (0,-0.00605333) 
316 (0,-0.0060342) (0,-0.0060342) 
317 (0,-0.0060152) (0,-0.0060152) 
318 (0,-0.00599631) (0,-0.00599631) 
319 (0,-0.00597754) (0,-0.00597754) 
320 (0,-0.00595889) (0,-0.00595889) 
321 (0,-0.00594036) (0,-0.00594036) 
322 (0,-0.00592194) (0,-0.00592194) 
323 (0,-0.00590364) (0,-0.00590364) 
324 (0,-0.00588544) (0,-0.00588544) 
325 (0,-0.00586736) (0,-0.00586736) 
326 (0,-0.00584939) (0,-0.00584939) 
327 (0,-0.00583153) (0,-0.00583153) 
328 (0,-0.00581378) (0,-0.00581378) 
329 (0,-0.00579614) (0,-0.00579614) 
330 (0,-0.0057786) (0,-0.0057786) 
331 (0,-0.00576117) (0,-0.00576117) 
332 (0,-0.00574384) (0,-0.00574384) 
333 (0,-0.00572662) (0,-0.00572662) 
334 (0,-0.0057095) (0,-0.0057095) 
335 (0,-0.00569248) (0,-0.00569248) 
336 (0,-0.00567557) (0,-0.00567557) 
337 (0,-0.00565875) (0,-0.00565875) 
338 (0,-0.00564204) (0,-0.00564204) 
339 (0,-0.00562542) (0,-0.00562542) 
340 (0,-0.0056089) (0,-0.0056089) 
341 (0,-0.00559247) (0,-0.00559247) 
342 (0,-0.00557614) (0,-0.00557614) 
343 (0,-0.00555991) (0,-0.00555991) 
344 (0,-0.00554377) (0,-0.00554377) 
345 (0,-0.00552773) (0,-0.00552773) 
346 (0,-0.00551178) (0,-0.00551178) 
347 (0,-0.00549592) (0,-0.00549592) 
348 (0,-0.00548015) (0,-0.00548015) 
349 (0,-0.00546447) (0,-0.00546447) 
350 (0,-0.00544888) (0,-0.00544888) 
351 (0,-0.00543337) (0,-0.00543337) 
352 (0,-0.00541796) (0,-0.00541796) 
353 (0,-0.00540263) (0,-0.00540263) 
354 (0,-0.0053874) (0,-0.0053874) 
355 (0,-0.00537224) (0,-0.00537224) 
356 (0,-0.00535717) (0,-0.00535717) 
357 (0,-0.00534219) (0,-0.00534219) 
358 (0,-0.00532729) (0,-0.00532729) 
359 (0,-0.00531247) (0,-0.00531247) 
360 (0,-0.00529773) (0,-0.00529773) 
361 (0,-0.00528308) (0,-0.00528308) 
362 (0,-0.0052685) (0,-0.0052685) 
363 (0,-0.00525401) (0,-0.00525401) 
364 (0,-0.0052396) (0,-0.0052396) 
365 (0,-0.00522526) (0,-0.00522526) 
366 (0,-0.00521101) (0,-0.00521101) 
367 (0,-0.00519683) (0,-0.00519683) 
368 (0,-0.00518272) (0,-0.00518272) 
369 (0,-0.0051687) (0,-0.0051687) 
370 (0,-0.00515475) (0,-0.00515475) 
371 (0,-0.00514087) (0,-0.00514087) 
372 (0,-0.00512707) (0,-0.00512707) 
373 (0,-0.00511334) (0,-0.00511334) 
374 (0,-0.00509969) (0,-0.00509969) 
375 (0,-0.00508611) (0,-0.00508611) 
376 (0,-0.0050726) (0,-0.0050726) 
377 (0,-0.00505917) (0,-0.00505917) 
378 (0,-0.0050458) (0,-0.0050458) 
379 (0,-0.0050325) (0,-0.0050325) 
380 (0,-0.00501928) (0,-0.00501928) 
381 (0,-0.00500612) (0,-0.00500612) 
382 (0,-0.00499303) (0,-0.00499303) 
383 (0,-0.00498001) (0,-0.00498001) 
384 (0,-0.00496706) (0,-0.00496706) 
385 (0,-0.00495418) (0,-0.00495418) 
386 (0,-0.00494136) (0,-0.00494136) 
387 (0,-0.00492861) (0,-0.00492861) 
388 (0,-0.00491592) (0,-0.00491592) 
389 (0,-0.0049033) (0,-0.0049033) 
390 (0,-0.00489075) (0,-0.00489075) 
391 (0,-0.00487825) (0,-0.00487825) 
392 (0,-0.00486583) (0,-0.00486583) 
393 (0,-0.00485346) (0,-0.00485346) 
394 (0,-0.00484116) (0,-0.00484116) 
395 (0,-0.00482892) (0,-0.00482892) 
396 (0,-0.00481674) (0,-0.00481674) 
397 (0,-0.00480462) (0,-0.00480462) 
398 (0,-0.00479257) (0,-0.00479257) 
399 (0,-0.00478057) (0,-0.00478057) 
400 (0,-0.00476863) (0,-0.00476863) 
401 (0,-0.00475676) (0,-0.00475676) 
402 (0,-0.00474494) (0,-0.00474494) 
403 (0,-0.00473318) (0,-0.00473318) 
404 (0,-0.00472148) (0,-0.00472148) 
405 (0,-0.00470984) (0,-0.00470984) 
406 (0,-0.00469825) (0,-0.00469825) 
407 (0,-0.00468672) (0,-0.00468672) 
408 (0,-0.00467525) (0,-0.00467525) 
409 (0,-0.00466383) (0,-0.00466383) 
410 (0,-0.00465247) (0,-0.00465247) 
411 (0,-0.00464116) (0,-0.00464116) 
412 (0,-0.00462991) (0,-0.00462991) 
413 (0,-0.00461872) (0,-0.00461872) 
414 (0,-0.00460757) (0,-0.00460757) 
415 (0,-0.00459648) (0,-0.00459648) 
416 (0,-0.00458545) (0,-0.00458545) 
417 (0,-0.00457447) (0,-0.00457447) 
418 (0,-0.00456354) (0,-0.00456354) 
419 (0,-0.00455266) (0,-0.00455266) 
420 (0,-0.00454183) (0,-0.00454183) 
421 (0,-0.00453106) (0,-0.00453106) 
422 (0,-0.00452033) (0,-0.00452033) 
423 (0,-0.00450966) (0,-0.00450966) 
424 (0,-0.00449903) (0,-0.00449903) 
425 (0,-0.00448846) (0,-0.00448846) 
426 (0,-0.00447794) (0,-0.00447794) 
427 (0,-0.00446746) (0,-0.00446746) 
428 (0,-0.00445704) (0,-0.00445704) 
429 (0,-0.00444666) (0,-0.00444666) 
430 (0,-0.00443633) (0,-0.00443633) 
431 (0,-0.00442605) (0,-0.00442605) 
432 (0,-0.00441582) (0,-0.00441582) 
433 (0,-0.00440563) (0,-0.00440563) 
434 (0,-0.00439549) (0,-0.00439549) 
435 (0,-0.0043854) (0,-0.0043854) 
436 (0,-0.00437535) (0,-0.00437535) 
437 (0,-0.00436535) (0,-0.00436535) 
438 (0,-0.0043554) (0,-0.0043554) 
439 (0,-0.00434549) (0,-0.00434549) 
440 (0,-0.00433562) (0,-0.00433562) 
441 (0,-0.0043258) (0,-0.0043258) 
442 (0,-0.00431603) (0,-0.00431603) 
443 (0,-0.00430629) (0,-0.00430629) 
444 (0,-0.00429661) (0,-0.00429661) 
445 (0,-0.00428696) (0,-0.00428696) 
446 (0,-0.00427736) (0,-0.00427736) 
447 (0,-0.0042678) (0,-0.0042678) 
448 (0,-0.00425829) (0,-0.00425829) 
449 (0,-0.00424881) (0,-0.00424881) 
450 (0,-0.00423938) (0,-0.00423938) 
451 (0,-0.00422999) (0,-0.00422999) 
452 (0,-0.00422065) (0,-0.00422065) 
453 (0,-0.00421134) (0,-0.00421134) 
454 (0,-0.00420207) (0,-0.00420207) 
455 (0,-0.00419285) (0,-0.00419285) 
456 (0,-0.00418366) (0,-0.00418366) 
457 (0,-0.00417452) (0,-0.00417452) 
458 (0,-0.00416541) (0,-0.00416541) 
459 (0,-0.00415635) (0,-0.00415635) 
460 (0,-0.00414732) (0,-0.00414732) 
461 (0,-0.00413834) (0,-0.00413834) 
462 (0,-0.00412939) (0,-0.00412939) 
463 (0,-0.00412048) (0,-0.00412048) 
464 (0,-0.00411161) (0,-0.00411161) 
465 (0,-0.00410278) (0,-0.00410278) 
466 (0,-0.00409398) (0,-0.00409398) 
467 (0,-0.00408523) (0,-0.00408523) 
468 (0,-0.00407651) (0,-0.00407651) 
469 (0,-0.00406782) (0,-0.00406782) 
470 (0,-0.00405918) (0,-0.00405918) 
471 (0,-0.00405057) (0,-0.00405057) 
472 (0,-0.004042) (0,-0.004042) 
473 (0,-0.00403346) (0,-0.00403346) 
474 (0,-0.00402496) (0,-0.00402496) 
475 (0,-0.0040165) (0,-0.0040165) 
476 (0,-0.00400807) (0,-0.00400807) 
477 (0,-0.00399967) (0,-0.00399967) 
478 (0,-0.00399131) (0,-0.00399131) 
479 (0,-0.00398299) (0,-0.00398299) 
480 (0,-0.0039747) (0,-0.0039747) 
481 (0,-0.00396645) (0,-0.00396645) 
482 (0,-0.00395823) (0,-0.00395823) 
483 (0,-0.00395004) (0,-0.00395004) 
484 (0,-0.00394189) (0,-0.00394189) 
485 (0,-0.00393377) (0,-0.00393377) 
486 (0,-0.00392568) (0,-0.00392568) 
487 (0,-0.00391763) (0,-0.00391763) 
488 (0,-0.00390961) (0,-0.00390961) 
489 (0,-0.00390162) (0,-0.00390162) 
490 (0,-0.00389367) (0,-0.00389367) 
491 (0,-0.00388575) (0,-0.00388575) 
492 (0,-0.00387786) (0,-0.00387786) 
493 (0,-0.00387) (0,-0.00387) 
494 (0,-0.00386217) (0,-0.00386217) 
495 (0,-0.00385438) (0,-0.00385438) 
496 (0,-0.00384662) (0,-0.00384662) 
497 (0,-0.00383888) (0,-0.00383888) 
498 (0,-0.00383118) (0,-0.00383118) 
499 (0,-0.00382351) (0,-0.00382351) 
