0 (0.297234,-1.51244) (-0.297234,-1.51244) 
1 (0.0845376,-1.11676) (-0.0845376,-1.11676) 
2 (0.0310904,-0.816501) (-0.0310904,-0.816501) 
3 (0.013733,-0.632875) (-0.013733,-0.632875) 
4 (0.00686234,-0.513931) (-0.00686234,-0.513931) 
5 (0.00378604,-0.431739) (-0.00378604,-0.431739) 
6 (0.00224038,-0.371789) (-0.00224038,-0.371789) 
7 (0.00144708,-0.326116) (-0.00144708,-0.326116) 
8 (0.000998899,-0.29005) (-0.000998899,-0.29005) 
9 (0.000716304,-0.260893) (-0.000716304,-0.260893) 
10 (0.00052298,-0.236944) (-0.00052298,-0.236944) 
11 (0.000385383,-0.216993) (-0.000385383,-0.216993) 
12 (0.000287916,-0.200132) (-0.000287916,-0.200132) 
13 (0.000218049,-0.185696) (-0.000218049,-0.185696) 
14 (0.00016721,-0.173196) (-0.00016721,-0.173196) 
15 (0.000129523,-0.162267) (-0.000129523,-0.162267) 
16 (0.000101138,-0.15263) (-0.000101138,-0.15263) 
17 (7.96656e-05,-0.14407) (-7.96656e-05,-0.14407) 
18 (6.34385e-05,-0.136415) (-6.34385e-05,-0.136415) 
19 (5.1114e-05,-0.129529) (-5.1114e-05,-0.129529) 
20 (4.16532e-05,-0.123302) (-4.16532e-05,-0.123302) 
21 (3.43063e-05,-0.117644) (-3.43063e-05,-0.117644) 
22 (2.85257e-05,-0.11248) (-2.85257e-05,-0.11248) 
23 (2.39756e-05,-0.107748) (-2.39756e-05,-0.107748) 
24 (2.03733e-05,-0.103396) (-2.03733e-05,-0.103396) 
25 (1.74771e-05,-0.099381) (-1.74771e-05,-0.099381) 
26 (1.50978e-05,-0.0956641) (-1.50978e-05,-0.0956641) 
27 (1.31043e-05,-0.0922141) (-1.31043e-05,-0.0922141) 
28 (1.14253e-05,-0.0890033) (-1.14253e-05,-0.0890033) 
29 (1.00015e-05,-0.0860079) (-1.00015e-05,-0.0860079) 
30 (8.78608e-06,-0.0832069) (-8.78608e-06,-0.0832069) 
31 (7.74002e-06,-0.0805821) (-7.74002e-06,-0.0805821) 
32 (6.83316e-06,-0.0781174) (-6.83316e-06,-0.0781174) 
33 (6.04597e-06,-0.0757986) (-6.04597e-06,-0.0757986) 
34 (5.36468e-06,-0.0736133) (-5.36468e-06,-0.0736133) 
35 (4.77557e-06,-0.0715502) (-4.77557e-06,-0.0715502) 
36 (4.26515e-06,-0.0695993) (-4.26515e-06,-0.0695993) 
37 (3.82171e-06,-0.0677517) (-3.82171e-06,-0.0677517) 
38 (3.43485e-06,-0.0659996) (-3.43485e-06,-0.0659996) 
39 (3.09841e-06,-0.0643356) (-3.09841e-06,-0.0643356) 
40 (2.80586e-06,-0.0627534) (-2.80586e-06,-0.0627534) 
41 (2.55008e-06,-0.0612469) (-2.55008e-06,-0.0612469) 
42 (2.32416e-06,-0.0598109) (-2.32416e-06,-0.0598109) 
43 (2.12254e-06,-0.0584406) (-2.12254e-06,-0.0584406) 
44 (1.94218e-06,-0.0571316) (-1.94218e-06,-0.0571316) 
45 (1.78029e-06,-0.0558798) (-1.78029e-06,-0.0558798) 
46 (1.63447e-06,-0.0546817) (-1.63447e-06,-0.0546817) 
47 (1.5025e-06,-0.0535338) (-1.5025e-06,-0.0535338) 
48 (1.38253e-06,-0.052433) (-1.38253e-06,-0.052433) 
49 (1.2734e-06,-0.0513765) (-1.2734e-06,-0.0513765) 
50 (1.17438e-06,-0.0503617) (-1.17438e-06,-0.0503617) 
51 (1.08466e-06,-0.0493862) (-1.08466e-06,-0.0493862) 
52 (1.00333e-06,-0.0484477) (-1.00333e-06,-0.0484477) 
53 (9.29541e-07,-0.0475442) (-9.29541e-07,-0.0475442) 
54 (8.62452e-07,-0.0466737) (-8.62452e-07,-0.0466737) 
55 (8.01647e-07,-0.0458345) (-8.01647e-07,-0.0458345) 
56 (7.46607e-07,-0.045025) (-7.46607e-07,-0.045025) 
57 (6.96644e-07,-0.0442434) (-6.96644e-07,-0.0442434) 
58 (6.51002e-07,-0.0434886) (-6.51002e-07,-0.0434886) 
59 (6.09021e-07,-0.042759) (-6.09021e-07,-0.042759) 
60 (5.70358e-07,-0.0420535) (-5.70358e-07,-0.0420535) 
61 (5.34676e-07,-0.0413709) (-5.34676e-07,-0.0413709) 
62 (5.01669e-07,-0.04071) (-5.01669e-07,-0.04071) 
63 (4.71039e-07,-0.04007) (-4.71039e-07,-0.04007) 
64 (4.42522e-07,-0.0394497) (-4.42522e-07,-0.0394497) 
65 (4.15964e-07,-0.0388483) (-4.15964e-07,-0.0388483) 
66 (3.91281e-07,-0.038265) (-3.91281e-07,-0.038265) 
67 (3.68373e-07,-0.0376989) (-3.68373e-07,-0.0376989) 
68 (3.47113e-07,-0.0371493) (-3.47113e-07,-0.0371493) 
69 (3.27374e-07,-0.0366155) (-3.27374e-07,-0.0366155) 
70 (3.09025e-07,-0.0360968) (-3.09025e-07,-0.0360968) 
71 (2.92018e-07,-0.0355926) (-2.92018e-07,-0.0355926) 
72 (2.76276e-07,-0.0351023) (-2.76276e-07,-0.0351023) 
73 (2.6168e-07,-0.0346253) (-2.6168e-07,-0.0346253) 
74 (2.48086e-07,-0.034161) (-2.48086e-07,-0.034161) 
75 (2.35361e-07,-0.0337091) (-2.35361e-07,-0.0337091) 
76 (2.2344e-07,-0.0332689) (-2.2344e-07,-0.0332689) 
77 (2.12255e-07,-0.0328401) (-2.12255e-07,-0.0328401) 
78 (2.01744e-07,-0.0324222) (-2.01744e-07,-0.0324222) 
79 (1.91842e-07,-0.0320148) (-1.91842e-07,-0.0320148) 
80 (1.8249e-07,-0.0316175) (-1.8249e-07,-0.0316175) 
81 (1.73657e-07,-0.0312299) (-1.73657e-07,-0.0312299) 
82 (1.65327e-07,-0.0308518) (-1.65327e-07,-0.0308518) 
83 (1.57482e-07,-0.0304826) (-1.57482e-07,-0.0304826) 
84 (1.50096e-07,-0.0301222) (-1.50096e-07,-0.0301222) 
85 (1.43139e-07,-0.0297702) (-1.43139e-07,-0.0297702) 
86 (1.36584e-07,-0.0294263) (-1.36584e-07,-0.0294263) 
87 (1.3042e-07,-0.0290903) (-1.3042e-07,-0.0290903) 
88 (1.24635e-07,-0.0287619) (-1.24635e-07,-0.0287619) 
89 (1.19197e-07,-0.0284408) (-1.19197e-07,-0.0284408) 
90 (1.14068e-07,-0.0281268) (-1.14068e-07,-0.0281268) 
91 (1.09212e-07,-0.0278196) (-1.09212e-07,-0.0278196) 
92 (1.04611e-07,-0.0275191) (-1.04611e-07,-0.0275191) 
93 (1.00247e-07,-0.027225) (-1.00247e-07,-0.027225) 
94 (9.61027e-08,-0.0269371) (-9.61027e-08,-0.0269371) 
95 (9.21594e-08,-0.0266552) (-9.21594e-08,-0.0266552) 
96 (8.83996e-08,-0.0263792) (-8.83996e-08,-0.0263792) 
97 (8.48143e-08,-0.0261088) (-8.48143e-08,-0.0261088) 
98 (8.14005e-08,-0.025844) (-8.14005e-08,-0.025844) 
99 (7.81537e-08,-0.0255844) (-7.81537e-08,-0.0255844) 
100 (7.50666e-08,-0.02533) (-7.50666e-08,-0.02533) 
101 (7.21311e-08,-0.0250806) (-7.21311e-08,-0.0250806) 
102 (6.93384e-08,-0.024836) (-6.93384e-08,-0.024836) 
103 (6.66873e-08,-0.0245962) (-6.66873e-08,-0.0245962) 
104 (6.41741e-08,-0.024361) (-6.41741e-08,-0.024361) 
105 (6.17896e-08,-0.0241302) (-6.17896e-08,-0.0241302) 
106 (5.95209e-08,-0.0239038) (-5.95209e-08,-0.0239038) 
107 (5.73552e-08,-0.0236815) (-5.73552e-08,-0.0236815) 
108 (5.5287e-08,-0.0234634) (-5.5287e-08,-0.0234634) 
109 (5.33103e-08,-0.0232492) (-5.33103e-08,-0.0232492) 
110 (5.1419e-08,-0.023039) (-5.1419e-08,-0.023039) 
111 (4.96065e-08,-0.0228324) (-4.96065e-08,-0.0228324) 
112 (4.78666e-08,-0.0226296) (-4.78666e-08,-0.0226296) 
113 (4.61961e-08,-0.0224303) (-4.61961e-08,-0.0224303) 
114 (4.45944e-08,-0.0222345) (-4.45944e-08,-0.0222345) 
115 (4.30603e-08,-0.0220421) (-4.30603e-08,-0.0220421) 
116 (4.15912e-08,-0.021853) (-4.15912e-08,-0.021853) 
117 (4.01846e-08,-0.0216671) (-4.01846e-08,-0.0216671) 
118 (3.88372e-08,-0.0214843) (-3.88372e-08,-0.0214843) 
119 (3.75491e-08,-0.0213046) (-3.75491e-08,-0.0213046) 
120 (3.63192e-08,-0.0211279) (-3.63192e-08,-0.0211279) 
121 (3.51442e-08,-0.0209541) (-3.51442e-08,-0.0209541) 
122 (3.40189e-08,-0.0207831) (-3.40189e-08,-0.0207831) 
123 (3.29382e-08,-0.0206149) (-3.29382e-08,-0.0206149) 
124 (3.19001e-08,-0.0204494) (-3.19001e-08,-0.0204494) 
125 (3.09022e-08,-0.0202865) (-3.09022e-08,-0.0202865) 
126 (2.99421e-08,-0.0201262) (-2.99421e-08,-0.0201262) 
127 (2.9017e-08,-0.0199684) (-2.9017e-08,-0.0199684) 
128 (2.81244e-08,-0.0198131) (-2.81244e-08,-0.0198131) 
129 (2.72631e-08,-0.0196601) (-2.72631e-08,-0.0196601) 
130 (2.64329e-08,-0.0195095) (-2.64329e-08,-0.0195095) 
131 (2.56335e-08,-0.0193612) (-2.56335e-08,-0.0193612) 
132 (2.4864e-08,-0.0192152) (-2.4864e-08,-0.0192152) 
133 (2.41232e-08,-0.0190713) (-2.41232e-08,-0.0190713) 
134 (2.341e-08,-0.0189295) (-2.341e-08,-0.0189295) 
135 (2.27244e-08,-0.0187899) (-2.27244e-08,-0.0187899) 
136 (2.20662e-08,-0.0186523) (-2.20662e-08,-0.0186523) 
137 (2.14341e-08,-0.0185167) (-2.14341e-08,-0.0185167) 
138 (2.08256e-08,-0.018383) (-2.08256e-08,-0.018383) 
139 (2.02386e-08,-0.0182513) (-2.02386e-08,-0.0182513) 
140 (1.96721e-08,-0.0181214) (-1.96721e-08,-0.0181214) 
141 (1.91251e-08,-0.0179934) (-1.91251e-08,-0.0179934) 
142 (1.85966e-08,-0.0178672) (-1.85966e-08,-0.0178672) 
143 (1.80852e-08,-0.0177427) (-1.80852e-08,-0.0177427) 
144 (1.75898e-08,-0.01762) (-1.75898e-08,-0.01762) 
145 (1.71099e-08,-0.0174989) (-1.71099e-08,-0.0174989) 
146 (1.66455e-08,-0.0173795) (-1.66455e-08,-0.0173795) 
147 (1.61964e-08,-0.0172617) (-1.61964e-08,-0.0172617) 
148 (1.57622e-08,-0.0171455) (-1.57622e-08,-0.0171455) 
149 (1.53426e-08,-0.0170308) (-1.53426e-08,-0.0170308) 
150 (1.49369e-08,-0.0169177) (-1.49369e-08,-0.0169177) 
151 (1.45453e-08,-0.0168061) (-1.45453e-08,-0.0168061) 
152 (1.41678e-08,-0.0166959) (-1.41678e-08,-0.0166959) 
153 (1.38036e-08,-0.0165872) (-1.38036e-08,-0.0165872) 
154 (1.34517e-08,-0.0164798) (-1.34517e-08,-0.0164798) 
155 (1.31109e-08,-0.0163739) (-1.31109e-08,-0.0163739) 
156 (1.27809e-08,-0.0162693) (-1.27809e-08,-0.0162693) 
157 (1.24611e-08,-0.016166) (-1.24611e-08,-0.016166) 
158 (1.21509e-08,-0.016064) (-1.21509e-08,-0.016064) 
159 (1.18499e-08,-0.0159634) (-1.18499e-08,-0.0159634) 
160 (1.15574e-08,-0.0158639) (-1.15574e-08,-0.0158639) 
161 (1.12731e-08,-0.0157657) (-1.12731e-08,-0.0157657) 
162 (1.0997e-08,-0.0156687) (-1.0997e-08,-0.0156687) 
163 (1.07292e-08,-0.0155729) (-1.07292e-08,-0.0155729) 
164 (1.04695e-08,-0.0154783) (-1.04695e-08,-0.0154783) 
165 (1.02176e-08,-0.0153848) (-1.02176e-08,-0.0153848) 
166 (9.97322e-09,-0.0152924) (-9.97322e-09,-0.0152924) 
167 (9.73656e-09,-0.0152011) (-9.73656e-09,-0.0152011) 
168 (9.50758e-09,-0.0151109) (-9.50758e-09,-0.0151109) 
169 (9.28596e-09,-0.0150218) (-9.28596e-09,-0.0150218) 
170 (9.07113e-09,-0.0149337) (-9.07113e-09,-0.0149337) 
171 (8.86247e-09,-0.0148466) (-8.86247e-09,-0.0148466) 
172 (8.65977e-09,-0.0147606) (-8.65977e-09,-0.0147606) 
173 (8.46279e-09,-0.0146755) (-8.46279e-09,-0.0146755) 
174 (8.27124e-09,-0.0145915) (-8.27124e-09,-0.0145915) 
175 (8.0848e-09,-0.0145083) (-8.0848e-09,-0.0145083) 
176 (7.90315e-09,-0.0144261) (-7.90315e-09,-0.0144261) 
177 (7.72615e-09,-0.0143449) (-7.72615e-09,-0.0143449) 
178 (7.55383e-09,-0.0142645) (-7.55383e-09,-0.0142645) 
179 (7.3862e-09,-0.0141851) (-7.3862e-09,-0.0141851) 
180 (7.22317e-09,-0.0141065) (-7.22317e-09,-0.0141065) 
181 (7.06463e-09,-0.0140288) (-7.06463e-09,-0.0140288) 
182 (6.91042e-09,-0.013952) (-6.91042e-09,-0.013952) 
183 (6.76065e-09,-0.0138759) (-6.76065e-09,-0.0138759) 
184 (6.61533e-09,-0.0138007) (-6.61533e-09,-0.0138007) 
185 (6.47427e-09,-0.0137264) (-6.47427e-09,-0.0137264) 
186 (6.33716e-09,-0.0136528) (-6.33716e-09,-0.0136528) 
187 (6.20367e-09,-0.01358) (-6.20367e-09,-0.01358) 
188 (6.07368e-09,-0.0135079) (-6.07368e-09,-0.0135079) 
189 (5.94704e-09,-0.0134367) (-5.94704e-09,-0.0134367) 
190 (5.8236e-09,-0.0133662) (-5.8236e-09,-0.0133662) 
191 (5.70319e-09,-0.0132964) (-5.70319e-09,-0.0132964) 
192 (5.58562e-09,-0.0132273) (-5.58562e-09,-0.0132273) 
193 (5.4708e-09,-0.013159) (-5.4708e-09,-0.013159) 
194 (5.35878e-09,-0.0130913) (-5.35878e-09,-0.0130913) 
195 (5.24955e-09,-0.0130244) (-5.24955e-09,-0.0130244) 
196 (5.14308e-09,-0.0129581) (-5.14308e-09,-0.0129581) 
197 (5.0393e-09,-0.0128925) (-5.0393e-09,-0.0128925) 
198 (4.93814e-09,-0.0128276) (-4.93814e-09,-0.0128276) 
199 (4.83965e-09,-0.0127633) (-4.83965e-09,-0.0127633) 
200 (4.74385e-09,-0.0126996) (-4.74385e-09,-0.0126996) 
201 (4.65064e-09,-0.0126366) (-4.65064e-09,-0.0126366) 
202 (4.55984e-09,-0.0125742) (-4.55984e-09,-0.0125742) 
203 (4.47125e-09,-0.0125124) (-4.47125e-09,-0.0125124) 
204 (4.3848e-09,-0.0124513) (-4.3848e-09,-0.0124513) 
205 (4.30042e-09,-0.0123907) (-4.30042e-09,-0.0123907) 
206 (4.218e-09,-0.0123307) (-4.218e-09,-0.0123307) 
207 (4.13745e-09,-0.0122713) (-4.13745e-09,-0.0122713) 
208 (4.05865e-09,-0.0122124) (-4.05865e-09,-0.0122124) 
209 (3.98156e-09,-0.0121541) (-3.98156e-09,-0.0121541) 
210 (3.9062e-09,-0.0120964) (-3.9062e-09,-0.0120964) 
211 (3.83258e-09,-0.0120392) (-3.83258e-09,-0.0120392) 
212 (3.76068e-09,-0.0119826) (-3.76068e-09,-0.0119826) 
213 (3.69046e-09,-0.0119265) (-3.69046e-09,-0.0119265) 
214 (3.62188e-09,-0.0118709) (-3.62188e-09,-0.0118709) 
215 (3.55498e-09,-0.0118158) (-3.55498e-09,-0.0118158) 
216 (3.48977e-09,-0.0117612) (-3.48977e-09,-0.0117612) 
217 (3.4262e-09,-0.0117071) (-3.4262e-09,-0.0117071) 
218 (3.36415e-09,-0.0116536) (-3.36415e-09,-0.0116536) 
219 (3.3035e-09,-0.0116005) (-3.3035e-09,-0.0116005) 
220 (3.24422e-09,-0.0115479) (-3.24422e-09,-0.0115479) 
221 (3.18624e-09,-0.0114958) (-3.18624e-09,-0.0114958) 
222 (3.12953e-09,-0.0114441) (-3.12953e-09,-0.0114441) 
223 (3.074e-09,-0.0113929) (-3.074e-09,-0.0113929) 
224 (3.0196e-09,-0.0113422) (-3.0196e-09,-0.0113422) 
225 (2.9663e-09,-0.0112919) (-2.9663e-09,-0.0112919) 
226 (2.91411e-09,-0.011242) (-2.91411e-09,-0.011242) 
227 (2.86303e-09,-0.0111926) (-2.86303e-09,-0.0111926) 
228 (2.81307e-09,-0.0111436) (-2.81307e-09,-0.0111436) 
229 (2.7642e-09,-0.0110951) (-2.7642e-09,-0.0110951) 
230 (2.71638e-09,-0.011047) (-2.71638e-09,-0.011047) 
231 (2.66966e-09,-0.0109992) (-2.66966e-09,-0.0109992) 
232 (2.62403e-09,-0.0109519) (-2.62403e-09,-0.0109519) 
233 (2.57948e-09,-0.010905) (-2.57948e-09,-0.010905) 
234 (2.53592e-09,-0.0108585) (-2.53592e-09,-0.0108585) 
235 (2.49328e-09,-0.0108124) (-2.49328e-09,-0.0108124) 
236 (2.45153e-09,-0.0107667) (-2.45153e-09,-0.0107667) 
237 (2.41064e-09,-0.0107214) (-2.41064e-09,-0.0107214) 
238 (2.37058e-09,-0.0106765) (-2.37058e-09,-0.0106765) 
239 (2.33131e-09,-0.0106319) (-2.33131e-09,-0.0106319) 
240 (2.29278e-09,-0.0105877) (-2.29278e-09,-0.0105877) 
241 (2.25497e-09,-0.0105438) (-2.25497e-09,-0.0105438) 
242 (2.21791e-09,-0.0105004) (-2.21791e-09,-0.0105004) 
243 (2.18158e-09,-0.0104572) (-2.18158e-09,-0.0104572) 
244 (2.14599e-09,-0.0104145) (-2.14599e-09,-0.0104145) 
245 (2.11113e-09,-0.0103721) (-2.11113e-09,-0.0103721) 
246 (2.07698e-09,-0.01033) (-2.07698e-09,-0.01033) 
247 (2.04355e-09,-0.0102883) (-2.04355e-09,-0.0102883) 
248 (2.01086e-09,-0.0102469) (-2.01086e-09,-0.0102469) 
249 (1.97889e-09,-0.0102058) (-1.97889e-09,-0.0102058) 
250 (1.94758e-09,-0.0101651) (-1.94758e-09,-0.0101651) 
251 (1.9169e-09,-0.0101246) (-1.9169e-09,-0.0101246) 
252 (1.88681e-09,-0.0100846) (-1.88681e-09,-0.0100846) 
253 (1.85731e-09,-0.0100448) (-1.85731e-09,-0.0100448) 
254 (1.82837e-09,-0.0100053) (-1.82837e-09,-0.0100053) 
255 (1.79997e-09,-0.00996616) (-1.79997e-09,-0.00996616) 
256 (1.77206e-09,-0.0099273) (-1.77206e-09,-0.0099273) 
257 (1.74465e-09,-0.00988876) (-1.74465e-09,-0.00988876) 
258 (1.71774e-09,-0.00985051) (-1.71774e-09,-0.00985051) 
259 (1.69134e-09,-0.00981255) (-1.69134e-09,-0.00981255) 
260 (1.66544e-09,-0.00977488) (-1.66544e-09,-0.00977488) 
261 (1.64003e-09,-0.00973751) (-1.64003e-09,-0.00973751) 
262 (1.61511e-09,-0.00970042) (-1.61511e-09,-0.00970042) 
263 (1.59069e-09,-0.00966361) (-1.59069e-09,-0.00966361) 
264 (1.56677e-09,-0.00962707) (-1.56677e-09,-0.00962707) 
265 (1.54335e-09,-0.00959082) (-1.54335e-09,-0.00959082) 
266 (1.52039e-09,-0.00955483) (-1.52039e-09,-0.00955483) 
267 (1.49786e-09,-0.00951912) (-1.49786e-09,-0.00951912) 
268 (1.47574e-09,-0.00948367) (-1.47574e-09,-0.00948367) 
269 (1.45402e-09,-0.00944848) (-1.45402e-09,-0.00944848) 
270 (1.43269e-09,-0.00941355) (-1.43269e-09,-0.00941355) 
271 (1.41174e-09,-0.00937888) (-1.41174e-09,-0.00937888) 
272 (1.39113e-09,-0.00934447) (-1.39113e-09,-0.00934447) 
273 (1.37086e-09,-0.00931031) (-1.37086e-09,-0.00931031) 
274 (1.35095e-09,-0.00927639) (-1.35095e-09,-0.00927639) 
275 (1.33139e-09,-0.00924272) (-1.33139e-09,-0.00924272) 
276 (1.31217e-09,-0.0092093) (-1.31217e-09,-0.0092093) 
277 (1.29331e-09,-0.00917611) (-1.29331e-09,-0.00917611) 
278 (1.27478e-09,-0.00914317) (-1.27478e-09,-0.00914317) 
279 (1.25661e-09,-0.00911046) (-1.25661e-09,-0.00911046) 
280 (1.23879e-09,-0.00907798) (-1.23879e-09,-0.00907798) 
281 (1.22131e-09,-0.00904574) (-1.22131e-09,-0.00904574) 
282 (1.20416e-09,-0.00901372) (-1.20416e-09,-0.00901372) 
283 (1.18731e-09,-0.00898193) (-1.18731e-09,-0.00898193) 
284 (1.17076e-09,-0.00895036) (-1.17076e-09,-0.00895036) 
285 (1.15449e-09,-0.00891901) (-1.15449e-09,-0.00891901) 
286 (1.13849e-09,-0.00888788) (-1.13849e-09,-0.00888788) 
287 (1.12276e-09,-0.00885697) (-1.12276e-09,-0.00885697) 
288 (1.10727e-09,-0.00882627) (-1.10727e-09,-0.00882627) 
289 (1.09203e-09,-0.00879579) (-1.09203e-09,-0.00879579) 
290 (1.07704e-09,-0.00876551) (-1.07704e-09,-0.00876551) 
291 (1.06229e-09,-0.00873544) (-1.06229e-09,-0.00873544) 
292 (1.0478e-09,-0.00870558) (-1.0478e-09,-0.00870558) 
293 (1.03356e-09,-0.00867592) (-1.03356e-09,-0.00867592) 
294 (1.01955e-09,-0.00864646) (-1.01955e-09,-0.00864646) 
295 (1.0058e-09,-0.00861721) (-1.0058e-09,-0.00861721) 
296 (9.92302e-10,-0.00858815) (-9.92302e-10,-0.00858815) 
297 (9.79052e-10,-0.00855928) (-9.79052e-10,-0.00855928) 
298 (9.66035e-10,-0.00853061) (-9.66035e-10,-0.00853061) 
299 (9.53234e-10,-0.00850213) (-9.53234e-10,-0.00850213) 
300 (9.40645e-10,-0.00847384) (-9.40645e-10,-0.00847384) 
301 (9.28261e-10,-0.00844573) (-9.28261e-10,-0.00844573) 
302 (9.16075e-10,-0.00841781) (-9.16075e-10,-0.00841781) 
303 (9.04079e-10,-0.00839008) (-9.04079e-10,-0.00839008) 
304 (8.92261e-10,-0.00836253) (-8.92261e-10,-0.00836253) 
305 (8.8062e-10,-0.00833516) (-8.8062e-10,-0.00833516) 
306 (8.69159e-10,-0.00830796) (-8.69159e-10,-0.00830796) 
307 (8.57879e-10,-0.00828095) (-8.57879e-10,-0.00828095) 
308 (8.46781e-10,-0.00825411) (-8.46781e-10,-0.00825411) 
309 (8.35863e-10,-0.00822744) (-8.35863e-10,-0.00822744) 
310 (8.2512e-10,-0.00820095) (-8.2512e-10,-0.00820095) 
311 (8.14559e-10,-0.00817462) (-8.14559e-10,-0.00817462) 
312 (8.04184e-10,-0.00814846) (-8.04184e-10,-0.00814846) 
313 (7.93991e-10,-0.00812247) (-7.93991e-10,-0.00812247) 
314 (7.83967e-10,-0.00809665) (-7.83967e-10,-0.00809665) 
315 (7.74102e-10,-0.00807099) (-7.74102e-10,-0.00807099) 
316 (7.64391e-10,-0.00804549) (-7.64391e-10,-0.00804549) 
317 (7.54831e-10,-0.00802015) (-7.54831e-10,-0.00802015) 
318 (7.45416e-10,-0.00799497) (-7.45416e-10,-0.00799497) 
319 (7.36141e-10,-0.00796995) (-7.36141e-10,-0.00796995) 
320 (7.26996e-10,-0.00794508) (-7.26996e-10,-0.00794508) 
321 (7.17982e-10,-0.00792037) (-7.17982e-10,-0.00792037) 
322 (7.091e-10,-0.00789581) (-7.091e-10,-0.00789581) 
323 (7.00351e-10,-0.00787141) (-7.00351e-10,-0.00787141) 
324 (6.91737e-10,-0.00784715) (-6.91737e-10,-0.00784715) 
325 (6.83255e-10,-0.00782305) (-6.83255e-10,-0.00782305) 
326 (6.74903e-10,-0.00779909) (-6.74903e-10,-0.00779909) 
327 (6.66685e-10,-0.00777527) (-6.66685e-10,-0.00777527) 
328 (6.58605e-10,-0.00775161) (-6.58605e-10,-0.00775161) 
329 (6.5066e-10,-0.00772808) (-6.5066e-10,-0.00772808) 
330 (6.42841e-10,-0.0077047) (-6.42841e-10,-0.0077047) 
331 (6.35139e-10,-0.00768146) (-6.35139e-10,-0.00768146) 
332 (6.27552e-10,-0.00765836) (-6.27552e-10,-0.00765836) 
333 (6.20077e-10,-0.0076354) (-6.20077e-10,-0.0076354) 
334 (6.12711e-10,-0.00761257) (-6.12711e-10,-0.00761257) 
335 (6.05448e-10,-0.00758988) (-6.05448e-10,-0.00758988) 
336 (5.98283e-10,-0.00756733) (-5.98283e-10,-0.00756733) 
337 (5.91215e-10,-0.00754491) (-5.91215e-10,-0.00754491) 
338 (5.84246e-10,-0.00752262) (-5.84246e-10,-0.00752262) 
339 (5.77377e-10,-0.00750046) (-5.77377e-10,-0.00750046) 
340 (5.70608e-10,-0.00747844) (-5.70608e-10,-0.00747844) 
341 (5.63938e-10,-0.00745654) (-5.63938e-10,-0.00745654) 
342 (5.57366e-10,-0.00743477) (-5.57366e-10,-0.00743477) 
343 (5.50895e-10,-0.00741313) (-5.50895e-10,-0.00741313) 
344 (5.44527e-10,-0.00739161) (-5.44527e-10,-0.00739161) 
345 (5.3826e-10,-0.00737022) (-5.3826e-10,-0.00737022) 
346 (5.32088e-10,-0.00734895) (-5.32088e-10,-0.00734895) 
347 (5.26005e-10,-0.0073278) (-5.26005e-10,-0.0073278) 
348 (5.20008e-10,-0.00730678) (-5.20008e-10,-0.00730678) 
349 (5.14096e-10,-0.00728587) (-5.14096e-10,-0.00728587) 
350 (5.08266e-10,-0.00726508) (-5.08266e-10,-0.00726508) 
351 (5.02514e-10,-0.00724442) (-5.02514e-10,-0.00724442) 
352 (4.96836e-10,-0.00722387) (-4.96836e-10,-0.00722387) 
353 (4.91231e-10,-0.00720343) (-4.91231e-10,-0.00720343) 
354 (4.85701e-10,-0.00718311) (-4.85701e-10,-0.00718311) 
355 (4.80247e-10,-0.00716291) (-4.80247e-10,-0.00716291) 
356 (4.74869e-10,-0.00714282) (-4.74869e-10,-0.00714282) 
357 (4.69567e-10,-0.00712284) (-4.69567e-10,-0.00712284) 
358 (4.64338e-10,-0.00710297) (-4.64338e-10,-0.00710297) 
359 (4.59186e-10,-0.00708321) (-4.59186e-10,-0.00708321) 
360 (4.54113e-10,-0.00706357) (-4.54113e-10,-0.00706357) 
361 (4.49116e-10,-0.00704403) (-4.49116e-10,-0.00704403) 
362 (4.44193e-10,-0.0070246) (-4.44193e-10,-0.0070246) 
363 (4.39336e-10,-0.00700527) (-4.39336e-10,-0.00700527) 
364 (4.34546e-10,-0.00698605) (-4.34546e-10,-0.00698605) 
365 (4.2982e-10,-0.00696694) (-4.2982e-10,-0.00696694) 
366 (4.25157e-10,-0.00694793) (-4.25157e-10,-0.00694793) 
367 (4.20554e-10,-0.00692903) (-4.20554e-10,-0.00692903) 
368 (4.16008e-10,-0.00691023) (-4.16008e-10,-0.00691023) 
369 (4.11517e-10,-0.00689153) (-4.11517e-10,-0.00689153) 
370 (4.07084e-10,-0.00687293) (-4.07084e-10,-0.00687293) 
371 (4.0271e-10,-0.00685443) (-4.0271e-10,-0.00685443) 
372 (3.98393e-10,-0.00683603) (-3.98393e-10,-0.00683603) 
373 (3.94135e-10,-0.00681772) (-3.94135e-10,-0.00681772) 
374 (3.89933e-10,-0.00679952) (-3.89933e-10,-0.00679952) 
375 (3.85791e-10,-0.00678141) (-3.85791e-10,-0.00678141) 
376 (3.81709e-10,-0.0067634) (-3.81709e-10,-0.0067634) 
377 (3.77686e-10,-0.00674549) (-3.77686e-10,-0.00674549) 
378 (3.73719e-10,-0.00672767) (-3.73719e-10,-0.00672767) 
379 (3.69805e-10,-0.00670994) (-3.69805e-10,-0.00670994) 
380 (3.65941e-10,-0.00669231) (-3.65941e-10,-0.00669231) 
381 (3.62127e-10,-0.00667476) (-3.62127e-10,-0.00667476) 
382 (3.58362e-10,-0.00665731) (-3.58362e-10,-0.00665731) 
383 (3.54643e-10,-0.00663996) (-3.54643e-10,-0.00663996) 
384 (3.50968e-10,-0.00662269) (-3.50968e-10,-0.00662269) 
385 (3.47337e-10,-0.00660551) (-3.47337e-10,-0.00660551) 
386 (3.4375e-10,-0.00658842) (-3.4375e-10,-0.00658842) 
387 (3.40208e-10,-0.00657142) (-3.40208e-10,-0.00657142) 
388 (3.36711e-10,-0.0065545) (-3.36711e-10,-0.0065545) 
389 (3.3326e-10,-0.00653768) (-3.3326e-10,-0.00653768) 
390 (3.29852e-10,-0.00652093) (-3.29852e-10,-0.00652093) 
391 (3.26491e-10,-0.00650428) (-3.26491e-10,-0.00650428) 
392 (3.23177e-10,-0.00648771) (-3.23177e-10,-0.00648771) 
393 (3.19909e-10,-0.00647122) (-3.19909e-10,-0.00647122) 
394 (3.16684e-10,-0.00645482) (-3.16684e-10,-0.00645482) 
395 (3.135e-10,-0.0064385) (-3.135e-10,-0.0064385) 
396 (3.10356e-10,-0.00642226) (-3.10356e-10,-0.00642226) 
397 (3.07251e-10,-0.00640611) (-3.07251e-10,-0.00640611) 
398 (3.04184e-10,-0.00639003) (-3.04184e-10,-0.00639003) 
399 (3.01153e-10,-0.00637404) (-3.01153e-10,-0.00637404) 
400 (2.98157e-10,-0.00635812) (-2.98157e-10,-0.00635812) 
401 (2.95194e-10,-0.00634229) (-2.95194e-10,-0.00634229) 
402 (2.92267e-10,-0.00632653) (-2.92267e-10,-0.00632653) 
403 (2.89375e-10,-0.00631085) (-2.89375e-10,-0.00631085) 
404 (2.86518e-10,-0.00629525) (-2.86518e-10,-0.00629525) 
405 (2.83696e-10,-0.00627973) (-2.83696e-10,-0.00627973) 
406 (2.8091e-10,-0.00626428) (-2.8091e-10,-0.00626428) 
407 (2.78159e-10,-0.00624891) (-2.78159e-10,-0.00624891) 
408 (2.75446e-10,-0.00623361) (-2.75446e-10,-0.00623361) 
409 (2.72769e-10,-0.00621839) (-2.72769e-10,-0.00621839) 
410 (2.70126e-10,-0.00620324) (-2.70126e-10,-0.00620324) 
411 (2.67515e-10,-0.00618817) (-2.67515e-10,-0.00618817) 
412 (2.64936e-10,-0.00617317) (-2.64936e-10,-0.00617317) 
413 (2.62387e-10,-0.00615824) (-2.62387e-10,-0.00615824) 
414 (2.59868e-10,-0.00614338) (-2.59868e-10,-0.00614338) 
415 (2.57378e-10,-0.0061286) (-2.57378e-10,-0.0061286) 
416 (2.54915e-10,-0.00611388) (-2.54915e-10,-0.00611388) 
417 (2.52479e-10,-0.00609924) (-2.52479e-10,-0.00609924) 
418 (2.50071e-10,-0.00608466) (-2.50071e-10,-0.00608466) 
419 (2.47691e-10,-0.00607016) (-2.47691e-10,-0.00607016) 
420 (2.45338e-10,-0.00605573) (-2.45338e-10,-0.00605573) 
421 (2.43014e-10,-0.00604136) (-2.43014e-10,-0.00604136) 
422 (2.40717e-10,-0.00602706) (-2.40717e-10,-0.00602706) 
423 (2.38449e-10,-0.00601283) (-2.38449e-10,-0.00601283) 
424 (2.3621e-10,-0.00599866) (-2.3621e-10,-0.00599866) 
425 (2.34e-10,-0.00598457) (-2.34e-10,-0.00598457) 
426 (2.31818e-10,-0.00597054) (-2.31818e-10,-0.00597054) 
427 (2.2966e-10,-0.00595657) (-2.2966e-10,-0.00595657) 
428 (2.27528e-10,-0.00594267) (-2.27528e-10,-0.00594267) 
429 (2.25421e-10,-0.00592883) (-2.25421e-10,-0.00592883) 
430 (2.23337e-10,-0.00591506) (-2.23337e-10,-0.00591506) 
431 (2.21276e-10,-0.00590136) (-2.21276e-10,-0.00590136) 
432 (2.19236e-10,-0.00588771) (-2.19236e-10,-0.00588771) 
433 (2.17219e-10,-0.00587413) (-2.17219e-10,-0.00587413) 
434 (2.15223e-10,-0.00586061) (-2.15223e-10,-0.00586061) 
435 (2.13249e-10,-0.00584715) (-2.13249e-10,-0.00584715) 
436 (2.11298e-10,-0.00583376) (-2.11298e-10,-0.00583376) 
437 (2.09369e-10,-0.00582043) (-2.09369e-10,-0.00582043) 
438 (2.07462e-10,-0.00580715) (-2.07462e-10,-0.00580715) 
439 (2.05579e-10,-0.00579394) (-2.05579e-10,-0.00579394) 
440 (2.03718e-10,-0.00578079) (-2.03718e-10,-0.00578079) 
441 (2.01881e-10,-0.00576769) (-2.01881e-10,-0.00576769) 
442 (2.00066e-10,-0.00575466) (-2.00066e-10,-0.00575466) 
443 (1.98271e-10,-0.00574168) (-1.98271e-10,-0.00574168) 
444 (1.96496e-10,-0.00572877) (-1.96496e-10,-0.00572877) 
445 (1.94741e-10,-0.00571591) (-1.94741e-10,-0.00571591) 
446 (1.93005e-10,-0.00570311) (-1.93005e-10,-0.00570311) 
447 (1.91287e-10,-0.00569036) (-1.91287e-10,-0.00569036) 
448 (1.89587e-10,-0.00567768) (-1.89587e-10,-0.00567768) 
449 (1.87904e-10,-0.00566505) (-1.87904e-10,-0.00566505) 
450 (1.86239e-10,-0.00565247) (-1.86239e-10,-0.00565247) 
451 (1.84591e-10,-0.00563995) (-1.84591e-10,-0.00563995) 
452 (1.82962e-10,-0.00562749) (-1.82962e-10,-0.00562749) 
453 (1.81351e-10,-0.00561508) (-1.81351e-10,-0.00561508) 
454 (1.79757e-10,-0.00560273) (-1.79757e-10,-0.00560273) 
455 (1.78182e-10,-0.00559043) (-1.78182e-10,-0.00559043) 
456 (1.76626e-10,-0.00557818) (-1.76626e-10,-0.00557818) 
457 (1.75089e-10,-0.00556599) (-1.75089e-10,-0.00556599) 
458 (1.73569e-10,-0.00555385) (-1.73569e-10,-0.00555385) 
459 (1.72066e-10,-0.00554176) (-1.72066e-10,-0.00554176) 
460 (1.70579e-10,-0.00552973) (-1.70579e-10,-0.00552973) 
461 (1.69108e-10,-0.00551775) (-1.69108e-10,-0.00551775) 
462 (1.67652e-10,-0.00550582) (-1.67652e-10,-0.00550582) 
463 (1.66211e-10,-0.00549394) (-1.66211e-10,-0.00549394) 
464 (1.64785e-10,-0.00548211) (-1.64785e-10,-0.00548211) 
465 (1.63372e-10,-0.00547034) (-1.63372e-10,-0.00547034) 
466 (1.61973e-10,-0.00545861) (-1.61973e-10,-0.00545861) 
467 (1.6059e-10,-0.00544693) (-1.6059e-10,-0.00544693) 
468 (1.59221e-10,-0.00543531) (-1.59221e-10,-0.00543531) 
469 (1.57866e-10,-0.00542373) (-1.57866e-10,-0.00542373) 
470 (1.56526e-10,-0.0054122) (-1.56526e-10,-0.0054122) 
471 (1.55201e-10,-0.00540073) (-1.55201e-10,-0.00540073) 
472 (1.53891e-10,-0.0053893) (-1.53891e-10,-0.0053893) 
473 (1.52597e-10,-0.00537791) (-1.52597e-10,-0.00537791) 
474 (1.51317e-10,-0.00536658) (-1.51317e-10,-0.00536658) 
475 (1.5005e-10,-0.00535529) (-1.5005e-10,-0.00535529) 
476 (1.48797e-10,-0.00534406) (-1.48797e-10,-0.00534406) 
477 (1.47556e-10,-0.00533286) (-1.47556e-10,-0.00533286) 
478 (1.46329e-10,-0.00532172) (-1.46329e-10,-0.00532172) 
479 (1.45113e-10,-0.00531062) (-1.45113e-10,-0.00531062) 
480 (1.43909e-10,-0.00529957) (-1.43909e-10,-0.00529957) 
481 (1.42716e-10,-0.00528856) (-1.42716e-10,-0.00528856) 
482 (1.41535e-10,-0.0052776) (-1.41535e-10,-0.0052776) 
483 (1.40365e-10,-0.00526669) (-1.40365e-10,-0.00526669) 
484 (1.39208e-10,-0.00525582) (-1.39208e-10,-0.00525582) 
485 (1.38063e-10,-0.00524499) (-1.38063e-10,-0.00524499) 
486 (1.36929e-10,-0.00523421) (-1.36929e-10,-0.00523421) 
487 (1.35808e-10,-0.00522348) (-1.35808e-10,-0.00522348) 
488 (1.347e-10,-0.00521278) (-1.347e-10,-0.00521278) 
489 (1.33604e-10,-0.00520213) (-1.33604e-10,-0.00520213) 
490 (1.32519e-10,-0.00519153) (-1.32519e-10,-0.00519153) 
491 (1.31446e-10,-0.00518097) (-1.31446e-10,-0.00518097) 
492 (1.30383e-10,-0.00517045) (-1.30383e-10,-0.00517045) 
493 (1.29331e-10,-0.00515997) (-1.29331e-10,-0.00515997) 
494 (1.2829e-10,-0.00514954) (-1.2829e-10,-0.00514954) 
495 (1.27258e-10,-0.00513914) (-1.27258e-10,-0.00513914) 
496 (1.26236e-10,-0.00512879) (-1.26236e-10,-0.00512879) 
497 (1.25223e-10,-0.00511848) (-1.25223e-10,-0.00511848) 
498 (1.2422e-10,-0.00510822) (-1.2422e-10,-0.00510822) 
499 (1.23227e-10,-0.00509799) (-1.23227e-10,-0.00509799) 
