0 (0,-1.20751) (0,-1.20751) 
1 (0,-0.89307) (0,-0.89307) 
2 (0,-0.683239) (0,-0.683239) 
3 (0,-0.542826) (0,-0.542826) 
4 (0,-0.44592) (0,-0.44592) 
5 (0,-0.37642) (0,-0.37642) 
6 (0,-0.324722) (0,-0.324722) 
7 (0,-0.285022) (0,-0.285022) 
8 (0,-0.253701) (0,-0.253701) 
9 (0,-0.228425) (0,-0.228425) 
10 (0,-0.207632) (0,-0.207632) 
11 (0,-0.190247) (0,-0.190247) 
12 (0,-0.175508) (0,-0.175508) 
13 (0,-0.162861) (0,-0.162861) 
14 (0,-0.151894) (0,-0.151894) 
15 (0,-0.142297) (0,-0.142297) 
16 (0,-0.133831) (0,-0.133831) 
17 (0,-0.126308) (0,-0.126308) 
18 (0,-0.11958) (0,-0.11958) 
19 (0,-0.113529) (0,-0.113529) 
20 (0,-0.108057) (0,-0.108057) 
21 (0,-0.103085) (0,-0.103085) 
22 (0,-0.0985489) (0,-0.0985489) 
23 (0,-0.0943933) (0,-0.0943933) 
24 (0,-0.0905726) (0,-0.0905726) 
25 (0,-0.0870481) (0,-0.0870481) 
26 (0,-0.0837867) (0,-0.0837867) 
27 (0,-0.0807601) (0,-0.0807601) 
28 (0,-0.0779439) (0,-0.0779439) 
29 (0,-0.0753169) (0,-0.0753169) 
30 (0,-0.0728608) (0,-0.0728608) 
31 (0,-0.0705594) (0,-0.0705594) 
32 (0,-0.0683987) (0,-0.0683987) 
33 (0,-0.066366) (0,-0.066366) 
34 (0,-0.0644505) (0,-0.0644505) 
35 (0,-0.0626422) (0,-0.0626422) 
36 (0,-0.0609324) (0,-0.0609324) 
37 (0,-0.0593133) (0,-0.0593133) 
38 (0,-0.0577779) (0,-0.0577779) 
39 (0,-0.0563199) (0,-0.0563199) 
40 (0,-0.0549335) (0,-0.0549335) 
41 (0,-0.0536137) (0,-0.0536137) 
42 (0,-0.0523557) (0,-0.0523557) 
43 (0,-0.0511553) (0,-0.0511553) 
44 (0,-0.0500086) (0,-0.0500086) 
45 (0,-0.0489122) (0,-0.0489122) 
46 (0,-0.0478627) (0,-0.0478627) 
47 (0,-0.0468573) (0,-0.0468573) 
48 (0,-0.0458933) (0,-0.0458933) 
49 (0,-0.044968) (0,-0.044968) 
50 (0,-0.0440793) (0,-0.0440793) 
51 (0,-0.043225) (0,-0.043225) 
52 (0,-0.0424032) (0,-0.0424032) 
53 (0,-0.041612) (0,-0.041612) 
54 (0,-0.0408497) (0,-0.0408497) 
55 (0,-0.0401149) (0,-0.0401149) 
56 (0,-0.039406) (0,-0.039406) 
57 (0,-0.0387217) (0,-0.0387217) 
58 (0,-0.0380608) (0,-0.0380608) 
59 (0,-0.037422) (0,-0.037422) 
60 (0,-0.0368043) (0,-0.0368043) 
61 (0,-0.0362066) (0,-0.0362066) 
62 (0,-0.0356281) (0,-0.0356281) 
63 (0,-0.0350677) (0,-0.0350677) 
64 (0,-0.0345247) (0,-0.0345247) 
65 (0,-0.0339982) (0,-0.0339982) 
66 (0,-0.0334875) (0,-0.0334875) 
67 (0,-0.0329919) (0,-0.0329919) 
68 (0,-0.0325108) (0,-0.0325108) 
69 (0,-0.0320435) (0,-0.0320435) 
70 (0,-0.0315895) (0,-0.0315895) 
71 (0,-0.0311481) (0,-0.0311481) 
72 (0,-0.0307189) (0,-0.0307189) 
73 (0,-0.0303013) (0,-0.0303013) 
74 (0,-0.0298949) (0,-0.0298949) 
75 (0,-0.0294993) (0,-0.0294993) 
76 (0,-0.0291141) (0,-0.0291141) 
77 (0,-0.0287387) (0,-0.0287387) 
78 (0,-0.0283729) (0,-0.0283729) 
79 (0,-0.0280163) (0,-0.0280163) 
80 (0,-0.0276685) (0,-0.0276685) 
81 (0,-0.0273293) (0,-0.0273293) 
82 (0,-0.0269983) (0,-0.0269983) 
83 (0,-0.0266752) (0,-0.0266752) 
84 (0,-0.0263597) (0,-0.0263597) 
85 (0,-0.0260516) (0,-0.0260516) 
86 (0,-0.0257506) (0,-0.0257506) 
87 (0,-0.0254565) (0,-0.0254565) 
88 (0,-0.0251691) (0,-0.0251691) 
89 (0,-0.024888) (0,-0.024888) 
90 (0,-0.0246132) (0,-0.0246132) 
91 (0,-0.0243444) (0,-0.0243444) 
92 (0,-0.0240813) (0,-0.0240813) 
93 (0,-0.0238239) (0,-0.0238239) 
94 (0,-0.023572) (0,-0.023572) 
95 (0,-0.0233253) (0,-0.0233253) 
96 (0,-0.0230837) (0,-0.0230837) 
97 (0,-0.0228471) (0,-0.0228471) 
98 (0,-0.0226152) (0,-0.0226152) 
99 (0,-0.022388) (0,-0.022388) 
100 (0,-0.0221654) (0,-0.0221654) 
101 (0,-0.0219471) (0,-0.0219471) 
102 (0,-0.0217331) (0,-0.0217331) 
103 (0,-0.0215232) (0,-0.0215232) 
104 (0,-0.0213173) (0,-0.0213173) 
105 (0,-0.0211154) (0,-0.0211154) 
106 (0,-0.0209172) (0,-0.0209172) 
107 (0,-0.0207227) (0,-0.0207227) 
108 (0,-0.0205318) (0,-0.0205318) 
109 (0,-0.0203444) (0,-0.0203444) 
110 (0,-0.0201603) (0,-0.0201603) 
111 (0,-0.0199796) (0,-0.0199796) 
112 (0,-0.0198021) (0,-0.0198021) 
113 (0,-0.0196277) (0,-0.0196277) 
114 (0,-0.0194563) (0,-0.0194563) 
115 (0,-0.0192879) (0,-0.0192879) 
116 (0,-0.0191224) (0,-0.0191224) 
117 (0,-0.0189597) (0,-0.0189597) 
118 (0,-0.0187998) (0,-0.0187998) 
119 (0,-0.0186425) (0,-0.0186425) 
120 (0,-0.0184879) (0,-0.0184879) 
121 (0,-0.0183358) (0,-0.0183358) 
122 (0,-0.0181861) (0,-0.0181861) 
123 (0,-0.0180389) (0,-0.0180389) 
124 (0,-0.0178941) (0,-0.0178941) 
125 (0,-0.0177515) (0,-0.0177515) 
126 (0,-0.0176113) (0,-0.0176113) 
127 (0,-0.0174732) (0,-0.0174732) 
128 (0,-0.0173372) (0,-0.0173372) 
129 (0,-0.0172034) (0,-0.0172034) 
130 (0,-0.0170716) (0,-0.0170716) 
131 (0,-0.0169418) (0,-0.0169418) 
132 (0,-0.016814) (0,-0.016814) 
133 (0,-0.0166881) (0,-0.0166881) 
134 (0,-0.016564) (0,-0.016564) 
135 (0,-0.0164418) (0,-0.0164418) 
136 (0,-0.0163214) (0,-0.0163214) 
137 (0,-0.0162027) (0,-0.0162027) 
138 (0,-0.0160858) (0,-0.0160858) 
139 (0,-0.0159705) (0,-0.0159705) 
140 (0,-0.0158569) (0,-0.0158569) 
141 (0,-0.0157448) (0,-0.0157448) 
142 (0,-0.0156344) (0,-0.0156344) 
143 (0,-0.0155254) (0,-0.0155254) 
144 (0,-0.015418) (0,-0.015418) 
145 (0,-0.0153121) (0,-0.0153121) 
146 (0,-0.0152076) (0,-0.0152076) 
147 (0,-0.0151045) (0,-0.0151045) 
148 (0,-0.0150028) (0,-0.0150028) 
149 (0,-0.0149025) (0,-0.0149025) 
150 (0,-0.0148035) (0,-0.0148035) 
151 (0,-0.0147058) (0,-0.0147058) 
152 (0,-0.0146094) (0,-0.0146094) 
153 (0,-0.0145142) (0,-0.0145142) 
154 (0,-0.0144203) (0,-0.0144203) 
155 (0,-0.0143276) (0,-0.0143276) 
156 (0,-0.0142361) (0,-0.0142361) 
157 (0,-0.0141457) (0,-0.0141457) 
158 (0,-0.0140565) (0,-0.0140565) 
159 (0,-0.0139684) (0,-0.0139684) 
160 (0,-0.0138813) (0,-0.0138813) 
161 (0,-0.0137954) (0,-0.0137954) 
162 (0,-0.0137105) (0,-0.0137105) 
163 (0,-0.0136267) (0,-0.0136267) 
164 (0,-0.0135439) (0,-0.0135439) 
165 (0,-0.013462) (0,-0.013462) 
166 (0,-0.0133812) (0,-0.0133812) 
167 (0,-0.0133013) (0,-0.0133013) 
168 (0,-0.0132224) (0,-0.0132224) 
169 (0,-0.0131444) (0,-0.0131444) 
170 (0,-0.0130673) (0,-0.0130673) 
171 (0,-0.0129911) (0,-0.0129911) 
172 (0,-0.0129158) (0,-0.0129158) 
173 (0,-0.0128414) (0,-0.0128414) 
174 (0,-0.0127678) (0,-0.0127678) 
175 (0,-0.0126951) (0,-0.0126951) 
176 (0,-0.0126232) (0,-0.0126232) 
177 (0,-0.0125521) (0,-0.0125521) 
178 (0,-0.0124818) (0,-0.0124818) 
179 (0,-0.0124122) (0,-0.0124122) 
180 (0,-0.0123435) (0,-0.0123435) 
181 (0,-0.0122755) (0,-0.0122755) 
182 (0,-0.0122082) (0,-0.0122082) 
183 (0,-0.0121417) (0,-0.0121417) 
184 (0,-0.0120759) (0,-0.0120759) 
185 (0,-0.0120108) (0,-0.0120108) 
186 (0,-0.0119464) (0,-0.0119464) 
187 (0,-0.0118827) (0,-0.0118827) 
188 (0,-0.0118197) (0,-0.0118197) 
189 (0,-0.0117573) (0,-0.0117573) 
190 (0,-0.0116956) (0,-0.0116956) 
191 (0,-0.0116346) (0,-0.0116346) 
192 (0,-0.0115741) (0,-0.0115741) 
193 (0,-0.0115143) (0,-0.0115143) 
194 (0,-0.0114551) (0,-0.0114551) 
195 (0,-0.0113965) (0,-0.0113965) 
196 (0,-0.0113386) (0,-0.0113386) 
197 (0,-0.0112812) (0,-0.0112812) 
198 (0,-0.0112243) (0,-0.0112243) 
199 (0,-0.0111681) (0,-0.0111681) 
200 (0,-0.0111124) (0,-0.0111124) 
201 (0,-0.0110572) (0,-0.0110572) 
202 (0,-0.0110026) (0,-0.0110026) 
203 (0,-0.0109486) (0,-0.0109486) 
204 (0,-0.010895) (0,-0.010895) 
205 (0,-0.010842) (0,-0.010842) 
206 (0,-0.0107895) (0,-0.0107895) 
207 (0,-0.0107375) (0,-0.0107375) 
208 (0,-0.0106861) (0,-0.0106861) 
209 (0,-0.0106351) (0,-0.0106351) 
210 (0,-0.0105845) (0,-0.0105845) 
211 (0,-0.0105345) (0,-0.0105345) 
212 (0,-0.0104849) (0,-0.0104849) 
213 (0,-0.0104358) (0,-0.0104358) 
214 (0,-0.0103872) (0,-0.0103872) 
215 (0,-0.010339) (0,-0.010339) 
216 (0,-0.0102912) (0,-0.0102912) 
217 (0,-0.0102439) (0,-0.0102439) 
218 (0,-0.010197) (0,-0.010197) 
219 (0,-0.0101506) (0,-0.0101506) 
220 (0,-0.0101046) (0,-0.0101046) 
221 (0,-0.0100589) (0,-0.0100589) 
222 (0,-0.0100137) (0,-0.0100137) 
223 (0,-0.00996894) (0,-0.00996894) 
224 (0,-0.00992454) (0,-0.00992454) 
225 (0,-0.00988053) (0,-0.00988053) 
226 (0,-0.00983692) (0,-0.00983692) 
227 (0,-0.00979368) (0,-0.00979368) 
228 (0,-0.00975082) (0,-0.00975082) 
229 (0,-0.00970834) (0,-0.00970834) 
230 (0,-0.00966623) (0,-0.00966623) 
231 (0,-0.00962448) (0,-0.00962448) 
232 (0,-0.00958308) (0,-0.00958308) 
233 (0,-0.00954205) (0,-0.00954205) 
234 (0,-0.00950136) (0,-0.00950136) 
235 (0,-0.00946102) (0,-0.00946102) 
236 (0,-0.00942102) (0,-0.00942102) 
237 (0,-0.00938135) (0,-0.00938135) 
238 (0,-0.00934202) (0,-0.00934202) 
239 (0,-0.00930302) (0,-0.00930302) 
240 (0,-0.00926434) (0,-0.00926434) 
241 (0,-0.00922598) (0,-0.00922598) 
242 (0,-0.00918794) (0,-0.00918794) 
243 (0,-0.00915021) (0,-0.00915021) 
244 (0,-0.00911279) (0,-0.00911279) 
245 (0,-0.00907567) (0,-0.00907567) 
246 (0,-0.00903886) (0,-0.00903886) 
247 (0,-0.00900234) (0,-0.00900234) 
248 (0,-0.00896612) (0,-0.00896612) 
249 (0,-0.00893018) (0,-0.00893018) 
250 (0,-0.00889454) (0,-0.00889454) 
251 (0,-0.00885917) (0,-0.00885917) 
252 (0,-0.00882409) (0,-0.00882409) 
253 (0,-0.00878928) (0,-0.00878928) 
254 (0,-0.00875475) (0,-0.00875475) 
255 (0,-0.00872049) (0,-0.00872049) 
256 (0,-0.00868649) (0,-0.00868649) 
257 (0,-0.00865276) (0,-0.00865276) 
258 (0,-0.00861929) (0,-0.00861929) 
259 (0,-0.00858608) (0,-0.00858608) 
260 (0,-0.00855312) (0,-0.00855312) 
261 (0,-0.00852041) (0,-0.00852041) 
262 (0,-0.00848796) (0,-0.00848796) 
263 (0,-0.00845575) (0,-0.00845575) 
264 (0,-0.00842378) (0,-0.00842378) 
265 (0,-0.00839206) (0,-0.00839206) 
266 (0,-0.00836057) (0,-0.00836057) 
267 (0,-0.00832932) (0,-0.00832932) 
268 (0,-0.0082983) (0,-0.0082983) 
269 (0,-0.00826751) (0,-0.00826751) 
270 (0,-0.00823694) (0,-0.00823694) 
271 (0,-0.00820661) (0,-0.00820661) 
272 (0,-0.00817649) (0,-0.00817649) 
273 (0,-0.0081466) (0,-0.0081466) 
274 (0,-0.00811692) (0,-0.00811692) 
275 (0,-0.00808746) (0,-0.00808746) 
276 (0,-0.00805822) (0,-0.00805822) 
277 (0,-0.00802918) (0,-0.00802918) 
278 (0,-0.00800035) (0,-0.00800035) 
279 (0,-0.00797173) (0,-0.00797173) 
280 (0,-0.00794331) (0,-0.00794331) 
281 (0,-0.0079151) (0,-0.0079151) 
282 (0,-0.00788708) (0,-0.00788708) 
283 (0,-0.00785926) (0,-0.00785926) 
284 (0,-0.00783164) (0,-0.00783164) 
285 (0,-0.00780421) (0,-0.00780421) 
286 (0,-0.00777697) (0,-0.00777697) 
287 (0,-0.00774992) (0,-0.00774992) 
288 (0,-0.00772306) (0,-0.00772306) 
289 (0,-0.00769638) (0,-0.00769638) 
290 (0,-0.00766989) (0,-0.00766989) 
291 (0,-0.00764358) (0,-0.00764358) 
292 (0,-0.00761745) (0,-0.00761745) 
293 (0,-0.0075915) (0,-0.0075915) 
294 (0,-0.00756572) (0,-0.00756572) 
295 (0,-0.00754012) (0,-0.00754012) 
296 (0,-0.00751469) (0,-0.00751469) 
297 (0,-0.00748943) (0,-0.00748943) 
298 (0,-0.00746435) (0,-0.00746435) 
299 (0,-0.00743942) (0,-0.00743942) 
300 (0,-0.00741467) (0,-0.00741467) 
301 (0,-0.00739008) (0,-0.00739008) 
302 (0,-0.00736565) (0,-0.00736565) 
303 (0,-0.00734138) (0,-0.00734138) 
304 (0,-0.00731727) (0,-0.00731727) 
305 (0,-0.00729332) (0,-0.00729332) 
306 (0,-0.00726953) (0,-0.00726953) 
307 (0,-0.00724589) (0,-0.00724589) 
308 (0,-0.0072224) (0,-0.0072224) 
309 (0,-0.00719907) (0,-0.00719907) 
310 (0,-0.00717588) (0,-0.00717588) 
311 (0,-0.00715285) (0,-0.00715285) 
312 (0,-0.00712996) (0,-0.00712996) 
313 (0,-0.00710722) (0,-0.00710722) 
314 (0,-0.00708462) (0,-0.00708462) 
315 (0,-0.00706217) (0,-0.00706217) 
316 (0,-0.00703985) (0,-0.00703985) 
317 (0,-0.00701768) (0,-0.00701768) 
318 (0,-0.00699565) (0,-0.00699565) 
319 (0,-0.00697376) (0,-0.00697376) 
320 (0,-0.006952) (0,-0.006952) 
321 (0,-0.00693038) (0,-0.00693038) 
322 (0,-0.00690889) (0,-0.00690889) 
323 (0,-0.00688753) (0,-0.00688753) 
324 (0,-0.00686631) (0,-0.00686631) 
325 (0,-0.00684521) (0,-0.00684521) 
326 (0,-0.00682425) (0,-0.00682425) 
327 (0,-0.00680341) (0,-0.00680341) 
328 (0,-0.0067827) (0,-0.0067827) 
329 (0,-0.00676212) (0,-0.00676212) 
330 (0,-0.00674166) (0,-0.00674166) 
331 (0,-0.00672132) (0,-0.00672132) 
332 (0,-0.00670111) (0,-0.00670111) 
333 (0,-0.00668102) (0,-0.00668102) 
334 (0,-0.00666105) (0,-0.00666105) 
335 (0,-0.00664119) (0,-0.00664119) 
336 (0,-0.00662146) (0,-0.00662146) 
337 (0,-0.00660184) (0,-0.00660184) 
338 (0,-0.00658234) (0,-0.00658234) 
339 (0,-0.00656295) (0,-0.00656295) 
340 (0,-0.00654368) (0,-0.00654368) 
341 (0,-0.00652451) (0,-0.00652451) 
342 (0,-0.00650547) (0,-0.00650547) 
343 (0,-0.00648653) (0,-0.00648653) 
344 (0,-0.0064677) (0,-0.0064677) 
345 (0,-0.00644898) (0,-0.00644898) 
346 (0,-0.00643037) (0,-0.00643037) 
347 (0,-0.00641187) (0,-0.00641187) 
348 (0,-0.00639347) (0,-0.00639347) 
349 (0,-0.00637518) (0,-0.00637518) 
350 (0,-0.00635699) (0,-0.00635699) 
351 (0,-0.0063389) (0,-0.0063389) 
352 (0,-0.00632092) (0,-0.00632092) 
353 (0,-0.00630304) (0,-0.00630304) 
354 (0,-0.00628526) (0,-0.00628526) 
355 (0,-0.00626758) (0,-0.00626758) 
356 (0,-0.00625) (0,-0.00625) 
357 (0,-0.00623252) (0,-0.00623252) 
358 (0,-0.00621514) (0,-0.00621514) 
359 (0,-0.00619785) (0,-0.00619785) 
360 (0,-0.00618066) (0,-0.00618066) 
361 (0,-0.00616356) (0,-0.00616356) 
362 (0,-0.00614656) (0,-0.00614656) 
363 (0,-0.00612965) (0,-0.00612965) 
364 (0,-0.00611283) (0,-0.00611283) 
365 (0,-0.00609611) (0,-0.00609611) 
366 (0,-0.00607948) (0,-0.00607948) 
367 (0,-0.00606293) (0,-0.00606293) 
368 (0,-0.00604648) (0,-0.00604648) 
369 (0,-0.00603012) (0,-0.00603012) 
370 (0,-0.00601384) (0,-0.00601384) 
371 (0,-0.00599766) (0,-0.00599766) 
372 (0,-0.00598156) (0,-0.00598156) 
373 (0,-0.00596554) (0,-0.00596554) 
374 (0,-0.00594961) (0,-0.00594961) 
375 (0,-0.00593377) (0,-0.00593377) 
376 (0,-0.00591801) (0,-0.00591801) 
377 (0,-0.00590233) (0,-0.00590233) 
378 (0,-0.00588674) (0,-0.00588674) 
379 (0,-0.00587123) (0,-0.00587123) 
380 (0,-0.0058558) (0,-0.0058558) 
381 (0,-0.00584045) (0,-0.00584045) 
382 (0,-0.00582518) (0,-0.00582518) 
383 (0,-0.00580999) (0,-0.00580999) 
384 (0,-0.00579488) (0,-0.00579488) 
385 (0,-0.00577985) (0,-0.00577985) 
386 (0,-0.0057649) (0,-0.0057649) 
387 (0,-0.00575002) (0,-0.00575002) 
388 (0,-0.00573522) (0,-0.00573522) 
389 (0,-0.00572049) (0,-0.00572049) 
390 (0,-0.00570585) (0,-0.00570585) 
391 (0,-0.00569127) (0,-0.00569127) 
392 (0,-0.00567677) (0,-0.00567677) 
393 (0,-0.00566235) (0,-0.00566235) 
394 (0,-0.00564799) (0,-0.00564799) 
395 (0,-0.00563371) (0,-0.00563371) 
396 (0,-0.00561951) (0,-0.00561951) 
397 (0,-0.00560537) (0,-0.00560537) 
398 (0,-0.0055913) (0,-0.0055913) 
399 (0,-0.00557731) (0,-0.00557731) 
400 (0,-0.00556338) (0,-0.00556338) 
401 (0,-0.00554953) (0,-0.00554953) 
402 (0,-0.00553574) (0,-0.00553574) 
403 (0,-0.00552202) (0,-0.00552202) 
404 (0,-0.00550837) (0,-0.00550837) 
405 (0,-0.00549479) (0,-0.00549479) 
406 (0,-0.00548127) (0,-0.00548127) 
407 (0,-0.00546782) (0,-0.00546782) 
408 (0,-0.00545443) (0,-0.00545443) 
409 (0,-0.00544111) (0,-0.00544111) 
410 (0,-0.00542786) (0,-0.00542786) 
411 (0,-0.00541467) (0,-0.00541467) 
412 (0,-0.00540154) (0,-0.00540154) 
413 (0,-0.00538848) (0,-0.00538848) 
414 (0,-0.00537548) (0,-0.00537548) 
415 (0,-0.00536254) (0,-0.00536254) 
416 (0,-0.00534967) (0,-0.00534967) 
417 (0,-0.00533686) (0,-0.00533686) 
418 (0,-0.0053241) (0,-0.0053241) 
419 (0,-0.00531141) (0,-0.00531141) 
420 (0,-0.00529878) (0,-0.00529878) 
421 (0,-0.00528621) (0,-0.00528621) 
422 (0,-0.0052737) (0,-0.0052737) 
423 (0,-0.00526125) (0,-0.00526125) 
424 (0,-0.00524885) (0,-0.00524885) 
425 (0,-0.00523652) (0,-0.00523652) 
426 (0,-0.00522424) (0,-0.00522424) 
427 (0,-0.00521202) (0,-0.00521202) 
428 (0,-0.00519986) (0,-0.00519986) 
429 (0,-0.00518775) (0,-0.00518775) 
430 (0,-0.0051757) (0,-0.0051757) 
431 (0,-0.00516371) (0,-0.00516371) 
432 (0,-0.00515177) (0,-0.00515177) 
433 (0,-0.00513988) (0,-0.00513988) 
434 (0,-0.00512806) (0,-0.00512806) 
435 (0,-0.00511628) (0,-0.00511628) 
436 (0,-0.00510456) (0,-0.00510456) 
437 (0,-0.00509289) (0,-0.00509289) 
438 (0,-0.00508128) (0,-0.00508128) 
439 (0,-0.00506972) (0,-0.00506972) 
440 (0,-0.00505821) (0,-0.00505821) 
441 (0,-0.00504675) (0,-0.00504675) 
442 (0,-0.00503535) (0,-0.00503535) 
443 (0,-0.00502399) (0,-0.00502399) 
444 (0,-0.00501269) (0,-0.00501269) 
445 (0,-0.00500144) (0,-0.00500144) 
446 (0,-0.00499024) (0,-0.00499024) 
447 (0,-0.00497909) (0,-0.00497909) 
448 (0,-0.00496799) (0,-0.00496799) 
449 (0,-0.00495693) (0,-0.00495693) 
450 (0,-0.00494593) (0,-0.00494593) 
451 (0,-0.00493498) (0,-0.00493498) 
452 (0,-0.00492407) (0,-0.00492407) 
453 (0,-0.00491321) (0,-0.00491321) 
454 (0,-0.0049024) (0,-0.0049024) 
455 (0,-0.00489164) (0,-0.00489164) 
456 (0,-0.00488093) (0,-0.00488093) 
457 (0,-0.00487026) (0,-0.00487026) 
458 (0,-0.00485964) (0,-0.00485964) 
459 (0,-0.00484906) (0,-0.00484906) 
460 (0,-0.00483853) (0,-0.00483853) 
461 (0,-0.00482805) (0,-0.00482805) 
462 (0,-0.00481761) (0,-0.00481761) 
463 (0,-0.00480721) (0,-0.00480721) 
464 (0,-0.00479686) (0,-0.00479686) 
465 (0,-0.00478656) (0,-0.00478656) 
466 (0,-0.0047763) (0,-0.0047763) 
467 (0,-0.00476608) (0,-0.00476608) 
468 (0,-0.00475591) (0,-0.00475591) 
469 (0,-0.00474578) (0,-0.00474578) 
470 (0,-0.00473569) (0,-0.00473569) 
471 (0,-0.00472565) (0,-0.00472565) 
472 (0,-0.00471565) (0,-0.00471565) 
473 (0,-0.00470569) (0,-0.00470569) 
474 (0,-0.00469577) (0,-0.00469577) 
475 (0,-0.0046859) (0,-0.0046859) 
476 (0,-0.00467606) (0,-0.00467606) 
477 (0,-0.00466627) (0,-0.00466627) 
478 (0,-0.00465652) (0,-0.00465652) 
479 (0,-0.00464681) (0,-0.00464681) 
480 (0,-0.00463714) (0,-0.00463714) 
481 (0,-0.00462751) (0,-0.00462751) 
482 (0,-0.00461792) (0,-0.00461792) 
483 (0,-0.00460837) (0,-0.00460837) 
484 (0,-0.00459886) (0,-0.00459886) 
485 (0,-0.00458938) (0,-0.00458938) 
486 (0,-0.00457995) (0,-0.00457995) 
487 (0,-0.00457056) (0,-0.00457056) 
488 (0,-0.0045612) (0,-0.0045612) 
489 (0,-0.00455188) (0,-0.00455188) 
490 (0,-0.0045426) (0,-0.0045426) 
491 (0,-0.00453336) (0,-0.00453336) 
492 (0,-0.00452416) (0,-0.00452416) 
493 (0,-0.00451499) (0,-0.00451499) 
494 (0,-0.00450586) (0,-0.00450586) 
495 (0,-0.00449676) (0,-0.00449676) 
496 (0,-0.00448771) (0,-0.00448771) 
497 (0,-0.00447869) (0,-0.00447869) 
498 (0,-0.0044697) (0,-0.0044697) 
499 (0,-0.00446075) (0,-0.00446075) 
500 (0,-0.00445184) (0,-0.00445184) 
501 (0,-0.00444297) (0,-0.00444297) 
502 (0,-0.00443412) (0,-0.00443412) 
503 (0,-0.00442532) (0,-0.00442532) 
504 (0,-0.00441655) (0,-0.00441655) 
505 (0,-0.00440781) (0,-0.00440781) 
506 (0,-0.00439911) (0,-0.00439911) 
507 (0,-0.00439044) (0,-0.00439044) 
508 (0,-0.0043818) (0,-0.0043818) 
509 (0,-0.0043732) (0,-0.0043732) 
510 (0,-0.00436464) (0,-0.00436464) 
511 (0,-0.00435611) (0,-0.00435611) 
512 (0,-0.00434761) (0,-0.00434761) 
513 (0,-0.00433914) (0,-0.00433914) 
514 (0,-0.00433071) (0,-0.00433071) 
515 (0,-0.00432231) (0,-0.00432231) 
516 (0,-0.00431394) (0,-0.00431394) 
517 (0,-0.0043056) (0,-0.0043056) 
518 (0,-0.0042973) (0,-0.0042973) 
519 (0,-0.00428903) (0,-0.00428903) 
520 (0,-0.00428079) (0,-0.00428079) 
521 (0,-0.00427258) (0,-0.00427258) 
522 (0,-0.0042644) (0,-0.0042644) 
523 (0,-0.00425625) (0,-0.00425625) 
524 (0,-0.00424814) (0,-0.00424814) 
525 (0,-0.00424006) (0,-0.00424006) 
526 (0,-0.004232) (0,-0.004232) 
527 (0,-0.00422398) (0,-0.00422398) 
528 (0,-0.00421599) (0,-0.00421599) 
529 (0,-0.00420803) (0,-0.00420803) 
530 (0,-0.00420009) (0,-0.00420009) 
531 (0,-0.00419219) (0,-0.00419219) 
532 (0,-0.00418432) (0,-0.00418432) 
533 (0,-0.00417648) (0,-0.00417648) 
534 (0,-0.00416866) (0,-0.00416866) 
535 (0,-0.00416088) (0,-0.00416088) 
536 (0,-0.00415312) (0,-0.00415312) 
537 (0,-0.0041454) (0,-0.0041454) 
538 (0,-0.0041377) (0,-0.0041377) 
539 (0,-0.00413003) (0,-0.00413003) 
540 (0,-0.00412239) (0,-0.00412239) 
541 (0,-0.00411477) (0,-0.00411477) 
542 (0,-0.00410719) (0,-0.00410719) 
543 (0,-0.00409963) (0,-0.00409963) 
544 (0,-0.0040921) (0,-0.0040921) 
545 (0,-0.0040846) (0,-0.0040846) 
546 (0,-0.00407713) (0,-0.00407713) 
547 (0,-0.00406968) (0,-0.00406968) 
548 (0,-0.00406226) (0,-0.00406226) 
549 (0,-0.00405487) (0,-0.00405487) 
550 (0,-0.0040475) (0,-0.0040475) 
551 (0,-0.00404017) (0,-0.00404017) 
552 (0,-0.00403285) (0,-0.00403285) 
553 (0,-0.00402557) (0,-0.00402557) 
554 (0,-0.00401831) (0,-0.00401831) 
555 (0,-0.00401107) (0,-0.00401107) 
556 (0,-0.00400387) (0,-0.00400387) 
557 (0,-0.00399668) (0,-0.00399668) 
558 (0,-0.00398953) (0,-0.00398953) 
559 (0,-0.0039824) (0,-0.0039824) 
560 (0,-0.00397529) (0,-0.00397529) 
561 (0,-0.00396821) (0,-0.00396821) 
562 (0,-0.00396116) (0,-0.00396116) 
563 (0,-0.00395413) (0,-0.00395413) 
564 (0,-0.00394712) (0,-0.00394712) 
565 (0,-0.00394014) (0,-0.00394014) 
566 (0,-0.00393319) (0,-0.00393319) 
567 (0,-0.00392626) (0,-0.00392626) 
568 (0,-0.00391935) (0,-0.00391935) 
569 (0,-0.00391247) (0,-0.00391247) 
570 (0,-0.00390561) (0,-0.00390561) 
571 (0,-0.00389878) (0,-0.00389878) 
572 (0,-0.00389197) (0,-0.00389197) 
573 (0,-0.00388518) (0,-0.00388518) 
574 (0,-0.00387842) (0,-0.00387842) 
575 (0,-0.00387168) (0,-0.00387168) 
576 (0,-0.00386497) (0,-0.00386497) 
577 (0,-0.00385827) (0,-0.00385827) 
578 (0,-0.0038516) (0,-0.0038516) 
579 (0,-0.00384496) (0,-0.00384496) 
580 (0,-0.00383833) (0,-0.00383833) 
581 (0,-0.00383173) (0,-0.00383173) 
582 (0,-0.00382516) (0,-0.00382516) 
583 (0,-0.0038186) (0,-0.0038186) 
584 (0,-0.00381207) (0,-0.00381207) 
585 (0,-0.00380556) (0,-0.00380556) 
586 (0,-0.00379907) (0,-0.00379907) 
587 (0,-0.0037926) (0,-0.0037926) 
588 (0,-0.00378616) (0,-0.00378616) 
589 (0,-0.00377973) (0,-0.00377973) 
590 (0,-0.00377333) (0,-0.00377333) 
591 (0,-0.00376695) (0,-0.00376695) 
592 (0,-0.0037606) (0,-0.0037606) 
593 (0,-0.00375426) (0,-0.00375426) 
594 (0,-0.00374795) (0,-0.00374795) 
595 (0,-0.00374165) (0,-0.00374165) 
596 (0,-0.00373538) (0,-0.00373538) 
597 (0,-0.00372913) (0,-0.00372913) 
598 (0,-0.0037229) (0,-0.0037229) 
599 (0,-0.00371669) (0,-0.00371669) 
600 (0,-0.0037105) (0,-0.0037105) 
601 (0,-0.00370433) (0,-0.00370433) 
602 (0,-0.00369818) (0,-0.00369818) 
603 (0,-0.00369205) (0,-0.00369205) 
604 (0,-0.00368595) (0,-0.00368595) 
605 (0,-0.00367986) (0,-0.00367986) 
606 (0,-0.00367379) (0,-0.00367379) 
607 (0,-0.00366774) (0,-0.00366774) 
608 (0,-0.00366172) (0,-0.00366172) 
609 (0,-0.00365571) (0,-0.00365571) 
610 (0,-0.00364972) (0,-0.00364972) 
611 (0,-0.00364375) (0,-0.00364375) 
612 (0,-0.0036378) (0,-0.0036378) 
613 (0,-0.00363187) (0,-0.00363187) 
614 (0,-0.00362596) (0,-0.00362596) 
615 (0,-0.00362007) (0,-0.00362007) 
616 (0,-0.0036142) (0,-0.0036142) 
617 (0,-0.00360835) (0,-0.00360835) 
618 (0,-0.00360251) (0,-0.00360251) 
619 (0,-0.0035967) (0,-0.0035967) 
620 (0,-0.0035909) (0,-0.0035909) 
621 (0,-0.00358512) (0,-0.00358512) 
622 (0,-0.00357937) (0,-0.00357937) 
623 (0,-0.00357362) (0,-0.00357362) 
624 (0,-0.0035679) (0,-0.0035679) 
625 (0,-0.0035622) (0,-0.0035622) 
626 (0,-0.00355651) (0,-0.00355651) 
627 (0,-0.00355084) (0,-0.00355084) 
628 (0,-0.0035452) (0,-0.0035452) 
629 (0,-0.00353956) (0,-0.00353956) 
630 (0,-0.00353395) (0,-0.00353395) 
631 (0,-0.00352835) (0,-0.00352835) 
632 (0,-0.00352278) (0,-0.00352278) 
633 (0,-0.00351721) (0,-0.00351721) 
634 (0,-0.00351167) (0,-0.00351167) 
635 (0,-0.00350615) (0,-0.00350615) 
636 (0,-0.00350064) (0,-0.00350064) 
637 (0,-0.00349515) (0,-0.00349515) 
638 (0,-0.00348967) (0,-0.00348967) 
639 (0,-0.00348422) (0,-0.00348422) 
640 (0,-0.00347878) (0,-0.00347878) 
641 (0,-0.00347335) (0,-0.00347335) 
642 (0,-0.00346795) (0,-0.00346795) 
643 (0,-0.00346256) (0,-0.00346256) 
644 (0,-0.00345719) (0,-0.00345719) 
645 (0,-0.00345183) (0,-0.00345183) 
646 (0,-0.00344649) (0,-0.00344649) 
647 (0,-0.00344117) (0,-0.00344117) 
648 (0,-0.00343586) (0,-0.00343586) 
649 (0,-0.00343057) (0,-0.00343057) 
650 (0,-0.0034253) (0,-0.0034253) 
651 (0,-0.00342004) (0,-0.00342004) 
652 (0,-0.0034148) (0,-0.0034148) 
653 (0,-0.00340957) (0,-0.00340957) 
654 (0,-0.00340436) (0,-0.00340436) 
655 (0,-0.00339917) (0,-0.00339917) 
656 (0,-0.00339399) (0,-0.00339399) 
657 (0,-0.00338883) (0,-0.00338883) 
658 (0,-0.00338368) (0,-0.00338368) 
659 (0,-0.00337855) (0,-0.00337855) 
660 (0,-0.00337344) (0,-0.00337344) 
661 (0,-0.00336834) (0,-0.00336834) 
662 (0,-0.00336326) (0,-0.00336326) 
663 (0,-0.00335819) (0,-0.00335819) 
664 (0,-0.00335313) (0,-0.00335313) 
665 (0,-0.00334809) (0,-0.00334809) 
666 (0,-0.00334307) (0,-0.00334307) 
667 (0,-0.00333806) (0,-0.00333806) 
668 (0,-0.00333307) (0,-0.00333307) 
669 (0,-0.00332809) (0,-0.00332809) 
670 (0,-0.00332313) (0,-0.00332313) 
671 (0,-0.00331818) (0,-0.00331818) 
672 (0,-0.00331324) (0,-0.00331324) 
673 (0,-0.00330833) (0,-0.00330833) 
674 (0,-0.00330342) (0,-0.00330342) 
675 (0,-0.00329853) (0,-0.00329853) 
676 (0,-0.00329365) (0,-0.00329365) 
677 (0,-0.00328879) (0,-0.00328879) 
678 (0,-0.00328395) (0,-0.00328395) 
679 (0,-0.00327911) (0,-0.00327911) 
680 (0,-0.00327429) (0,-0.00327429) 
681 (0,-0.00326949) (0,-0.00326949) 
682 (0,-0.0032647) (0,-0.0032647) 
683 (0,-0.00325992) (0,-0.00325992) 
684 (0,-0.00325516) (0,-0.00325516) 
685 (0,-0.00325041) (0,-0.00325041) 
686 (0,-0.00324568) (0,-0.00324568) 
687 (0,-0.00324096) (0,-0.00324096) 
688 (0,-0.00323625) (0,-0.00323625) 
689 (0,-0.00323156) (0,-0.00323156) 
690 (0,-0.00322688) (0,-0.00322688) 
691 (0,-0.00322221) (0,-0.00322221) 
692 (0,-0.00321756) (0,-0.00321756) 
693 (0,-0.00321292) (0,-0.00321292) 
694 (0,-0.00320829) (0,-0.00320829) 
695 (0,-0.00320368) (0,-0.00320368) 
696 (0,-0.00319908) (0,-0.00319908) 
697 (0,-0.00319449) (0,-0.00319449) 
698 (0,-0.00318992) (0,-0.00318992) 
699 (0,-0.00318536) (0,-0.00318536) 
700 (0,-0.00318081) (0,-0.00318081) 
701 (0,-0.00317628) (0,-0.00317628) 
702 (0,-0.00317176) (0,-0.00317176) 
703 (0,-0.00316725) (0,-0.00316725) 
704 (0,-0.00316275) (0,-0.00316275) 
705 (0,-0.00315827) (0,-0.00315827) 
706 (0,-0.0031538) (0,-0.0031538) 
707 (0,-0.00314934) (0,-0.00314934) 
708 (0,-0.0031449) (0,-0.0031449) 
709 (0,-0.00314046) (0,-0.00314046) 
710 (0,-0.00313604) (0,-0.00313604) 
711 (0,-0.00313163) (0,-0.00313163) 
712 (0,-0.00312724) (0,-0.00312724) 
713 (0,-0.00312286) (0,-0.00312286) 
714 (0,-0.00311849) (0,-0.00311849) 
715 (0,-0.00311413) (0,-0.00311413) 
716 (0,-0.00310978) (0,-0.00310978) 
717 (0,-0.00310545) (0,-0.00310545) 
718 (0,-0.00310113) (0,-0.00310113) 
719 (0,-0.00309682) (0,-0.00309682) 
720 (0,-0.00309252) (0,-0.00309252) 
721 (0,-0.00308823) (0,-0.00308823) 
722 (0,-0.00308396) (0,-0.00308396) 
723 (0,-0.00307969) (0,-0.00307969) 
724 (0,-0.00307544) (0,-0.00307544) 
725 (0,-0.0030712) (0,-0.0030712) 
726 (0,-0.00306698) (0,-0.00306698) 
727 (0,-0.00306276) (0,-0.00306276) 
728 (0,-0.00305856) (0,-0.00305856) 
729 (0,-0.00305436) (0,-0.00305436) 
730 (0,-0.00305018) (0,-0.00305018) 
731 (0,-0.00304601) (0,-0.00304601) 
732 (0,-0.00304186) (0,-0.00304186) 
733 (0,-0.00303771) (0,-0.00303771) 
734 (0,-0.00303357) (0,-0.00303357) 
735 (0,-0.00302945) (0,-0.00302945) 
736 (0,-0.00302533) (0,-0.00302533) 
737 (0,-0.00302123) (0,-0.00302123) 
738 (0,-0.00301714) (0,-0.00301714) 
739 (0,-0.00301306) (0,-0.00301306) 
740 (0,-0.00300899) (0,-0.00300899) 
741 (0,-0.00300493) (0,-0.00300493) 
742 (0,-0.00300089) (0,-0.00300089) 
743 (0,-0.00299685) (0,-0.00299685) 
744 (0,-0.00299283) (0,-0.00299283) 
745 (0,-0.00298881) (0,-0.00298881) 
746 (0,-0.00298481) (0,-0.00298481) 
747 (0,-0.00298082) (0,-0.00298082) 
748 (0,-0.00297683) (0,-0.00297683) 
749 (0,-0.00297286) (0,-0.00297286) 
750 (0,-0.0029689) (0,-0.0029689) 
751 (0,-0.00296495) (0,-0.00296495) 
752 (0,-0.00296101) (0,-0.00296101) 
753 (0,-0.00295708) (0,-0.00295708) 
754 (0,-0.00295316) (0,-0.00295316) 
755 (0,-0.00294925) (0,-0.00294925) 
756 (0,-0.00294535) (0,-0.00294535) 
757 (0,-0.00294146) (0,-0.00294146) 
758 (0,-0.00293759) (0,-0.00293759) 
759 (0,-0.00293372) (0,-0.00293372) 
760 (0,-0.00292986) (0,-0.00292986) 
761 (0,-0.00292601) (0,-0.00292601) 
762 (0,-0.00292218) (0,-0.00292218) 
763 (0,-0.00291835) (0,-0.00291835) 
764 (0,-0.00291453) (0,-0.00291453) 
765 (0,-0.00291072) (0,-0.00291072) 
766 (0,-0.00290693) (0,-0.00290693) 
767 (0,-0.00290314) (0,-0.00290314) 
768 (0,-0.00289936) (0,-0.00289936) 
769 (0,-0.00289559) (0,-0.00289559) 
770 (0,-0.00289184) (0,-0.00289184) 
771 (0,-0.00288809) (0,-0.00288809) 
772 (0,-0.00288435) (0,-0.00288435) 
773 (0,-0.00288062) (0,-0.00288062) 
774 (0,-0.0028769) (0,-0.0028769) 
775 (0,-0.00287319) (0,-0.00287319) 
776 (0,-0.00286949) (0,-0.00286949) 
777 (0,-0.0028658) (0,-0.0028658) 
778 (0,-0.00286212) (0,-0.00286212) 
779 (0,-0.00285845) (0,-0.00285845) 
780 (0,-0.00285479) (0,-0.00285479) 
781 (0,-0.00285113) (0,-0.00285113) 
782 (0,-0.00284749) (0,-0.00284749) 
783 (0,-0.00284385) (0,-0.00284385) 
784 (0,-0.00284023) (0,-0.00284023) 
785 (0,-0.00283661) (0,-0.00283661) 
786 (0,-0.00283301) (0,-0.00283301) 
787 (0,-0.00282941) (0,-0.00282941) 
788 (0,-0.00282582) (0,-0.00282582) 
789 (0,-0.00282224) (0,-0.00282224) 
790 (0,-0.00281867) (0,-0.00281867) 
791 (0,-0.00281511) (0,-0.00281511) 
792 (0,-0.00281156) (0,-0.00281156) 
793 (0,-0.00280802) (0,-0.00280802) 
794 (0,-0.00280448) (0,-0.00280448) 
795 (0,-0.00280096) (0,-0.00280096) 
796 (0,-0.00279744) (0,-0.00279744) 
797 (0,-0.00279393) (0,-0.00279393) 
798 (0,-0.00279043) (0,-0.00279043) 
799 (0,-0.00278694) (0,-0.00278694) 
800 (0,-0.00278346) (0,-0.00278346) 
801 (0,-0.00277999) (0,-0.00277999) 
802 (0,-0.00277652) (0,-0.00277652) 
803 (0,-0.00277307) (0,-0.00277307) 
804 (0,-0.00276962) (0,-0.00276962) 
805 (0,-0.00276618) (0,-0.00276618) 
806 (0,-0.00276275) (0,-0.00276275) 
807 (0,-0.00275933) (0,-0.00275933) 
808 (0,-0.00275592) (0,-0.00275592) 
809 (0,-0.00275251) (0,-0.00275251) 
810 (0,-0.00274912) (0,-0.00274912) 
811 (0,-0.00274573) (0,-0.00274573) 
812 (0,-0.00274235) (0,-0.00274235) 
813 (0,-0.00273898) (0,-0.00273898) 
814 (0,-0.00273562) (0,-0.00273562) 
815 (0,-0.00273226) (0,-0.00273226) 
816 (0,-0.00272892) (0,-0.00272892) 
817 (0,-0.00272558) (0,-0.00272558) 
818 (0,-0.00272225) (0,-0.00272225) 
819 (0,-0.00271893) (0,-0.00271893) 
820 (0,-0.00271561) (0,-0.00271561) 
821 (0,-0.00271231) (0,-0.00271231) 
822 (0,-0.00270901) (0,-0.00270901) 
823 (0,-0.00270572) (0,-0.00270572) 
824 (0,-0.00270244) (0,-0.00270244) 
825 (0,-0.00269917) (0,-0.00269917) 
826 (0,-0.0026959) (0,-0.0026959) 
827 (0,-0.00269264) (0,-0.00269264) 
828 (0,-0.00268939) (0,-0.00268939) 
829 (0,-0.00268615) (0,-0.00268615) 
830 (0,-0.00268292) (0,-0.00268292) 
831 (0,-0.00267969) (0,-0.00267969) 
832 (0,-0.00267647) (0,-0.00267647) 
833 (0,-0.00267326) (0,-0.00267326) 
834 (0,-0.00267006) (0,-0.00267006) 
835 (0,-0.00266686) (0,-0.00266686) 
836 (0,-0.00266367) (0,-0.00266367) 
837 (0,-0.00266049) (0,-0.00266049) 
838 (0,-0.00265732) (0,-0.00265732) 
839 (0,-0.00265415) (0,-0.00265415) 
840 (0,-0.002651) (0,-0.002651) 
841 (0,-0.00264784) (0,-0.00264784) 
842 (0,-0.0026447) (0,-0.0026447) 
843 (0,-0.00264157) (0,-0.00264157) 
844 (0,-0.00263844) (0,-0.00263844) 
845 (0,-0.00263532) (0,-0.00263532) 
846 (0,-0.0026322) (0,-0.0026322) 
847 (0,-0.0026291) (0,-0.0026291) 
848 (0,-0.002626) (0,-0.002626) 
849 (0,-0.00262291) (0,-0.00262291) 
850 (0,-0.00261983) (0,-0.00261983) 
851 (0,-0.00261675) (0,-0.00261675) 
852 (0,-0.00261368) (0,-0.00261368) 
853 (0,-0.00261062) (0,-0.00261062) 
854 (0,-0.00260756) (0,-0.00260756) 
855 (0,-0.00260451) (0,-0.00260451) 
856 (0,-0.00260147) (0,-0.00260147) 
857 (0,-0.00259844) (0,-0.00259844) 
858 (0,-0.00259541) (0,-0.00259541) 
859 (0,-0.00259239) (0,-0.00259239) 
860 (0,-0.00258938) (0,-0.00258938) 
861 (0,-0.00258637) (0,-0.00258637) 
862 (0,-0.00258338) (0,-0.00258338) 
863 (0,-0.00258038) (0,-0.00258038) 
864 (0,-0.0025774) (0,-0.0025774) 
865 (0,-0.00257442) (0,-0.00257442) 
866 (0,-0.00257145) (0,-0.00257145) 
867 (0,-0.00256849) (0,-0.00256849) 
868 (0,-0.00256553) (0,-0.00256553) 
869 (0,-0.00256258) (0,-0.00256258) 
870 (0,-0.00255963) (0,-0.00255963) 
871 (0,-0.0025567) (0,-0.0025567) 
872 (0,-0.00255377) (0,-0.00255377) 
873 (0,-0.00255084) (0,-0.00255084) 
874 (0,-0.00254793) (0,-0.00254793) 
875 (0,-0.00254502) (0,-0.00254502) 
876 (0,-0.00254211) (0,-0.00254211) 
877 (0,-0.00253922) (0,-0.00253922) 
878 (0,-0.00253633) (0,-0.00253633) 
879 (0,-0.00253344) (0,-0.00253344) 
880 (0,-0.00253056) (0,-0.00253056) 
881 (0,-0.00252769) (0,-0.00252769) 
882 (0,-0.00252483) (0,-0.00252483) 
883 (0,-0.00252197) (0,-0.00252197) 
884 (0,-0.00251912) (0,-0.00251912) 
885 (0,-0.00251628) (0,-0.00251628) 
886 (0,-0.00251344) (0,-0.00251344) 
887 (0,-0.00251061) (0,-0.00251061) 
888 (0,-0.00250778) (0,-0.00250778) 
889 (0,-0.00250496) (0,-0.00250496) 
890 (0,-0.00250215) (0,-0.00250215) 
891 (0,-0.00249934) (0,-0.00249934) 
892 (0,-0.00249654) (0,-0.00249654) 
893 (0,-0.00249375) (0,-0.00249375) 
894 (0,-0.00249096) (0,-0.00249096) 
895 (0,-0.00248818) (0,-0.00248818) 
896 (0,-0.0024854) (0,-0.0024854) 
897 (0,-0.00248263) (0,-0.00248263) 
898 (0,-0.00247987) (0,-0.00247987) 
899 (0,-0.00247711) (0,-0.00247711) 
900 (0,-0.00247436) (0,-0.00247436) 
901 (0,-0.00247162) (0,-0.00247162) 
902 (0,-0.00246888) (0,-0.00246888) 
903 (0,-0.00246615) (0,-0.00246615) 
904 (0,-0.00246342) (0,-0.00246342) 
905 (0,-0.0024607) (0,-0.0024607) 
906 (0,-0.00245798) (0,-0.00245798) 
907 (0,-0.00245528) (0,-0.00245528) 
908 (0,-0.00245257) (0,-0.00245257) 
909 (0,-0.00244988) (0,-0.00244988) 
910 (0,-0.00244719) (0,-0.00244719) 
911 (0,-0.0024445) (0,-0.0024445) 
912 (0,-0.00244182) (0,-0.00244182) 
913 (0,-0.00243915) (0,-0.00243915) 
914 (0,-0.00243648) (0,-0.00243648) 
915 (0,-0.00243382) (0,-0.00243382) 
916 (0,-0.00243116) (0,-0.00243116) 
917 (0,-0.00242852) (0,-0.00242852) 
918 (0,-0.00242587) (0,-0.00242587) 
919 (0,-0.00242323) (0,-0.00242323) 
920 (0,-0.0024206) (0,-0.0024206) 
921 (0,-0.00241797) (0,-0.00241797) 
922 (0,-0.00241535) (0,-0.00241535) 
923 (0,-0.00241274) (0,-0.00241274) 
924 (0,-0.00241013) (0,-0.00241013) 
925 (0,-0.00240752) (0,-0.00240752) 
926 (0,-0.00240492) (0,-0.00240492) 
927 (0,-0.00240233) (0,-0.00240233) 
928 (0,-0.00239974) (0,-0.00239974) 
929 (0,-0.00239716) (0,-0.00239716) 
930 (0,-0.00239459) (0,-0.00239459) 
931 (0,-0.00239202) (0,-0.00239202) 
932 (0,-0.00238945) (0,-0.00238945) 
933 (0,-0.00238689) (0,-0.00238689) 
934 (0,-0.00238434) (0,-0.00238434) 
935 (0,-0.00238179) (0,-0.00238179) 
936 (0,-0.00237924) (0,-0.00237924) 
937 (0,-0.00237671) (0,-0.00237671) 
938 (0,-0.00237417) (0,-0.00237417) 
939 (0,-0.00237165) (0,-0.00237165) 
940 (0,-0.00236913) (0,-0.00236913) 
941 (0,-0.00236661) (0,-0.00236661) 
942 (0,-0.0023641) (0,-0.0023641) 
943 (0,-0.00236159) (0,-0.00236159) 
944 (0,-0.00235909) (0,-0.00235909) 
945 (0,-0.0023566) (0,-0.0023566) 
946 (0,-0.00235411) (0,-0.00235411) 
947 (0,-0.00235162) (0,-0.00235162) 
948 (0,-0.00234914) (0,-0.00234914) 
949 (0,-0.00234667) (0,-0.00234667) 
950 (0,-0.0023442) (0,-0.0023442) 
951 (0,-0.00234174) (0,-0.00234174) 
952 (0,-0.00233928) (0,-0.00233928) 
953 (0,-0.00233683) (0,-0.00233683) 
954 (0,-0.00233438) (0,-0.00233438) 
955 (0,-0.00233193) (0,-0.00233193) 
956 (0,-0.0023295) (0,-0.0023295) 
957 (0,-0.00232706) (0,-0.00232706) 
958 (0,-0.00232464) (0,-0.00232464) 
959 (0,-0.00232221) (0,-0.00232221) 
960 (0,-0.0023198) (0,-0.0023198) 
961 (0,-0.00231738) (0,-0.00231738) 
962 (0,-0.00231497) (0,-0.00231497) 
963 (0,-0.00231257) (0,-0.00231257) 
964 (0,-0.00231017) (0,-0.00231017) 
965 (0,-0.00230778) (0,-0.00230778) 
966 (0,-0.00230539) (0,-0.00230539) 
967 (0,-0.00230301) (0,-0.00230301) 
968 (0,-0.00230063) (0,-0.00230063) 
969 (0,-0.00229826) (0,-0.00229826) 
970 (0,-0.00229589) (0,-0.00229589) 
971 (0,-0.00229353) (0,-0.00229353) 
972 (0,-0.00229117) (0,-0.00229117) 
973 (0,-0.00228882) (0,-0.00228882) 
974 (0,-0.00228647) (0,-0.00228647) 
975 (0,-0.00228412) (0,-0.00228412) 
976 (0,-0.00228179) (0,-0.00228179) 
977 (0,-0.00227945) (0,-0.00227945) 
978 (0,-0.00227712) (0,-0.00227712) 
979 (0,-0.0022748) (0,-0.0022748) 
980 (0,-0.00227248) (0,-0.00227248) 
981 (0,-0.00227016) (0,-0.00227016) 
982 (0,-0.00226785) (0,-0.00226785) 
983 (0,-0.00226554) (0,-0.00226554) 
984 (0,-0.00226324) (0,-0.00226324) 
985 (0,-0.00226095) (0,-0.00226095) 
986 (0,-0.00225866) (0,-0.00225866) 
987 (0,-0.00225637) (0,-0.00225637) 
988 (0,-0.00225409) (0,-0.00225409) 
989 (0,-0.00225181) (0,-0.00225181) 
990 (0,-0.00224953) (0,-0.00224953) 
991 (0,-0.00224727) (0,-0.00224727) 
992 (0,-0.002245) (0,-0.002245) 
993 (0,-0.00224274) (0,-0.00224274) 
994 (0,-0.00224049) (0,-0.00224049) 
995 (0,-0.00223824) (0,-0.00223824) 
996 (0,-0.00223599) (0,-0.00223599) 
997 (0,-0.00223375) (0,-0.00223375) 
998 (0,-0.00223151) (0,-0.00223151) 
999 (0,-0.00222928) (0,-0.00222928) 
