0 (0.130016,-0.972748) (-0.130016,-0.972748) 
1 (0.0510672,-0.538607) (-0.0510672,-0.538607) 
2 (0.0239433,-0.356042) (-0.0239433,-0.356042) 
3 (0.0133769,-0.262716) (-0.0133769,-0.262716) 
4 (0.00842724,-0.207297) (-0.00842724,-0.207297) 
5 (0.00576315,-0.170891) (-0.00576315,-0.170891) 
6 (0.00417839,-0.145241) (-0.00417839,-0.145241) 
7 (0.00316357,-0.12623) (-0.00316357,-0.12623) 
8 (0.00247626,-0.11159) (-0.00247626,-0.11159) 
9 (0.00198991,-0.0999767) (-0.00198991,-0.0999767) 
10 (0.00163345,-0.0905433) (-0.00163345,-0.0905433) 
11 (0.00136457,-0.0827306) (-0.00136457,-0.0827306) 
12 (0.00115684,-0.0761552) (-0.00115684,-0.0761552) 
13 (0.000993059,-0.0705455) (-0.000993059,-0.0705455) 
14 (0.000861685,-0.0657037) (-0.000861685,-0.0657037) 
15 (0.00075471,-0.0614826) (-0.00075471,-0.0614826) 
16 (0.000666457,-0.0577702) (-0.000666457,-0.0577702) 
17 (0.000592804,-0.05448) (-0.000592804,-0.05448) 
18 (0.000530704,-0.0515438) (-0.000530704,-0.0515438) 
19 (0.000477863,-0.0489075) (-0.000477863,-0.0489075) 
20 (0.000432531,-0.0465275) (-0.000432531,-0.0465275) 
21 (0.00039335,-0.0443681) (-0.00039335,-0.0443681) 
22 (0.000359257,-0.0424001) (-0.000359257,-0.0424001) 
23 (0.000329408,-0.0405991) (-0.000329408,-0.0405991) 
24 (0.000303128,-0.0389448) (-0.000303128,-0.0389448) 
25 (0.00027987,-0.0374199) (-0.00027987,-0.0374199) 
26 (0.000259187,-0.0360099) (-0.000259187,-0.0360099) 
27 (0.000240714,-0.0347021) (-0.000240714,-0.0347021) 
28 (0.000224147,-0.033486) (-0.000224147,-0.033486) 
29 (0.000209232,-0.0323522) (-0.000209232,-0.0323522) 
30 (0.000195757,-0.0312926) (-0.000195757,-0.0312926) 
31 (0.000183543,-0.0303002) (-0.000183543,-0.0303002) 
32 (0.000172436,-0.0293688) (-0.000172436,-0.0293688) 
33 (0.000162308,-0.0284929) (-0.000162308,-0.0284929) 
34 (0.000153046,-0.0276677) (-0.000153046,-0.0276677) 
35 (0.000144555,-0.0268889) (-0.000144555,-0.0268889) 
36 (0.000136751,-0.0261528) (-0.000136751,-0.0261528) 
37 (0.000129562,-0.0254559) (-0.000129562,-0.0254559) 
38 (0.000122925,-0.0247951) (-0.000122925,-0.0247951) 
39 (0.000116785,-0.0241678) (-0.000116785,-0.0241678) 
40 (0.000111094,-0.0235714) (-0.000111094,-0.0235714) 
41 (0.000105809,-0.0230038) (-0.000105809,-0.0230038) 
42 (0.000100892,-0.0224628) (-0.000100892,-0.0224628) 
43 (9.63102e-05,-0.0219467) (-9.63102e-05,-0.0219467) 
44 (9.20333e-05,-0.0214538) (-9.20333e-05,-0.0214538) 
45 (8.8035e-05,-0.0209825) (-8.8035e-05,-0.0209825) 
46 (8.42917e-05,-0.0205314) (-8.42917e-05,-0.0205314) 
47 (8.07821e-05,-0.0200994) (-8.07821e-05,-0.0200994) 
48 (7.74872e-05,-0.0196852) (-7.74872e-05,-0.0196852) 
49 (7.43898e-05,-0.0192876) (-7.43898e-05,-0.0192876) 
50 (7.14745e-05,-0.0189058) (-7.14745e-05,-0.0189058) 
51 (6.87272e-05,-0.0185389) (-6.87272e-05,-0.0185389) 
52 (6.61352e-05,-0.0181859) (-6.61352e-05,-0.0181859) 
53 (6.36872e-05,-0.0178461) (-6.36872e-05,-0.0178461) 
54 (6.13726e-05,-0.0175187) (-6.13726e-05,-0.0175187) 
55 (5.91819e-05,-0.0172032) (-5.91819e-05,-0.0172032) 
56 (5.71064e-05,-0.0168988) (-5.71064e-05,-0.0168988) 
57 (5.51382e-05,-0.016605) (-5.51382e-05,-0.016605) 
58 (5.327e-05,-0.0163212) (-5.327e-05,-0.0163212) 
59 (5.14952e-05,-0.016047) (-5.14952e-05,-0.016047) 
60 (4.98076e-05,-0.0157818) (-4.98076e-05,-0.0157818) 
61 (4.82016e-05,-0.0155253) (-4.82016e-05,-0.0155253) 
62 (4.6672e-05,-0.0152769) (-4.6672e-05,-0.0152769) 
63 (4.52141e-05,-0.0150364) (-4.52141e-05,-0.0150364) 
64 (4.38235e-05,-0.0148034) (-4.38235e-05,-0.0148034) 
65 (4.2496e-05,-0.0145774) (-4.2496e-05,-0.0145774) 
66 (4.12279e-05,-0.0143582) (-4.12279e-05,-0.0143582) 
67 (4.00158e-05,-0.0141456) (-4.00158e-05,-0.0141456) 
68 (3.88563e-05,-0.0139391) (-3.88563e-05,-0.0139391) 
69 (3.77465e-05,-0.0137386) (-3.77465e-05,-0.0137386) 
70 (3.66836e-05,-0.0135438) (-3.66836e-05,-0.0135438) 
71 (3.56649e-05,-0.0133544) (-3.56649e-05,-0.0133544) 
72 (3.46881e-05,-0.0131702) (-3.46881e-05,-0.0131702) 
73 (3.37509e-05,-0.0129911) (-3.37509e-05,-0.0129911) 
74 (3.28511e-05,-0.0128167) (-3.28511e-05,-0.0128167) 
75 (3.19869e-05,-0.012647) (-3.19869e-05,-0.012647) 
76 (3.11563e-05,-0.0124817) (-3.11563e-05,-0.0124817) 
77 (3.03576e-05,-0.0123207) (-3.03576e-05,-0.0123207) 
78 (2.95893e-05,-0.0121637) (-2.95893e-05,-0.0121637) 
79 (2.88497e-05,-0.0120108) (-2.88497e-05,-0.0120108) 
80 (2.81376e-05,-0.0118616) (-2.81376e-05,-0.0118616) 
81 (2.74515e-05,-0.0117161) (-2.74515e-05,-0.0117161) 
82 (2.67902e-05,-0.0115741) (-2.67902e-05,-0.0115741) 
83 (2.61524e-05,-0.0114355) (-2.61524e-05,-0.0114355) 
84 (2.55372e-05,-0.0113002) (-2.55372e-05,-0.0113002) 
85 (2.49435e-05,-0.011168) (-2.49435e-05,-0.011168) 
86 (2.43702e-05,-0.0110389) (-2.43702e-05,-0.0110389) 
87 (2.38164e-05,-0.0109128) (-2.38164e-05,-0.0109128) 
88 (2.32814e-05,-0.0107895) (-2.32814e-05,-0.0107895) 
89 (2.27641e-05,-0.0106689) (-2.27641e-05,-0.0106689) 
90 (2.22639e-05,-0.0105511) (-2.22639e-05,-0.0105511) 
91 (2.178e-05,-0.0104358) (-2.178e-05,-0.0104358) 
92 (2.13117e-05,-0.010323) (-2.13117e-05,-0.010323) 
93 (2.08583e-05,-0.0102126) (-2.08583e-05,-0.0102126) 
94 (2.04193e-05,-0.0101045) (-2.04193e-05,-0.0101045) 
95 (1.9994e-05,-0.00999872) (-1.9994e-05,-0.00999872) 
96 (1.95818e-05,-0.00989512) (-1.95818e-05,-0.00989512) 
97 (1.91822e-05,-0.00979364) (-1.91822e-05,-0.00979364) 
98 (1.87948e-05,-0.00969423) (-1.87948e-05,-0.00969423) 
99 (1.8419e-05,-0.00959681) (-1.8419e-05,-0.00959681) 
100 (1.80543e-05,-0.00950132) (-1.80543e-05,-0.00950132) 
101 (1.77003e-05,-0.00940772) (-1.77003e-05,-0.00940772) 
102 (1.73567e-05,-0.00931595) (-1.73567e-05,-0.00931595) 
103 (1.7023e-05,-0.00922595) (-1.7023e-05,-0.00922595) 
104 (1.66988e-05,-0.00913767) (-1.66988e-05,-0.00913767) 
105 (1.63837e-05,-0.00905107) (-1.63837e-05,-0.00905107) 
106 (1.60775e-05,-0.00896609) (-1.60775e-05,-0.00896609) 
107 (1.57799e-05,-0.00888269) (-1.57799e-05,-0.00888269) 
108 (1.54904e-05,-0.00880083) (-1.54904e-05,-0.00880083) 
109 (1.52088e-05,-0.00872046) (-1.52088e-05,-0.00872046) 
110 (1.49348e-05,-0.00864155) (-1.49348e-05,-0.00864155) 
111 (1.46681e-05,-0.00856405) (-1.46681e-05,-0.00856405) 
112 (1.44085e-05,-0.00848793) (-1.44085e-05,-0.00848793) 
113 (1.41558e-05,-0.00841316) (-1.41558e-05,-0.00841316) 
114 (1.39096e-05,-0.00833968) (-1.39096e-05,-0.00833968) 
115 (1.36698e-05,-0.00826748) (-1.36698e-05,-0.00826748) 
116 (1.34362e-05,-0.00819652) (-1.34362e-05,-0.00819652) 
117 (1.32085e-05,-0.00812677) (-1.32085e-05,-0.00812677) 
118 (1.29865e-05,-0.0080582) (-1.29865e-05,-0.0080582) 
119 (1.27701e-05,-0.00799077) (-1.27701e-05,-0.00799077) 
120 (1.2559e-05,-0.00792446) (-1.2559e-05,-0.00792446) 
121 (1.23532e-05,-0.00785924) (-1.23532e-05,-0.00785924) 
122 (1.21523e-05,-0.00779509) (-1.21523e-05,-0.00779509) 
123 (1.19564e-05,-0.00773197) (-1.19564e-05,-0.00773197) 
124 (1.17651e-05,-0.00766987) (-1.17651e-05,-0.00766987) 
125 (1.15783e-05,-0.00760876) (-1.15783e-05,-0.00760876) 
126 (1.1396e-05,-0.00754862) (-1.1396e-05,-0.00754862) 
127 (1.1218e-05,-0.00748942) (-1.1218e-05,-0.00748942) 
128 (1.10441e-05,-0.00743114) (-1.10441e-05,-0.00743114) 
129 (1.08742e-05,-0.00737376) (-1.08742e-05,-0.00737376) 
130 (1.07082e-05,-0.00731726) (-1.07082e-05,-0.00731726) 
131 (1.0546e-05,-0.00726162) (-1.0546e-05,-0.00726162) 
132 (1.03874e-05,-0.00720681) (-1.03874e-05,-0.00720681) 
133 (1.02324e-05,-0.00715283) (-1.02324e-05,-0.00715283) 
134 (1.00808e-05,-0.00709966) (-1.00808e-05,-0.00709966) 
135 (9.93255e-06,-0.00704726) (-9.93255e-06,-0.00704726) 
136 (9.78757e-06,-0.00699564) (-9.78757e-06,-0.00699564) 
137 (9.64573e-06,-0.00694476) (-9.64573e-06,-0.00694476) 
138 (9.50695e-06,-0.00689462) (-9.50695e-06,-0.00689462) 
139 (9.37115e-06,-0.0068452) (-9.37115e-06,-0.0068452) 
140 (9.23824e-06,-0.00679648) (-9.23824e-06,-0.00679648) 
141 (9.10813e-06,-0.00674845) (-9.10813e-06,-0.00674845) 
142 (8.98076e-06,-0.0067011) (-8.98076e-06,-0.0067011) 
143 (8.85604e-06,-0.0066544) (-8.85604e-06,-0.0066544) 
144 (8.73389e-06,-0.00660835) (-8.73389e-06,-0.00660835) 
145 (8.61426e-06,-0.00656294) (-8.61426e-06,-0.00656294) 
146 (8.49707e-06,-0.00651814) (-8.49707e-06,-0.00651814) 
147 (8.38225e-06,-0.00647395) (-8.38225e-06,-0.00647395) 
148 (8.26975e-06,-0.00643036) (-8.26975e-06,-0.00643036) 
149 (8.15949e-06,-0.00638735) (-8.15949e-06,-0.00638735) 
150 (8.05143e-06,-0.00634491) (-8.05143e-06,-0.00634491) 
151 (7.94549e-06,-0.00630303) (-7.94549e-06,-0.00630303) 
152 (7.84164e-06,-0.0062617) (-7.84164e-06,-0.0062617) 
153 (7.73981e-06,-0.00622091) (-7.73981e-06,-0.00622091) 
154 (7.63995e-06,-0.00618065) (-7.63995e-06,-0.00618065) 
155 (7.542e-06,-0.0061409) (-7.542e-06,-0.0061409) 
156 (7.44593e-06,-0.00610166) (-7.44593e-06,-0.00610166) 
157 (7.35169e-06,-0.00606293) (-7.35169e-06,-0.00606293) 
158 (7.25922e-06,-0.00602467) (-7.25922e-06,-0.00602467) 
159 (7.16849e-06,-0.0059869) (-7.16849e-06,-0.0059869) 
160 (7.07944e-06,-0.0059496) (-7.07944e-06,-0.0059496) 
161 (6.99205e-06,-0.00591277) (-6.99205e-06,-0.00591277) 
162 (6.90626e-06,-0.00587638) (-6.90626e-06,-0.00587638) 
163 (6.82204e-06,-0.00584044) (-6.82204e-06,-0.00584044) 
164 (6.73936e-06,-0.00580494) (-6.73936e-06,-0.00580494) 
165 (6.65816e-06,-0.00576986) (-6.65816e-06,-0.00576986) 
166 (6.57843e-06,-0.00573521) (-6.57843e-06,-0.00573521) 
167 (6.50012e-06,-0.00570097) (-6.50012e-06,-0.00570097) 
168 (6.4232e-06,-0.00566714) (-6.4232e-06,-0.00566714) 
169 (6.34764e-06,-0.00563371) (-6.34764e-06,-0.00563371) 
170 (6.2734e-06,-0.00560067) (-6.2734e-06,-0.00560067) 
171 (6.20046e-06,-0.00556801) (-6.20046e-06,-0.00556801) 
172 (6.12878e-06,-0.00553573) (-6.12878e-06,-0.00553573) 
173 (6.05834e-06,-0.00550383) (-6.05834e-06,-0.00550383) 
174 (5.9891e-06,-0.00547229) (-5.9891e-06,-0.00547229) 
175 (5.92105e-06,-0.00544111) (-5.92105e-06,-0.00544111) 
176 (5.85415e-06,-0.00541028) (-5.85415e-06,-0.00541028) 
177 (5.78838e-06,-0.0053798) (-5.78838e-06,-0.0053798) 
178 (5.7237e-06,-0.00534966) (-5.7237e-06,-0.00534966) 
179 (5.66011e-06,-0.00531986) (-5.66011e-06,-0.00531986) 
180 (5.59757e-06,-0.00529039) (-5.59757e-06,-0.00529039) 
181 (5.53606e-06,-0.00526124) (-5.53606e-06,-0.00526124) 
182 (5.47556e-06,-0.00523241) (-5.47556e-06,-0.00523241) 
183 (5.41605e-06,-0.0052039) (-5.41605e-06,-0.0052039) 
184 (5.3575e-06,-0.0051757) (-5.3575e-06,-0.0051757) 
185 (5.29989e-06,-0.0051478) (-5.29989e-06,-0.0051478) 
186 (5.24321e-06,-0.00512019) (-5.24321e-06,-0.00512019) 
187 (5.18744e-06,-0.00509289) (-5.18744e-06,-0.00509289) 
188 (5.13255e-06,-0.00506587) (-5.13255e-06,-0.00506587) 
189 (5.07852e-06,-0.00503914) (-5.07852e-06,-0.00503914) 
190 (5.02535e-06,-0.00501269) (-5.02535e-06,-0.00501269) 
191 (4.973e-06,-0.00498651) (-4.973e-06,-0.00498651) 
192 (4.92147e-06,-0.00496061) (-4.92147e-06,-0.00496061) 
193 (4.87074e-06,-0.00493497) (-4.87074e-06,-0.00493497) 
194 (4.82078e-06,-0.0049096) (-4.82078e-06,-0.0049096) 
195 (4.77159e-06,-0.00488449) (-4.77159e-06,-0.00488449) 
196 (4.72315e-06,-0.00485963) (-4.72315e-06,-0.00485963) 
197 (4.67544e-06,-0.00483503) (-4.67544e-06,-0.00483503) 
198 (4.62846e-06,-0.00481067) (-4.62846e-06,-0.00481067) 
199 (4.58217e-06,-0.00478656) (-4.58217e-06,-0.00478656) 
200 (4.53658e-06,-0.00476268) (-4.53658e-06,-0.00476268) 
201 (4.49167e-06,-0.00473905) (-4.49167e-06,-0.00473905) 
202 (4.44742e-06,-0.00471565) (-4.44742e-06,-0.00471565) 
203 (4.40382e-06,-0.00469247) (-4.40382e-06,-0.00469247) 
204 (4.36085e-06,-0.00466953) (-4.36085e-06,-0.00466953) 
205 (4.31852e-06,-0.00464681) (-4.31852e-06,-0.00464681) 
206 (4.27679e-06,-0.0046243) (-4.27679e-06,-0.0046243) 
207 (4.23567e-06,-0.00460202) (-4.23567e-06,-0.00460202) 
208 (4.19514e-06,-0.00457995) (-4.19514e-06,-0.00457995) 
209 (4.15519e-06,-0.00455809) (-4.15519e-06,-0.00455809) 
210 (4.11581e-06,-0.00453643) (-4.11581e-06,-0.00453643) 
211 (4.07698e-06,-0.00451498) (-4.07698e-06,-0.00451498) 
212 (4.0387e-06,-0.00449374) (-4.0387e-06,-0.00449374) 
213 (4.00095e-06,-0.00447269) (-4.00095e-06,-0.00447269) 
214 (3.96374e-06,-0.00445184) (-3.96374e-06,-0.00445184) 
215 (3.92704e-06,-0.00443118) (-3.92704e-06,-0.00443118) 
216 (3.89085e-06,-0.00441071) (-3.89085e-06,-0.00441071) 
217 (3.85515e-06,-0.00439044) (-3.85515e-06,-0.00439044) 
218 (3.81994e-06,-0.00437034) (-3.81994e-06,-0.00437034) 
219 (3.78522e-06,-0.00435043) (-3.78522e-06,-0.00435043) 
220 (3.75097e-06,-0.0043307) (-3.75097e-06,-0.0043307) 
221 (3.71717e-06,-0.00431115) (-3.71717e-06,-0.00431115) 
222 (3.68384e-06,-0.00429178) (-3.68384e-06,-0.00429178) 
223 (3.65095e-06,-0.00427257) (-3.65095e-06,-0.00427257) 
224 (3.61849e-06,-0.00425354) (-3.61849e-06,-0.00425354) 
225 (3.58647e-06,-0.00423468) (-3.58647e-06,-0.00423468) 
226 (3.55488e-06,-0.00421598) (-3.55488e-06,-0.00421598) 
227 (3.52369e-06,-0.00419745) (-3.52369e-06,-0.00419745) 
228 (3.49292e-06,-0.00417908) (-3.49292e-06,-0.00417908) 
229 (3.46255e-06,-0.00416087) (-3.46255e-06,-0.00416087) 
230 (3.43257e-06,-0.00414282) (-3.43257e-06,-0.00414282) 
231 (3.40298e-06,-0.00412493) (-3.40298e-06,-0.00412493) 
232 (3.37377e-06,-0.00410719) (-3.37377e-06,-0.00410719) 
233 (3.34494e-06,-0.0040896) (-3.34494e-06,-0.0040896) 
234 (3.31647e-06,-0.00407216) (-3.31647e-06,-0.00407216) 
235 (3.28836e-06,-0.00405487) (-3.28836e-06,-0.00405487) 
236 (3.26062e-06,-0.00403772) (-3.26062e-06,-0.00403772) 
237 (3.23322e-06,-0.00402072) (-3.23322e-06,-0.00402072) 
238 (3.20616e-06,-0.00400386) (-3.20616e-06,-0.00400386) 
239 (3.17944e-06,-0.00398715) (-3.17944e-06,-0.00398715) 
240 (3.15306e-06,-0.00397057) (-3.15306e-06,-0.00397057) 
241 (3.127e-06,-0.00395413) (-3.127e-06,-0.00395413) 
242 (3.10127e-06,-0.00393782) (-3.10127e-06,-0.00393782) 
243 (3.07585e-06,-0.00392165) (-3.07585e-06,-0.00392165) 
244 (3.05074e-06,-0.00390561) (-3.05074e-06,-0.00390561) 
245 (3.02594e-06,-0.0038897) (-3.02594e-06,-0.0038897) 
246 (3.00143e-06,-0.00387392) (-3.00143e-06,-0.00387392) 
247 (2.97723e-06,-0.00385827) (-2.97723e-06,-0.00385827) 
248 (2.95332e-06,-0.00384274) (-2.95332e-06,-0.00384274) 
249 (2.92969e-06,-0.00382734) (-2.92969e-06,-0.00382734) 
250 (2.90635e-06,-0.00381206) (-2.90635e-06,-0.00381206) 
251 (2.88328e-06,-0.00379691) (-2.88328e-06,-0.00379691) 
252 (2.86049e-06,-0.00378187) (-2.86049e-06,-0.00378187) 
253 (2.83797e-06,-0.00376695) (-2.83797e-06,-0.00376695) 
254 (2.81571e-06,-0.00375215) (-2.81571e-06,-0.00375215) 
255 (2.79371e-06,-0.00373747) (-2.79371e-06,-0.00373747) 
256 (2.77197e-06,-0.00372289) (-2.77197e-06,-0.00372289) 
257 (2.75048e-06,-0.00370844) (-2.75048e-06,-0.00370844) 
258 (2.72925e-06,-0.00369409) (-2.72925e-06,-0.00369409) 
259 (2.70825e-06,-0.00367986) (-2.70825e-06,-0.00367986) 
260 (2.6875e-06,-0.00366573) (-2.6875e-06,-0.00366573) 
261 (2.66698e-06,-0.00365171) (-2.66698e-06,-0.00365171) 
262 (2.6467e-06,-0.0036378) (-2.6467e-06,-0.0036378) 
263 (2.62665e-06,-0.003624) (-2.62665e-06,-0.003624) 
264 (2.60683e-06,-0.00361029) (-2.60683e-06,-0.00361029) 
265 (2.58723e-06,-0.0035967) (-2.58723e-06,-0.0035967) 
266 (2.56785e-06,-0.0035832) (-2.56785e-06,-0.0035832) 
267 (2.54869e-06,-0.00356981) (-2.54869e-06,-0.00356981) 
268 (2.52974e-06,-0.00355651) (-2.52974e-06,-0.00355651) 
269 (2.511e-06,-0.00354331) (-2.511e-06,-0.00354331) 
270 (2.49247e-06,-0.00353022) (-2.49247e-06,-0.00353022) 
271 (2.47414e-06,-0.00351721) (-2.47414e-06,-0.00351721) 
272 (2.45602e-06,-0.00350431) (-2.45602e-06,-0.00350431) 
273 (2.43809e-06,-0.00349149) (-2.43809e-06,-0.00349149) 
274 (2.42036e-06,-0.00347877) (-2.42036e-06,-0.00347877) 
275 (2.40282e-06,-0.00346615) (-2.40282e-06,-0.00346615) 
276 (2.38547e-06,-0.00345361) (-2.38547e-06,-0.00345361) 
277 (2.36831e-06,-0.00344117) (-2.36831e-06,-0.00344117) 
278 (2.35133e-06,-0.00342881) (-2.35133e-06,-0.00342881) 
279 (2.33454e-06,-0.00341654) (-2.33454e-06,-0.00341654) 
280 (2.31792e-06,-0.00340436) (-2.31792e-06,-0.00340436) 
281 (2.30149e-06,-0.00339227) (-2.30149e-06,-0.00339227) 
282 (2.28522e-06,-0.00338026) (-2.28522e-06,-0.00338026) 
283 (2.26913e-06,-0.00336834) (-2.26913e-06,-0.00336834) 
284 (2.2532e-06,-0.0033565) (-2.2532e-06,-0.0033565) 
285 (2.23745e-06,-0.00334474) (-2.23745e-06,-0.00334474) 
286 (2.22186e-06,-0.00333307) (-2.22186e-06,-0.00333307) 
287 (2.20643e-06,-0.00332147) (-2.20643e-06,-0.00332147) 
288 (2.19116e-06,-0.00330996) (-2.19116e-06,-0.00330996) 
289 (2.17605e-06,-0.00329853) (-2.17605e-06,-0.00329853) 
290 (2.16109e-06,-0.00328717) (-2.16109e-06,-0.00328717) 
291 (2.14629e-06,-0.0032759) (-2.14629e-06,-0.0032759) 
292 (2.13164e-06,-0.0032647) (-2.13164e-06,-0.0032647) 
293 (2.11714e-06,-0.00325357) (-2.11714e-06,-0.00325357) 
294 (2.10279e-06,-0.00324253) (-2.10279e-06,-0.00324253) 
295 (2.08858e-06,-0.00323155) (-2.08858e-06,-0.00323155) 
296 (2.07451e-06,-0.00322066) (-2.07451e-06,-0.00322066) 
297 (2.06059e-06,-0.00320983) (-2.06059e-06,-0.00320983) 
298 (2.04681e-06,-0.00319908) (-2.04681e-06,-0.00319908) 
299 (2.03316e-06,-0.0031884) (-2.03316e-06,-0.0031884) 
300 (2.01965e-06,-0.00317779) (-2.01965e-06,-0.00317779) 
301 (2.00628e-06,-0.00316725) (-2.00628e-06,-0.00316725) 
302 (1.99304e-06,-0.00315678) (-1.99304e-06,-0.00315678) 
303 (1.97993e-06,-0.00314637) (-1.97993e-06,-0.00314637) 
304 (1.96694e-06,-0.00313604) (-1.96694e-06,-0.00313604) 
305 (1.95409e-06,-0.00312578) (-1.95409e-06,-0.00312578) 
306 (1.94136e-06,-0.00311558) (-1.94136e-06,-0.00311558) 
307 (1.92875e-06,-0.00310545) (-1.92875e-06,-0.00310545) 
308 (1.91627e-06,-0.00309538) (-1.91627e-06,-0.00309538) 
309 (1.9039e-06,-0.00308538) (-1.9039e-06,-0.00308538) 
310 (1.89166e-06,-0.00307544) (-1.89166e-06,-0.00307544) 
311 (1.87953e-06,-0.00306557) (-1.87953e-06,-0.00306557) 
312 (1.86753e-06,-0.00305576) (-1.86753e-06,-0.00305576) 
313 (1.85563e-06,-0.00304601) (-1.85563e-06,-0.00304601) 
314 (1.84385e-06,-0.00303633) (-1.84385e-06,-0.00303633) 
315 (1.83218e-06,-0.0030267) (-1.83218e-06,-0.0030267) 
316 (1.82062e-06,-0.00301714) (-1.82062e-06,-0.00301714) 
317 (1.80917e-06,-0.00300764) (-1.80917e-06,-0.00300764) 
318 (1.79783e-06,-0.00299819) (-1.79783e-06,-0.00299819) 
319 (1.78659e-06,-0.00298881) (-1.78659e-06,-0.00298881) 
320 (1.77546e-06,-0.00297949) (-1.77546e-06,-0.00297949) 
321 (1.76443e-06,-0.00297022) (-1.76443e-06,-0.00297022) 
322 (1.75351e-06,-0.00296101) (-1.75351e-06,-0.00296101) 
323 (1.74268e-06,-0.00295186) (-1.74268e-06,-0.00295186) 
324 (1.73196e-06,-0.00294276) (-1.73196e-06,-0.00294276) 
325 (1.72133e-06,-0.00293372) (-1.72133e-06,-0.00293372) 
326 (1.71081e-06,-0.00292473) (-1.71081e-06,-0.00292473) 
327 (1.70037e-06,-0.0029158) (-1.70037e-06,-0.0029158) 
328 (1.69004e-06,-0.00290693) (-1.69004e-06,-0.00290693) 
329 (1.6798e-06,-0.0028981) (-1.6798e-06,-0.0028981) 
330 (1.66965e-06,-0.00288934) (-1.66965e-06,-0.00288934) 
331 (1.65959e-06,-0.00288062) (-1.65959e-06,-0.00288062) 
332 (1.64962e-06,-0.00287196) (-1.64962e-06,-0.00287196) 
333 (1.63974e-06,-0.00286334) (-1.63974e-06,-0.00286334) 
334 (1.62995e-06,-0.00285478) (-1.62995e-06,-0.00285478) 
335 (1.62025e-06,-0.00284628) (-1.62025e-06,-0.00284628) 
336 (1.61064e-06,-0.00283782) (-1.61064e-06,-0.00283782) 
337 (1.60111e-06,-0.00282941) (-1.60111e-06,-0.00282941) 
338 (1.59166e-06,-0.00282105) (-1.59166e-06,-0.00282105) 
339 (1.5823e-06,-0.00281274) (-1.5823e-06,-0.00281274) 
340 (1.57302e-06,-0.00280448) (-1.57302e-06,-0.00280448) 
341 (1.56382e-06,-0.00279627) (-1.56382e-06,-0.00279627) 
342 (1.5547e-06,-0.0027881) (-1.5547e-06,-0.0027881) 
343 (1.54566e-06,-0.00277999) (-1.54566e-06,-0.00277999) 
344 (1.5367e-06,-0.00277192) (-1.5367e-06,-0.00277192) 
345 (1.52782e-06,-0.00276389) (-1.52782e-06,-0.00276389) 
346 (1.51901e-06,-0.00275592) (-1.51901e-06,-0.00275592) 
347 (1.51028e-06,-0.00274799) (-1.51028e-06,-0.00274799) 
348 (1.50163e-06,-0.0027401) (-1.50163e-06,-0.0027401) 
349 (1.49305e-06,-0.00273226) (-1.49305e-06,-0.00273226) 
350 (1.48454e-06,-0.00272447) (-1.48454e-06,-0.00272447) 
351 (1.4761e-06,-0.00271672) (-1.4761e-06,-0.00271672) 
352 (1.46774e-06,-0.00270901) (-1.46774e-06,-0.00270901) 
353 (1.45945e-06,-0.00270135) (-1.45945e-06,-0.00270135) 
354 (1.45123e-06,-0.00269373) (-1.45123e-06,-0.00269373) 
355 (1.44307e-06,-0.00268615) (-1.44307e-06,-0.00268615) 
356 (1.43499e-06,-0.00267861) (-1.43499e-06,-0.00267861) 
357 (1.42697e-06,-0.00267112) (-1.42697e-06,-0.00267112) 
358 (1.41902e-06,-0.00266367) (-1.41902e-06,-0.00266367) 
359 (1.41114e-06,-0.00265626) (-1.41114e-06,-0.00265626) 
360 (1.40332e-06,-0.00264889) (-1.40332e-06,-0.00264889) 
361 (1.39557e-06,-0.00264157) (-1.39557e-06,-0.00264157) 
362 (1.38788e-06,-0.00263428) (-1.38788e-06,-0.00263428) 
363 (1.38025e-06,-0.00262703) (-1.38025e-06,-0.00262703) 
364 (1.37269e-06,-0.00261982) (-1.37269e-06,-0.00261982) 
365 (1.36519e-06,-0.00261266) (-1.36519e-06,-0.00261266) 
366 (1.35775e-06,-0.00260553) (-1.35775e-06,-0.00260553) 
367 (1.35037e-06,-0.00259844) (-1.35037e-06,-0.00259844) 
368 (1.34305e-06,-0.00259139) (-1.34305e-06,-0.00259139) 
369 (1.33579e-06,-0.00258437) (-1.33579e-06,-0.00258437) 
370 (1.32859e-06,-0.0025774) (-1.32859e-06,-0.0025774) 
371 (1.32145e-06,-0.00257046) (-1.32145e-06,-0.00257046) 
372 (1.31436e-06,-0.00256356) (-1.31436e-06,-0.00256356) 
373 (1.30734e-06,-0.0025567) (-1.30734e-06,-0.0025567) 
374 (1.30036e-06,-0.00254987) (-1.30036e-06,-0.00254987) 
375 (1.29345e-06,-0.00254308) (-1.29345e-06,-0.00254308) 
376 (1.28659e-06,-0.00253632) (-1.28659e-06,-0.00253632) 
377 (1.27978e-06,-0.00252961) (-1.27978e-06,-0.00252961) 
378 (1.27302e-06,-0.00252292) (-1.27302e-06,-0.00252292) 
379 (1.26632e-06,-0.00251628) (-1.26632e-06,-0.00251628) 
380 (1.25968e-06,-0.00250966) (-1.25968e-06,-0.00250966) 
381 (1.25308e-06,-0.00250308) (-1.25308e-06,-0.00250308) 
382 (1.24654e-06,-0.00249654) (-1.24654e-06,-0.00249654) 
383 (1.24005e-06,-0.00249003) (-1.24005e-06,-0.00249003) 
384 (1.2336e-06,-0.00248355) (-1.2336e-06,-0.00248355) 
385 (1.22721e-06,-0.00247711) (-1.22721e-06,-0.00247711) 
386 (1.22087e-06,-0.0024707) (-1.22087e-06,-0.0024707) 
387 (1.21458e-06,-0.00246433) (-1.21458e-06,-0.00246433) 
388 (1.20833e-06,-0.00245798) (-1.20833e-06,-0.00245798) 
389 (1.20214e-06,-0.00245167) (-1.20214e-06,-0.00245167) 
390 (1.19599e-06,-0.00244539) (-1.19599e-06,-0.00244539) 
391 (1.18989e-06,-0.00243915) (-1.18989e-06,-0.00243915) 
392 (1.18383e-06,-0.00243293) (-1.18383e-06,-0.00243293) 
393 (1.17782e-06,-0.00242675) (-1.17782e-06,-0.00242675) 
394 (1.17186e-06,-0.0024206) (-1.17186e-06,-0.0024206) 
395 (1.16594e-06,-0.00241448) (-1.16594e-06,-0.00241448) 
396 (1.16007e-06,-0.00240839) (-1.16007e-06,-0.00240839) 
397 (1.15424e-06,-0.00240233) (-1.15424e-06,-0.00240233) 
398 (1.14845e-06,-0.0023963) (-1.14845e-06,-0.0023963) 
399 (1.14271e-06,-0.0023903) (-1.14271e-06,-0.0023903) 
400 (1.13701e-06,-0.00238434) (-1.13701e-06,-0.00238434) 
401 (1.13135e-06,-0.0023784) (-1.13135e-06,-0.0023784) 
402 (1.12574e-06,-0.00237249) (-1.12574e-06,-0.00237249) 
403 (1.12016e-06,-0.00236661) (-1.12016e-06,-0.00236661) 
404 (1.11463e-06,-0.00236076) (-1.11463e-06,-0.00236076) 
405 (1.10914e-06,-0.00235494) (-1.10914e-06,-0.00235494) 
406 (1.10369e-06,-0.00234914) (-1.10369e-06,-0.00234914) 
407 (1.09828e-06,-0.00234338) (-1.09828e-06,-0.00234338) 
408 (1.09291e-06,-0.00233764) (-1.09291e-06,-0.00233764) 
409 (1.08758e-06,-0.00233193) (-1.08758e-06,-0.00233193) 
410 (1.08229e-06,-0.00232625) (-1.08229e-06,-0.00232625) 
411 (1.07703e-06,-0.0023206) (-1.07703e-06,-0.0023206) 
412 (1.07182e-06,-0.00231497) (-1.07182e-06,-0.00231497) 
413 (1.06664e-06,-0.00230938) (-1.06664e-06,-0.00230938) 
414 (1.0615e-06,-0.0023038) (-1.0615e-06,-0.0023038) 
415 (1.0564e-06,-0.00229826) (-1.0564e-06,-0.00229826) 
416 (1.05133e-06,-0.00229274) (-1.05133e-06,-0.00229274) 
417 (1.0463e-06,-0.00228725) (-1.0463e-06,-0.00228725) 
418 (1.04131e-06,-0.00228178) (-1.04131e-06,-0.00228178) 
419 (1.03635e-06,-0.00227635) (-1.03635e-06,-0.00227635) 
420 (1.03142e-06,-0.00227093) (-1.03142e-06,-0.00227093) 
421 (1.02654e-06,-0.00226554) (-1.02654e-06,-0.00226554) 
422 (1.02168e-06,-0.00226018) (-1.02168e-06,-0.00226018) 
423 (1.01686e-06,-0.00225485) (-1.01686e-06,-0.00225485) 
424 (1.01208e-06,-0.00224953) (-1.01208e-06,-0.00224953) 
425 (1.00733e-06,-0.00224425) (-1.00733e-06,-0.00224425) 
426 (1.00261e-06,-0.00223898) (-1.00261e-06,-0.00223898) 
427 (9.97923e-07,-0.00223375) (-9.97923e-07,-0.00223375) 
428 (9.93271e-07,-0.00222853) (-9.93271e-07,-0.00222853) 
429 (9.88651e-07,-0.00222335) (-9.88651e-07,-0.00222335) 
430 (9.84064e-07,-0.00221818) (-9.84064e-07,-0.00221818) 
431 (9.79508e-07,-0.00221304) (-9.79508e-07,-0.00221304) 
432 (9.74984e-07,-0.00220792) (-9.74984e-07,-0.00220792) 
433 (9.70491e-07,-0.00220283) (-9.70491e-07,-0.00220283) 
434 (9.66029e-07,-0.00219776) (-9.66029e-07,-0.00219776) 
435 (9.61597e-07,-0.00219271) (-9.61597e-07,-0.00219271) 
436 (9.57196e-07,-0.00218769) (-9.57196e-07,-0.00218769) 
437 (9.52826e-07,-0.00218269) (-9.52826e-07,-0.00218269) 
438 (9.48485e-07,-0.00217771) (-9.48485e-07,-0.00217771) 
439 (9.44174e-07,-0.00217276) (-9.44174e-07,-0.00217276) 
440 (9.39892e-07,-0.00216783) (-9.39892e-07,-0.00216783) 
441 (9.35639e-07,-0.00216292) (-9.35639e-07,-0.00216292) 
442 (9.31415e-07,-0.00215803) (-9.31415e-07,-0.00215803) 
443 (9.27219e-07,-0.00215316) (-9.27219e-07,-0.00215316) 
444 (9.23052e-07,-0.00214832) (-9.23052e-07,-0.00214832) 
445 (9.18913e-07,-0.0021435) (-9.18913e-07,-0.0021435) 
446 (9.14801e-07,-0.00213869) (-9.14801e-07,-0.00213869) 
447 (9.10717e-07,-0.00213392) (-9.10717e-07,-0.00213392) 
448 (9.06661e-07,-0.00212916) (-9.06661e-07,-0.00212916) 
449 (9.02631e-07,-0.00212442) (-9.02631e-07,-0.00212442) 
450 (8.98628e-07,-0.00211971) (-8.98628e-07,-0.00211971) 
451 (8.94652e-07,-0.00211501) (-8.94652e-07,-0.00211501) 
452 (8.90702e-07,-0.00211034) (-8.90702e-07,-0.00211034) 
453 (8.86779e-07,-0.00210568) (-8.86779e-07,-0.00210568) 
454 (8.82881e-07,-0.00210105) (-8.82881e-07,-0.00210105) 
455 (8.79008e-07,-0.00209644) (-8.79008e-07,-0.00209644) 
456 (8.75162e-07,-0.00209185) (-8.75162e-07,-0.00209185) 
457 (8.7134e-07,-0.00208727) (-8.7134e-07,-0.00208727) 
458 (8.67543e-07,-0.00208272) (-8.67543e-07,-0.00208272) 
459 (8.63771e-07,-0.00207819) (-8.63771e-07,-0.00207819) 
460 (8.60024e-07,-0.00207368) (-8.60024e-07,-0.00207368) 
461 (8.56301e-07,-0.00206918) (-8.56301e-07,-0.00206918) 
462 (8.52602e-07,-0.00206471) (-8.52602e-07,-0.00206471) 
463 (8.48927e-07,-0.00206025) (-8.48927e-07,-0.00206025) 
464 (8.45276e-07,-0.00205582) (-8.45276e-07,-0.00205582) 
465 (8.41648e-07,-0.0020514) (-8.41648e-07,-0.0020514) 
466 (8.38044e-07,-0.002047) (-8.38044e-07,-0.002047) 
467 (8.34462e-07,-0.00204263) (-8.34462e-07,-0.00204263) 
468 (8.30904e-07,-0.00203827) (-8.30904e-07,-0.00203827) 
469 (8.27368e-07,-0.00203392) (-8.27368e-07,-0.00203392) 
470 (8.23855e-07,-0.0020296) (-8.23855e-07,-0.0020296) 
471 (8.20364e-07,-0.0020253) (-8.20364e-07,-0.0020253) 
472 (8.16895e-07,-0.00202101) (-8.16895e-07,-0.00202101) 
473 (8.13449e-07,-0.00201674) (-8.13449e-07,-0.00201674) 
474 (8.10023e-07,-0.00201249) (-8.10023e-07,-0.00201249) 
475 (8.0662e-07,-0.00200826) (-8.0662e-07,-0.00200826) 
476 (8.03238e-07,-0.00200405) (-8.03238e-07,-0.00200405) 
477 (7.99877e-07,-0.00199985) (-7.99877e-07,-0.00199985) 
478 (7.96537e-07,-0.00199567) (-7.96537e-07,-0.00199567) 
479 (7.93219e-07,-0.00199151) (-7.93219e-07,-0.00199151) 
480 (7.8992e-07,-0.00198736) (-7.8992e-07,-0.00198736) 
481 (7.86643e-07,-0.00198323) (-7.86643e-07,-0.00198323) 
482 (7.83385e-07,-0.00197912) (-7.83385e-07,-0.00197912) 
483 (7.80148e-07,-0.00197503) (-7.80148e-07,-0.00197503) 
484 (7.76931e-07,-0.00197095) (-7.76931e-07,-0.00197095) 
485 (7.73734e-07,-0.0019669) (-7.73734e-07,-0.0019669) 
486 (7.70557e-07,-0.00196285) (-7.70557e-07,-0.00196285) 
487 (7.67399e-07,-0.00195883) (-7.67399e-07,-0.00195883) 
488 (7.6426e-07,-0.00195482) (-7.6426e-07,-0.00195482) 
489 (7.6114e-07,-0.00195082) (-7.6114e-07,-0.00195082) 
490 (7.5804e-07,-0.00194685) (-7.5804e-07,-0.00194685) 
491 (7.54959e-07,-0.00194288) (-7.54959e-07,-0.00194288) 
492 (7.51896e-07,-0.00193894) (-7.51896e-07,-0.00193894) 
493 (7.48852e-07,-0.00193501) (-7.48852e-07,-0.00193501) 
494 (7.45826e-07,-0.0019311) (-7.45826e-07,-0.0019311) 
495 (7.42819e-07,-0.0019272) (-7.42819e-07,-0.0019272) 
496 (7.3983e-07,-0.00192332) (-7.3983e-07,-0.00192332) 
497 (7.36859e-07,-0.00191945) (-7.36859e-07,-0.00191945) 
498 (7.33905e-07,-0.0019156) (-7.33905e-07,-0.0019156) 
499 (7.3097e-07,-0.00191177) (-7.3097e-07,-0.00191177) 
500 (7.28052e-07,-0.00190795) (-7.28052e-07,-0.00190795) 
501 (7.25151e-07,-0.00190414) (-7.25151e-07,-0.00190414) 
502 (7.22268e-07,-0.00190035) (-7.22268e-07,-0.00190035) 
503 (7.19402e-07,-0.00189658) (-7.19402e-07,-0.00189658) 
504 (7.16553e-07,-0.00189282) (-7.16553e-07,-0.00189282) 
505 (7.1372e-07,-0.00188908) (-7.1372e-07,-0.00188908) 
506 (7.10905e-07,-0.00188535) (-7.10905e-07,-0.00188535) 
507 (7.08106e-07,-0.00188163) (-7.08106e-07,-0.00188163) 
508 (7.05324e-07,-0.00187793) (-7.05324e-07,-0.00187793) 
509 (7.02558e-07,-0.00187425) (-7.02558e-07,-0.00187425) 
510 (6.99808e-07,-0.00187057) (-6.99808e-07,-0.00187057) 
511 (6.97074e-07,-0.00186692) (-6.97074e-07,-0.00186692) 
512 (6.94357e-07,-0.00186327) (-6.94357e-07,-0.00186327) 
513 (6.91655e-07,-0.00185965) (-6.91655e-07,-0.00185965) 
514 (6.88969e-07,-0.00185603) (-6.88969e-07,-0.00185603) 
515 (6.86299e-07,-0.00185243) (-6.86299e-07,-0.00185243) 
516 (6.83644e-07,-0.00184884) (-6.83644e-07,-0.00184884) 
517 (6.81004e-07,-0.00184527) (-6.81004e-07,-0.00184527) 
518 (6.7838e-07,-0.00184171) (-6.7838e-07,-0.00184171) 
519 (6.75771e-07,-0.00183817) (-6.75771e-07,-0.00183817) 
520 (6.73177e-07,-0.00183464) (-6.73177e-07,-0.00183464) 
521 (6.70597e-07,-0.00183112) (-6.70597e-07,-0.00183112) 
522 (6.68033e-07,-0.00182761) (-6.68033e-07,-0.00182761) 
523 (6.65483e-07,-0.00182412) (-6.65483e-07,-0.00182412) 
524 (6.62948e-07,-0.00182064) (-6.62948e-07,-0.00182064) 
525 (6.60427e-07,-0.00181718) (-6.60427e-07,-0.00181718) 
526 (6.57921e-07,-0.00181373) (-6.57921e-07,-0.00181373) 
527 (6.55429e-07,-0.00181029) (-6.55429e-07,-0.00181029) 
528 (6.52951e-07,-0.00180686) (-6.52951e-07,-0.00180686) 
529 (6.50487e-07,-0.00180345) (-6.50487e-07,-0.00180345) 
530 (6.48037e-07,-0.00180005) (-6.48037e-07,-0.00180005) 
531 (6.45601e-07,-0.00179667) (-6.45601e-07,-0.00179667) 
532 (6.43178e-07,-0.00179329) (-6.43178e-07,-0.00179329) 
533 (6.40769e-07,-0.00178993) (-6.40769e-07,-0.00178993) 
534 (6.38374e-07,-0.00178658) (-6.38374e-07,-0.00178658) 
535 (6.35992e-07,-0.00178325) (-6.35992e-07,-0.00178325) 
536 (6.33623e-07,-0.00177992) (-6.33623e-07,-0.00177992) 
537 (6.31268e-07,-0.00177661) (-6.31268e-07,-0.00177661) 
538 (6.28926e-07,-0.00177331) (-6.28926e-07,-0.00177331) 
539 (6.26596e-07,-0.00177002) (-6.26596e-07,-0.00177002) 
540 (6.2428e-07,-0.00176675) (-6.2428e-07,-0.00176675) 
541 (6.21976e-07,-0.00176349) (-6.21976e-07,-0.00176349) 
542 (6.19685e-07,-0.00176024) (-6.19685e-07,-0.00176024) 
543 (6.17407e-07,-0.001757) (-6.17407e-07,-0.001757) 
544 (6.15141e-07,-0.00175377) (-6.15141e-07,-0.00175377) 
545 (6.12888e-07,-0.00175056) (-6.12888e-07,-0.00175056) 
546 (6.10647e-07,-0.00174735) (-6.10647e-07,-0.00174735) 
547 (6.08419e-07,-0.00174416) (-6.08419e-07,-0.00174416) 
548 (6.06202e-07,-0.00174098) (-6.06202e-07,-0.00174098) 
549 (6.03998e-07,-0.00173781) (-6.03998e-07,-0.00173781) 
550 (6.01805e-07,-0.00173466) (-6.01805e-07,-0.00173466) 
551 (5.99625e-07,-0.00173151) (-5.99625e-07,-0.00173151) 
552 (5.97456e-07,-0.00172838) (-5.97456e-07,-0.00172838) 
553 (5.953e-07,-0.00172525) (-5.953e-07,-0.00172525) 
554 (5.93154e-07,-0.00172214) (-5.93154e-07,-0.00172214) 
555 (5.91021e-07,-0.00171904) (-5.91021e-07,-0.00171904) 
556 (5.88899e-07,-0.00171595) (-5.88899e-07,-0.00171595) 
557 (5.86788e-07,-0.00171288) (-5.86788e-07,-0.00171288) 
558 (5.84688e-07,-0.00170981) (-5.84688e-07,-0.00170981) 
559 (5.826e-07,-0.00170675) (-5.826e-07,-0.00170675) 
560 (5.80523e-07,-0.00170371) (-5.80523e-07,-0.00170371) 
561 (5.78457e-07,-0.00170067) (-5.78457e-07,-0.00170067) 
562 (5.76402e-07,-0.00169765) (-5.76402e-07,-0.00169765) 
563 (5.74358e-07,-0.00169464) (-5.74358e-07,-0.00169464) 
564 (5.72325e-07,-0.00169164) (-5.72325e-07,-0.00169164) 
565 (5.70303e-07,-0.00168864) (-5.70303e-07,-0.00168864) 
566 (5.68291e-07,-0.00168566) (-5.68291e-07,-0.00168566) 
567 (5.6629e-07,-0.00168269) (-5.6629e-07,-0.00168269) 
568 (5.643e-07,-0.00167973) (-5.643e-07,-0.00167973) 
569 (5.6232e-07,-0.00167678) (-5.6232e-07,-0.00167678) 
570 (5.6035e-07,-0.00167384) (-5.6035e-07,-0.00167384) 
571 (5.58391e-07,-0.00167092) (-5.58391e-07,-0.00167092) 
572 (5.56442e-07,-0.001668) (-5.56442e-07,-0.001668) 
573 (5.54503e-07,-0.00166509) (-5.54503e-07,-0.00166509) 
574 (5.52575e-07,-0.00166219) (-5.52575e-07,-0.00166219) 
575 (5.50656e-07,-0.0016593) (-5.50656e-07,-0.0016593) 
576 (5.48747e-07,-0.00165642) (-5.48747e-07,-0.00165642) 
577 (5.46848e-07,-0.00165356) (-5.46848e-07,-0.00165356) 
578 (5.44959e-07,-0.0016507) (-5.44959e-07,-0.0016507) 
579 (5.4308e-07,-0.00164785) (-5.4308e-07,-0.00164785) 
580 (5.41211e-07,-0.00164501) (-5.41211e-07,-0.00164501) 
581 (5.39351e-07,-0.00164218) (-5.39351e-07,-0.00164218) 
582 (5.37501e-07,-0.00163936) (-5.37501e-07,-0.00163936) 
583 (5.3566e-07,-0.00163655) (-5.3566e-07,-0.00163655) 
584 (5.33829e-07,-0.00163375) (-5.33829e-07,-0.00163375) 
585 (5.32007e-07,-0.00163096) (-5.32007e-07,-0.00163096) 
586 (5.30194e-07,-0.00162818) (-5.30194e-07,-0.00162818) 
587 (5.28391e-07,-0.00162541) (-5.28391e-07,-0.00162541) 
588 (5.26597e-07,-0.00162265) (-5.26597e-07,-0.00162265) 
589 (5.24812e-07,-0.0016199) (-5.24812e-07,-0.0016199) 
590 (5.23036e-07,-0.00161715) (-5.23036e-07,-0.00161715) 
591 (5.21269e-07,-0.00161442) (-5.21269e-07,-0.00161442) 
592 (5.1951e-07,-0.00161169) (-5.1951e-07,-0.00161169) 
593 (5.17761e-07,-0.00160898) (-5.17761e-07,-0.00160898) 
594 (5.16021e-07,-0.00160627) (-5.16021e-07,-0.00160627) 
595 (5.14289e-07,-0.00160357) (-5.14289e-07,-0.00160357) 
596 (5.12566e-07,-0.00160089) (-5.12566e-07,-0.00160089) 
597 (5.10852e-07,-0.00159821) (-5.10852e-07,-0.00159821) 
598 (5.09146e-07,-0.00159554) (-5.09146e-07,-0.00159554) 
599 (5.07449e-07,-0.00159287) (-5.07449e-07,-0.00159287) 
600 (5.05761e-07,-0.00159022) (-5.05761e-07,-0.00159022) 
601 (5.0408e-07,-0.00158758) (-5.0408e-07,-0.00158758) 
602 (5.02408e-07,-0.00158494) (-5.02408e-07,-0.00158494) 
603 (5.00745e-07,-0.00158232) (-5.00745e-07,-0.00158232) 
604 (4.9909e-07,-0.0015797) (-4.9909e-07,-0.0015797) 
605 (4.97442e-07,-0.00157709) (-4.97442e-07,-0.00157709) 
606 (4.95803e-07,-0.00157449) (-4.95803e-07,-0.00157449) 
607 (4.94172e-07,-0.0015719) (-4.94172e-07,-0.0015719) 
608 (4.9255e-07,-0.00156932) (-4.9255e-07,-0.00156932) 
609 (4.90935e-07,-0.00156674) (-4.90935e-07,-0.00156674) 
610 (4.89328e-07,-0.00156417) (-4.89328e-07,-0.00156417) 
611 (4.87729e-07,-0.00156162) (-4.87729e-07,-0.00156162) 
612 (4.86137e-07,-0.00155907) (-4.86137e-07,-0.00155907) 
613 (4.84554e-07,-0.00155653) (-4.84554e-07,-0.00155653) 
614 (4.82978e-07,-0.00155399) (-4.82978e-07,-0.00155399) 
615 (4.8141e-07,-0.00155147) (-4.8141e-07,-0.00155147) 
616 (4.79849e-07,-0.00154895) (-4.79849e-07,-0.00154895) 
617 (4.78297e-07,-0.00154644) (-4.78297e-07,-0.00154644) 
618 (4.76751e-07,-0.00154394) (-4.76751e-07,-0.00154394) 
619 (4.75213e-07,-0.00154145) (-4.75213e-07,-0.00154145) 
620 (4.73683e-07,-0.00153897) (-4.73683e-07,-0.00153897) 
621 (4.7216e-07,-0.00153649) (-4.7216e-07,-0.00153649) 
622 (4.70644e-07,-0.00153402) (-4.70644e-07,-0.00153402) 
623 (4.69135e-07,-0.00153156) (-4.69135e-07,-0.00153156) 
624 (4.67634e-07,-0.00152911) (-4.67634e-07,-0.00152911) 
625 (4.6614e-07,-0.00152666) (-4.6614e-07,-0.00152666) 
626 (4.64653e-07,-0.00152423) (-4.64653e-07,-0.00152423) 
627 (4.63174e-07,-0.0015218) (-4.63174e-07,-0.0015218) 
628 (4.61701e-07,-0.00151938) (-4.61701e-07,-0.00151938) 
629 (4.60235e-07,-0.00151696) (-4.60235e-07,-0.00151696) 
630 (4.58776e-07,-0.00151456) (-4.58776e-07,-0.00151456) 
631 (4.57325e-07,-0.00151216) (-4.57325e-07,-0.00151216) 
632 (4.5588e-07,-0.00150977) (-4.5588e-07,-0.00150977) 
633 (4.54442e-07,-0.00150739) (-4.54442e-07,-0.00150739) 
634 (4.5301e-07,-0.00150501) (-4.5301e-07,-0.00150501) 
635 (4.51586e-07,-0.00150264) (-4.51586e-07,-0.00150264) 
636 (4.50168e-07,-0.00150028) (-4.50168e-07,-0.00150028) 
637 (4.48757e-07,-0.00149793) (-4.48757e-07,-0.00149793) 
638 (4.47352e-07,-0.00149558) (-4.47352e-07,-0.00149558) 
639 (4.45954e-07,-0.00149324) (-4.45954e-07,-0.00149324) 
640 (4.44563e-07,-0.00149091) (-4.44563e-07,-0.00149091) 
641 (4.43178e-07,-0.00148859) (-4.43178e-07,-0.00148859) 
642 (4.41799e-07,-0.00148627) (-4.41799e-07,-0.00148627) 
643 (4.40427e-07,-0.00148396) (-4.40427e-07,-0.00148396) 
644 (4.39062e-07,-0.00148166) (-4.39062e-07,-0.00148166) 
645 (4.37702e-07,-0.00147936) (-4.37702e-07,-0.00147936) 
646 (4.36349e-07,-0.00147707) (-4.36349e-07,-0.00147707) 
647 (4.35003e-07,-0.00147479) (-4.35003e-07,-0.00147479) 
648 (4.33662e-07,-0.00147252) (-4.33662e-07,-0.00147252) 
649 (4.32328e-07,-0.00147025) (-4.32328e-07,-0.00147025) 
650 (4.30999e-07,-0.00146799) (-4.30999e-07,-0.00146799) 
651 (4.29677e-07,-0.00146574) (-4.29677e-07,-0.00146574) 
652 (4.28361e-07,-0.00146349) (-4.28361e-07,-0.00146349) 
653 (4.27051e-07,-0.00146125) (-4.27051e-07,-0.00146125) 
654 (4.25747e-07,-0.00145902) (-4.25747e-07,-0.00145902) 
655 (4.24449e-07,-0.00145679) (-4.24449e-07,-0.00145679) 
656 (4.23157e-07,-0.00145458) (-4.23157e-07,-0.00145458) 
657 (4.21871e-07,-0.00145236) (-4.21871e-07,-0.00145236) 
658 (4.20591e-07,-0.00145016) (-4.20591e-07,-0.00145016) 
659 (4.19316e-07,-0.00144796) (-4.19316e-07,-0.00144796) 
660 (4.18048e-07,-0.00144577) (-4.18048e-07,-0.00144577) 
661 (4.16785e-07,-0.00144358) (-4.16785e-07,-0.00144358) 
662 (4.15527e-07,-0.0014414) (-4.15527e-07,-0.0014414) 
663 (4.14276e-07,-0.00143923) (-4.14276e-07,-0.00143923) 
664 (4.1303e-07,-0.00143706) (-4.1303e-07,-0.00143706) 
665 (4.11789e-07,-0.0014349) (-4.11789e-07,-0.0014349) 
666 (4.10555e-07,-0.00143275) (-4.10555e-07,-0.00143275) 
667 (4.09326e-07,-0.0014306) (-4.09326e-07,-0.0014306) 
668 (4.08102e-07,-0.00142846) (-4.08102e-07,-0.00142846) 
669 (4.06884e-07,-0.00142633) (-4.06884e-07,-0.00142633) 
670 (4.05671e-07,-0.0014242) (-4.05671e-07,-0.0014242) 
671 (4.04464e-07,-0.00142208) (-4.04464e-07,-0.00142208) 
672 (4.03262e-07,-0.00141997) (-4.03262e-07,-0.00141997) 
673 (4.02065e-07,-0.00141786) (-4.02065e-07,-0.00141786) 
674 (4.00874e-07,-0.00141576) (-4.00874e-07,-0.00141576) 
675 (3.99688e-07,-0.00141366) (-3.99688e-07,-0.00141366) 
676 (3.98507e-07,-0.00141157) (-3.98507e-07,-0.00141157) 
677 (3.97331e-07,-0.00140949) (-3.97331e-07,-0.00140949) 
678 (3.96161e-07,-0.00140741) (-3.96161e-07,-0.00140741) 
679 (3.94996e-07,-0.00140534) (-3.94996e-07,-0.00140534) 
680 (3.93836e-07,-0.00140328) (-3.93836e-07,-0.00140328) 
681 (3.92681e-07,-0.00140122) (-3.92681e-07,-0.00140122) 
682 (3.91531e-07,-0.00139916) (-3.91531e-07,-0.00139916) 
683 (3.90386e-07,-0.00139712) (-3.90386e-07,-0.00139712) 
684 (3.89246e-07,-0.00139507) (-3.89246e-07,-0.00139507) 
685 (3.88112e-07,-0.00139304) (-3.88112e-07,-0.00139304) 
686 (3.86982e-07,-0.00139101) (-3.86982e-07,-0.00139101) 
687 (3.85857e-07,-0.00138899) (-3.85857e-07,-0.00138899) 
688 (3.84737e-07,-0.00138697) (-3.84737e-07,-0.00138697) 
689 (3.83621e-07,-0.00138496) (-3.83621e-07,-0.00138496) 
690 (3.82511e-07,-0.00138295) (-3.82511e-07,-0.00138295) 
691 (3.81406e-07,-0.00138095) (-3.81406e-07,-0.00138095) 
692 (3.80305e-07,-0.00137896) (-3.80305e-07,-0.00137896) 
693 (3.79209e-07,-0.00137697) (-3.79209e-07,-0.00137697) 
694 (3.78118e-07,-0.00137499) (-3.78118e-07,-0.00137499) 
695 (3.77031e-07,-0.00137301) (-3.77031e-07,-0.00137301) 
696 (3.75949e-07,-0.00137104) (-3.75949e-07,-0.00137104) 
697 (3.74872e-07,-0.00136907) (-3.74872e-07,-0.00136907) 
698 (3.73799e-07,-0.00136711) (-3.73799e-07,-0.00136711) 
699 (3.72731e-07,-0.00136516) (-3.72731e-07,-0.00136516) 
700 (3.71668e-07,-0.00136321) (-3.71668e-07,-0.00136321) 
701 (3.70609e-07,-0.00136127) (-3.70609e-07,-0.00136127) 
702 (3.69555e-07,-0.00135933) (-3.69555e-07,-0.00135933) 
703 (3.68505e-07,-0.0013574) (-3.68505e-07,-0.0013574) 
704 (3.6746e-07,-0.00135547) (-3.6746e-07,-0.00135547) 
705 (3.66419e-07,-0.00135355) (-3.66419e-07,-0.00135355) 
706 (3.65382e-07,-0.00135163) (-3.65382e-07,-0.00135163) 
707 (3.6435e-07,-0.00134972) (-3.6435e-07,-0.00134972) 
708 (3.63322e-07,-0.00134782) (-3.63322e-07,-0.00134782) 
709 (3.62299e-07,-0.00134592) (-3.62299e-07,-0.00134592) 
710 (3.6128e-07,-0.00134402) (-3.6128e-07,-0.00134402) 
711 (3.60265e-07,-0.00134213) (-3.60265e-07,-0.00134213) 
712 (3.59254e-07,-0.00134025) (-3.59254e-07,-0.00134025) 
713 (3.58248e-07,-0.00133837) (-3.58248e-07,-0.00133837) 
714 (3.57246e-07,-0.0013365) (-3.57246e-07,-0.0013365) 
715 (3.56248e-07,-0.00133463) (-3.56248e-07,-0.00133463) 
716 (3.55254e-07,-0.00133277) (-3.55254e-07,-0.00133277) 
717 (3.54265e-07,-0.00133091) (-3.54265e-07,-0.00133091) 
718 (3.53279e-07,-0.00132906) (-3.53279e-07,-0.00132906) 
719 (3.52298e-07,-0.00132721) (-3.52298e-07,-0.00132721) 
720 (3.51321e-07,-0.00132537) (-3.51321e-07,-0.00132537) 
721 (3.50347e-07,-0.00132353) (-3.50347e-07,-0.00132353) 
722 (3.49378e-07,-0.0013217) (-3.49378e-07,-0.0013217) 
723 (3.48413e-07,-0.00131987) (-3.48413e-07,-0.00131987) 
724 (3.47452e-07,-0.00131805) (-3.47452e-07,-0.00131805) 
725 (3.46495e-07,-0.00131624) (-3.46495e-07,-0.00131624) 
726 (3.45542e-07,-0.00131442) (-3.45542e-07,-0.00131442) 
727 (3.44592e-07,-0.00131262) (-3.44592e-07,-0.00131262) 
728 (3.43647e-07,-0.00131082) (-3.43647e-07,-0.00131082) 
729 (3.42705e-07,-0.00130902) (-3.42705e-07,-0.00130902) 
730 (3.41768e-07,-0.00130723) (-3.41768e-07,-0.00130723) 
731 (3.40834e-07,-0.00130544) (-3.40834e-07,-0.00130544) 
732 (3.39904e-07,-0.00130366) (-3.39904e-07,-0.00130366) 
733 (3.38978e-07,-0.00130188) (-3.38978e-07,-0.00130188) 
734 (3.38056e-07,-0.00130011) (-3.38056e-07,-0.00130011) 
735 (3.37137e-07,-0.00129834) (-3.37137e-07,-0.00129834) 
736 (3.36222e-07,-0.00129658) (-3.36222e-07,-0.00129658) 
737 (3.35311e-07,-0.00129482) (-3.35311e-07,-0.00129482) 
738 (3.34403e-07,-0.00129307) (-3.34403e-07,-0.00129307) 
739 (3.335e-07,-0.00129132) (-3.335e-07,-0.00129132) 
740 (3.32599e-07,-0.00128957) (-3.32599e-07,-0.00128957) 
741 (3.31703e-07,-0.00128783) (-3.31703e-07,-0.00128783) 
742 (3.3081e-07,-0.0012861) (-3.3081e-07,-0.0012861) 
743 (3.29921e-07,-0.00128437) (-3.29921e-07,-0.00128437) 
744 (3.29035e-07,-0.00128264) (-3.29035e-07,-0.00128264) 
745 (3.28153e-07,-0.00128092) (-3.28153e-07,-0.00128092) 
746 (3.27274e-07,-0.00127921) (-3.27274e-07,-0.00127921) 
747 (3.26399e-07,-0.0012775) (-3.26399e-07,-0.0012775) 
748 (3.25528e-07,-0.00127579) (-3.25528e-07,-0.00127579) 
749 (3.2466e-07,-0.00127409) (-3.2466e-07,-0.00127409) 
750 (3.23795e-07,-0.00127239) (-3.23795e-07,-0.00127239) 
751 (3.22934e-07,-0.0012707) (-3.22934e-07,-0.0012707) 
752 (3.22076e-07,-0.00126901) (-3.22076e-07,-0.00126901) 
753 (3.21222e-07,-0.00126732) (-3.21222e-07,-0.00126732) 
754 (3.20371e-07,-0.00126564) (-3.20371e-07,-0.00126564) 
755 (3.19523e-07,-0.00126397) (-3.19523e-07,-0.00126397) 
756 (3.18679e-07,-0.0012623) (-3.18679e-07,-0.0012623) 
757 (3.17838e-07,-0.00126063) (-3.17838e-07,-0.00126063) 
758 (3.17001e-07,-0.00125897) (-3.17001e-07,-0.00125897) 
759 (3.16167e-07,-0.00125731) (-3.16167e-07,-0.00125731) 
760 (3.15336e-07,-0.00125566) (-3.15336e-07,-0.00125566) 
761 (3.14508e-07,-0.00125401) (-3.14508e-07,-0.00125401) 
762 (3.13684e-07,-0.00125237) (-3.13684e-07,-0.00125237) 
763 (3.12863e-07,-0.00125073) (-3.12863e-07,-0.00125073) 
764 (3.12045e-07,-0.00124909) (-3.12045e-07,-0.00124909) 
765 (3.1123e-07,-0.00124746) (-3.1123e-07,-0.00124746) 
766 (3.10418e-07,-0.00124583) (-3.10418e-07,-0.00124583) 
767 (3.0961e-07,-0.00124421) (-3.0961e-07,-0.00124421) 
768 (3.08805e-07,-0.00124259) (-3.08805e-07,-0.00124259) 
769 (3.08003e-07,-0.00124097) (-3.08003e-07,-0.00124097) 
770 (3.07204e-07,-0.00123936) (-3.07204e-07,-0.00123936) 
771 (3.06408e-07,-0.00123776) (-3.06408e-07,-0.00123776) 
772 (3.05615e-07,-0.00123615) (-3.05615e-07,-0.00123615) 
773 (3.04825e-07,-0.00123456) (-3.04825e-07,-0.00123456) 
774 (3.04039e-07,-0.00123296) (-3.04039e-07,-0.00123296) 
775 (3.03255e-07,-0.00123137) (-3.03255e-07,-0.00123137) 
776 (3.02475e-07,-0.00122979) (-3.02475e-07,-0.00122979) 
777 (3.01697e-07,-0.0012282) (-3.01697e-07,-0.0012282) 
778 (3.00922e-07,-0.00122663) (-3.00922e-07,-0.00122663) 
779 (3.00151e-07,-0.00122505) (-3.00151e-07,-0.00122505) 
780 (2.99382e-07,-0.00122348) (-2.99382e-07,-0.00122348) 
781 (2.98616e-07,-0.00122192) (-2.98616e-07,-0.00122192) 
782 (2.97854e-07,-0.00122036) (-2.97854e-07,-0.00122036) 
783 (2.97094e-07,-0.0012188) (-2.97094e-07,-0.0012188) 
784 (2.96337e-07,-0.00121725) (-2.96337e-07,-0.00121725) 
785 (2.95583e-07,-0.0012157) (-2.95583e-07,-0.0012157) 
786 (2.94832e-07,-0.00121415) (-2.94832e-07,-0.00121415) 
787 (2.94083e-07,-0.00121261) (-2.94083e-07,-0.00121261) 
788 (2.93338e-07,-0.00121107) (-2.93338e-07,-0.00121107) 
789 (2.92595e-07,-0.00120954) (-2.92595e-07,-0.00120954) 
790 (2.91856e-07,-0.00120801) (-2.91856e-07,-0.00120801) 
791 (2.91119e-07,-0.00120648) (-2.91119e-07,-0.00120648) 
792 (2.90384e-07,-0.00120496) (-2.90384e-07,-0.00120496) 
793 (2.89653e-07,-0.00120344) (-2.89653e-07,-0.00120344) 
794 (2.88924e-07,-0.00120192) (-2.88924e-07,-0.00120192) 
795 (2.88198e-07,-0.00120041) (-2.88198e-07,-0.00120041) 
796 (2.87475e-07,-0.00119891) (-2.87475e-07,-0.00119891) 
797 (2.86755e-07,-0.0011974) (-2.86755e-07,-0.0011974) 
798 (2.86037e-07,-0.0011959) (-2.86037e-07,-0.0011959) 
799 (2.85322e-07,-0.00119441) (-2.85322e-07,-0.00119441) 
800 (2.84609e-07,-0.00119292) (-2.84609e-07,-0.00119292) 
801 (2.839e-07,-0.00119143) (-2.839e-07,-0.00119143) 
802 (2.83192e-07,-0.00118994) (-2.83192e-07,-0.00118994) 
803 (2.82488e-07,-0.00118846) (-2.82488e-07,-0.00118846) 
804 (2.81786e-07,-0.00118698) (-2.81786e-07,-0.00118698) 
805 (2.81087e-07,-0.00118551) (-2.81087e-07,-0.00118551) 
806 (2.8039e-07,-0.00118404) (-2.8039e-07,-0.00118404) 
807 (2.79696e-07,-0.00118257) (-2.79696e-07,-0.00118257) 
808 (2.79005e-07,-0.00118111) (-2.79005e-07,-0.00118111) 
809 (2.78316e-07,-0.00117965) (-2.78316e-07,-0.00117965) 
810 (2.7763e-07,-0.0011782) (-2.7763e-07,-0.0011782) 
811 (2.76946e-07,-0.00117675) (-2.76946e-07,-0.00117675) 
812 (2.76265e-07,-0.0011753) (-2.76265e-07,-0.0011753) 
813 (2.75586e-07,-0.00117385) (-2.75586e-07,-0.00117385) 
814 (2.74909e-07,-0.00117241) (-2.74909e-07,-0.00117241) 
815 (2.74236e-07,-0.00117097) (-2.74236e-07,-0.00117097) 
816 (2.73564e-07,-0.00116954) (-2.73564e-07,-0.00116954) 
817 (2.72895e-07,-0.00116811) (-2.72895e-07,-0.00116811) 
818 (2.72229e-07,-0.00116668) (-2.72229e-07,-0.00116668) 
819 (2.71565e-07,-0.00116526) (-2.71565e-07,-0.00116526) 
820 (2.70904e-07,-0.00116384) (-2.70904e-07,-0.00116384) 
821 (2.70244e-07,-0.00116242) (-2.70244e-07,-0.00116242) 
822 (2.69588e-07,-0.00116101) (-2.69588e-07,-0.00116101) 
823 (2.68933e-07,-0.0011596) (-2.68933e-07,-0.0011596) 
824 (2.68281e-07,-0.00115819) (-2.68281e-07,-0.00115819) 
825 (2.67632e-07,-0.00115679) (-2.67632e-07,-0.00115679) 
826 (2.66985e-07,-0.00115539) (-2.66985e-07,-0.00115539) 
827 (2.6634e-07,-0.00115399) (-2.6634e-07,-0.00115399) 
828 (2.65697e-07,-0.0011526) (-2.65697e-07,-0.0011526) 
829 (2.65057e-07,-0.00115121) (-2.65057e-07,-0.00115121) 
830 (2.64419e-07,-0.00114982) (-2.64419e-07,-0.00114982) 
831 (2.63783e-07,-0.00114844) (-2.63783e-07,-0.00114844) 
832 (2.6315e-07,-0.00114706) (-2.6315e-07,-0.00114706) 
833 (2.62519e-07,-0.00114569) (-2.62519e-07,-0.00114569) 
834 (2.6189e-07,-0.00114431) (-2.6189e-07,-0.00114431) 
835 (2.61264e-07,-0.00114294) (-2.61264e-07,-0.00114294) 
836 (2.60639e-07,-0.00114158) (-2.60639e-07,-0.00114158) 
837 (2.60017e-07,-0.00114021) (-2.60017e-07,-0.00114021) 
838 (2.59397e-07,-0.00113885) (-2.59397e-07,-0.00113885) 
839 (2.5878e-07,-0.0011375) (-2.5878e-07,-0.0011375) 
840 (2.58164e-07,-0.00113614) (-2.58164e-07,-0.00113614) 
841 (2.57551e-07,-0.00113479) (-2.57551e-07,-0.00113479) 
842 (2.5694e-07,-0.00113345) (-2.5694e-07,-0.00113345) 
843 (2.56331e-07,-0.0011321) (-2.56331e-07,-0.0011321) 
844 (2.55725e-07,-0.00113076) (-2.55725e-07,-0.00113076) 
845 (2.5512e-07,-0.00112943) (-2.5512e-07,-0.00112943) 
846 (2.54518e-07,-0.00112809) (-2.54518e-07,-0.00112809) 
847 (2.53917e-07,-0.00112676) (-2.53917e-07,-0.00112676) 
848 (2.53319e-07,-0.00112543) (-2.53319e-07,-0.00112543) 
849 (2.52723e-07,-0.00112411) (-2.52723e-07,-0.00112411) 
850 (2.52129e-07,-0.00112279) (-2.52129e-07,-0.00112279) 
851 (2.51537e-07,-0.00112147) (-2.51537e-07,-0.00112147) 
852 (2.50948e-07,-0.00112015) (-2.50948e-07,-0.00112015) 
853 (2.5036e-07,-0.00111884) (-2.5036e-07,-0.00111884) 
854 (2.49774e-07,-0.00111753) (-2.49774e-07,-0.00111753) 
855 (2.49191e-07,-0.00111622) (-2.49191e-07,-0.00111622) 
856 (2.48609e-07,-0.00111492) (-2.48609e-07,-0.00111492) 
857 (2.4803e-07,-0.00111362) (-2.4803e-07,-0.00111362) 
858 (2.47452e-07,-0.00111232) (-2.47452e-07,-0.00111232) 
859 (2.46877e-07,-0.00111103) (-2.46877e-07,-0.00111103) 
860 (2.46303e-07,-0.00110974) (-2.46303e-07,-0.00110974) 
861 (2.45732e-07,-0.00110845) (-2.45732e-07,-0.00110845) 
862 (2.45162e-07,-0.00110716) (-2.45162e-07,-0.00110716) 
863 (2.44595e-07,-0.00110588) (-2.44595e-07,-0.00110588) 
864 (2.44029e-07,-0.0011046) (-2.44029e-07,-0.0011046) 
865 (2.43466e-07,-0.00110333) (-2.43466e-07,-0.00110333) 
866 (2.42904e-07,-0.00110205) (-2.42904e-07,-0.00110205) 
867 (2.42344e-07,-0.00110078) (-2.42344e-07,-0.00110078) 
868 (2.41787e-07,-0.00109952) (-2.41787e-07,-0.00109952) 
869 (2.41231e-07,-0.00109825) (-2.41231e-07,-0.00109825) 
870 (2.40677e-07,-0.00109699) (-2.40677e-07,-0.00109699) 
871 (2.40125e-07,-0.00109573) (-2.40125e-07,-0.00109573) 
872 (2.39575e-07,-0.00109447) (-2.39575e-07,-0.00109447) 
873 (2.39027e-07,-0.00109322) (-2.39027e-07,-0.00109322) 
874 (2.3848e-07,-0.00109197) (-2.3848e-07,-0.00109197) 
875 (2.37936e-07,-0.00109072) (-2.37936e-07,-0.00109072) 
876 (2.37393e-07,-0.00108948) (-2.37393e-07,-0.00108948) 
877 (2.36852e-07,-0.00108824) (-2.36852e-07,-0.00108824) 
878 (2.36313e-07,-0.001087) (-2.36313e-07,-0.001087) 
879 (2.35776e-07,-0.00108576) (-2.35776e-07,-0.00108576) 
880 (2.35241e-07,-0.00108453) (-2.35241e-07,-0.00108453) 
881 (2.34708e-07,-0.0010833) (-2.34708e-07,-0.0010833) 
882 (2.34176e-07,-0.00108207) (-2.34176e-07,-0.00108207) 
883 (2.33646e-07,-0.00108085) (-2.33646e-07,-0.00108085) 
884 (2.33118e-07,-0.00107963) (-2.33118e-07,-0.00107963) 
885 (2.32592e-07,-0.00107841) (-2.32592e-07,-0.00107841) 
886 (2.32068e-07,-0.00107719) (-2.32068e-07,-0.00107719) 
887 (2.31545e-07,-0.00107598) (-2.31545e-07,-0.00107598) 
888 (2.31024e-07,-0.00107477) (-2.31024e-07,-0.00107477) 
889 (2.30505e-07,-0.00107356) (-2.30505e-07,-0.00107356) 
890 (2.29987e-07,-0.00107235) (-2.29987e-07,-0.00107235) 
891 (2.29472e-07,-0.00107115) (-2.29472e-07,-0.00107115) 
892 (2.28958e-07,-0.00106995) (-2.28958e-07,-0.00106995) 
893 (2.28446e-07,-0.00106875) (-2.28446e-07,-0.00106875) 
894 (2.27935e-07,-0.00106756) (-2.27935e-07,-0.00106756) 
895 (2.27426e-07,-0.00106636) (-2.27426e-07,-0.00106636) 
896 (2.26919e-07,-0.00106517) (-2.26919e-07,-0.00106517) 
897 (2.26414e-07,-0.00106399) (-2.26414e-07,-0.00106399) 
898 (2.2591e-07,-0.0010628) (-2.2591e-07,-0.0010628) 
899 (2.25408e-07,-0.00106162) (-2.25408e-07,-0.00106162) 
900 (2.24908e-07,-0.00106044) (-2.24908e-07,-0.00106044) 
901 (2.24409e-07,-0.00105927) (-2.24409e-07,-0.00105927) 
902 (2.23912e-07,-0.00105809) (-2.23912e-07,-0.00105809) 
903 (2.23417e-07,-0.00105692) (-2.23417e-07,-0.00105692) 
904 (2.22923e-07,-0.00105575) (-2.22923e-07,-0.00105575) 
905 (2.22431e-07,-0.00105459) (-2.22431e-07,-0.00105459) 
906 (2.2194e-07,-0.00105342) (-2.2194e-07,-0.00105342) 
907 (2.21452e-07,-0.00105226) (-2.21452e-07,-0.00105226) 
908 (2.20964e-07,-0.00105111) (-2.20964e-07,-0.00105111) 
909 (2.20479e-07,-0.00104995) (-2.20479e-07,-0.00104995) 
910 (2.19995e-07,-0.0010488) (-2.19995e-07,-0.0010488) 
911 (2.19512e-07,-0.00104765) (-2.19512e-07,-0.00104765) 
912 (2.19031e-07,-0.0010465) (-2.19031e-07,-0.0010465) 
913 (2.18552e-07,-0.00104535) (-2.18552e-07,-0.00104535) 
914 (2.18074e-07,-0.00104421) (-2.18074e-07,-0.00104421) 
915 (2.17598e-07,-0.00104307) (-2.17598e-07,-0.00104307) 
916 (2.17124e-07,-0.00104193) (-2.17124e-07,-0.00104193) 
917 (2.16651e-07,-0.00104079) (-2.16651e-07,-0.00104079) 
918 (2.16179e-07,-0.00103966) (-2.16179e-07,-0.00103966) 
919 (2.15709e-07,-0.00103853) (-2.15709e-07,-0.00103853) 
920 (2.15241e-07,-0.0010374) (-2.15241e-07,-0.0010374) 
921 (2.14774e-07,-0.00103628) (-2.14774e-07,-0.00103628) 
922 (2.14308e-07,-0.00103515) (-2.14308e-07,-0.00103515) 
923 (2.13845e-07,-0.00103403) (-2.13845e-07,-0.00103403) 
924 (2.13382e-07,-0.00103291) (-2.13382e-07,-0.00103291) 
925 (2.12921e-07,-0.0010318) (-2.12921e-07,-0.0010318) 
926 (2.12462e-07,-0.00103068) (-2.12462e-07,-0.00103068) 
927 (2.12004e-07,-0.00102957) (-2.12004e-07,-0.00102957) 
928 (2.11548e-07,-0.00102846) (-2.11548e-07,-0.00102846) 
929 (2.11093e-07,-0.00102736) (-2.11093e-07,-0.00102736) 
930 (2.10639e-07,-0.00102625) (-2.10639e-07,-0.00102625) 
931 (2.10187e-07,-0.00102515) (-2.10187e-07,-0.00102515) 
932 (2.09737e-07,-0.00102405) (-2.09737e-07,-0.00102405) 
933 (2.09288e-07,-0.00102296) (-2.09288e-07,-0.00102296) 
934 (2.0884e-07,-0.00102186) (-2.0884e-07,-0.00102186) 
935 (2.08394e-07,-0.00102077) (-2.08394e-07,-0.00102077) 
936 (2.07949e-07,-0.00101968) (-2.07949e-07,-0.00101968) 
937 (2.07505e-07,-0.00101859) (-2.07505e-07,-0.00101859) 
938 (2.07063e-07,-0.00101751) (-2.07063e-07,-0.00101751) 
939 (2.06623e-07,-0.00101642) (-2.06623e-07,-0.00101642) 
940 (2.06184e-07,-0.00101534) (-2.06184e-07,-0.00101534) 
941 (2.05746e-07,-0.00101426) (-2.05746e-07,-0.00101426) 
942 (2.0531e-07,-0.00101319) (-2.0531e-07,-0.00101319) 
943 (2.04875e-07,-0.00101211) (-2.04875e-07,-0.00101211) 
944 (2.04441e-07,-0.00101104) (-2.04441e-07,-0.00101104) 
945 (2.04009e-07,-0.00100997) (-2.04009e-07,-0.00100997) 
946 (2.03578e-07,-0.00100891) (-2.03578e-07,-0.00100891) 
947 (2.03149e-07,-0.00100784) (-2.03149e-07,-0.00100784) 
948 (2.0272e-07,-0.00100678) (-2.0272e-07,-0.00100678) 
949 (2.02294e-07,-0.00100572) (-2.02294e-07,-0.00100572) 
950 (2.01868e-07,-0.00100466) (-2.01868e-07,-0.00100466) 
951 (2.01444e-07,-0.0010036) (-2.01444e-07,-0.0010036) 
952 (2.01021e-07,-0.00100255) (-2.01021e-07,-0.00100255) 
953 (2.006e-07,-0.0010015) (-2.006e-07,-0.0010015) 
954 (2.0018e-07,-0.00100045) (-2.0018e-07,-0.00100045) 
955 (1.99761e-07,-0.000999403) (-1.99761e-07,-0.000999403) 
956 (1.99344e-07,-0.000998358) (-1.99344e-07,-0.000998358) 
957 (1.98927e-07,-0.000997315) (-1.98927e-07,-0.000997315) 
958 (1.98513e-07,-0.000996275) (-1.98513e-07,-0.000996275) 
959 (1.98099e-07,-0.000995236) (-1.98099e-07,-0.000995236) 
960 (1.97687e-07,-0.0009942) (-1.97687e-07,-0.0009942) 
961 (1.97276e-07,-0.000993166) (-1.97276e-07,-0.000993166) 
962 (1.96866e-07,-0.000992134) (-1.96866e-07,-0.000992134) 
963 (1.96458e-07,-0.000991104) (-1.96458e-07,-0.000991104) 
964 (1.9605e-07,-0.000990077) (-1.9605e-07,-0.000990077) 
965 (1.95644e-07,-0.000989051) (-1.95644e-07,-0.000989051) 
966 (1.9524e-07,-0.000988028) (-1.9524e-07,-0.000988028) 
967 (1.94836e-07,-0.000987007) (-1.94836e-07,-0.000987007) 
968 (1.94434e-07,-0.000985988) (-1.94434e-07,-0.000985988) 
969 (1.94033e-07,-0.000984971) (-1.94033e-07,-0.000984971) 
970 (1.93634e-07,-0.000983956) (-1.93634e-07,-0.000983956) 
971 (1.93235e-07,-0.000982943) (-1.93235e-07,-0.000982943) 
972 (1.92838e-07,-0.000981932) (-1.92838e-07,-0.000981932) 
973 (1.92442e-07,-0.000980924) (-1.92442e-07,-0.000980924) 
974 (1.92047e-07,-0.000979917) (-1.92047e-07,-0.000979917) 
975 (1.91654e-07,-0.000978913) (-1.91654e-07,-0.000978913) 
976 (1.91262e-07,-0.00097791) (-1.91262e-07,-0.00097791) 
977 (1.9087e-07,-0.00097691) (-1.9087e-07,-0.00097691) 
978 (1.9048e-07,-0.000975911) (-1.9048e-07,-0.000975911) 
979 (1.90092e-07,-0.000974915) (-1.90092e-07,-0.000974915) 
980 (1.89704e-07,-0.000973921) (-1.89704e-07,-0.000973921) 
981 (1.89318e-07,-0.000972928) (-1.89318e-07,-0.000972928) 
982 (1.88933e-07,-0.000971938) (-1.88933e-07,-0.000971938) 
983 (1.88549e-07,-0.00097095) (-1.88549e-07,-0.00097095) 
984 (1.88166e-07,-0.000969964) (-1.88166e-07,-0.000969964) 
985 (1.87784e-07,-0.000968979) (-1.87784e-07,-0.000968979) 
986 (1.87404e-07,-0.000967997) (-1.87404e-07,-0.000967997) 
987 (1.87024e-07,-0.000967017) (-1.87024e-07,-0.000967017) 
988 (1.86646e-07,-0.000966039) (-1.86646e-07,-0.000966039) 
989 (1.86269e-07,-0.000965062) (-1.86269e-07,-0.000965062) 
990 (1.85893e-07,-0.000964088) (-1.85893e-07,-0.000964088) 
991 (1.85518e-07,-0.000963116) (-1.85518e-07,-0.000963116) 
992 (1.85145e-07,-0.000962145) (-1.85145e-07,-0.000962145) 
993 (1.84772e-07,-0.000961177) (-1.84772e-07,-0.000961177) 
994 (1.84401e-07,-0.00096021) (-1.84401e-07,-0.00096021) 
995 (1.8403e-07,-0.000959246) (-1.8403e-07,-0.000959246) 
996 (1.83661e-07,-0.000958283) (-1.83661e-07,-0.000958283) 
997 (1.83293e-07,-0.000957322) (-1.83293e-07,-0.000957322) 
998 (1.82926e-07,-0.000956364) (-1.82926e-07,-0.000956364) 
999 (1.8256e-07,-0.000955407) (-1.8256e-07,-0.000955407) 
