0 -0.5 -0.5 
1 -0.496474 -0.496474 
2 -0.492984 -0.492984 
3 -0.489529 -0.489529 
4 -0.486109 -0.486109 
5 -0.482723 -0.482723 
6 -0.479371 -0.479371 
7 -0.476054 -0.476054 
8 -0.472769 -0.472769 
9 -0.469517 -0.469517 
10 -0.466298 -0.466298 
11 -0.463111 -0.463111 
12 -0.459956 -0.459956 
13 -0.456832 -0.456832 
14 -0.453739 -0.453739 
15 -0.450677 -0.450677 
16 -0.447645 -0.447645 
17 -0.444644 -0.444644 
18 -0.441672 -0.441672 
19 -0.438729 -0.438729 
20 -0.435816 -0.435816 
21 -0.432931 -0.432931 
22 -0.430075 -0.430075 
23 -0.427247 -0.427247 
24 -0.424446 -0.424446 
25 -0.421673 -0.421673 
26 -0.418927 -0.418927 
27 -0.416208 -0.416208 
28 -0.413515 -0.413515 
29 -0.410849 -0.410849 
30 -0.408209 -0.408209 
31 -0.405594 -0.405594 
32 -0.403005 -0.403005 
33 -0.400441 -0.400441 
34 -0.397901 -0.397901 
35 -0.395386 -0.395386 
36 -0.392896 -0.392896 
37 -0.390429 -0.390429 
38 -0.387986 -0.387986 
39 -0.385567 -0.385567 
40 -0.383171 -0.383171 
41 -0.380798 -0.380798 
42 -0.378447 -0.378447 
43 -0.376119 -0.376119 
44 -0.373813 -0.373813 
45 -0.37153 -0.37153 
46 -0.369268 -0.369268 
47 -0.367027 -0.367027 
48 -0.364808 -0.364808 
49 -0.36261 -0.36261 
50 -0.360432 -0.360432 
51 -0.358275 -0.358275 
52 -0.356139 -0.356139 
53 -0.354022 -0.354022 
54 -0.351926 -0.351926 
55 -0.349849 -0.349849 
56 -0.347792 -0.347792 
57 -0.345754 -0.345754 
58 -0.343735 -0.343735 
59 -0.341735 -0.341735 
60 -0.339753 -0.339753 
61 -0.33779 -0.33779 
62 -0.335846 -0.335846 
63 -0.333919 -0.333919 
64 -0.33201 -0.33201 
65 -0.330119 -0.330119 
66 -0.328246 -0.328246 
67 -0.326389 -0.326389 
68 -0.32455 -0.32455 
69 -0.322728 -0.322728 
70 -0.320923 -0.320923 
71 -0.319134 -0.319134 
72 -0.317361 -0.317361 
73 -0.315605 -0.315605 
74 -0.313865 -0.313865 
75 -0.312141 -0.312141 
76 -0.310432 -0.310432 
77 -0.308739 -0.308739 
78 -0.307062 -0.307062 
79 -0.305399 -0.305399 
80 -0.303752 -0.303752 
81 -0.30212 -0.30212 
82 -0.300502 -0.300502 
83 -0.298899 -0.298899 
84 -0.297311 -0.297311 
85 -0.295737 -0.295737 
86 -0.294177 -0.294177 
87 -0.29263 -0.29263 
88 -0.291098 -0.291098 
89 -0.28958 -0.28958 
90 -0.288075 -0.288075 
91 -0.286583 -0.286583 
92 -0.285105 -0.285105 
93 -0.28364 -0.28364 
94 -0.282188 -0.282188 
95 -0.280749 -0.280749 
96 -0.279323 -0.279323 
97 -0.277909 -0.277909 
98 -0.276508 -0.276508 
99 -0.275119 -0.275119 
100 -0.273743 -0.273743 
101 -0.272378 -0.272378 
102 -0.271026 -0.271026 
103 -0.269685 -0.269685 
104 -0.268356 -0.268356 
105 -0.267039 -0.267039 
106 -0.265734 -0.265734 
107 -0.264439 -0.264439 
108 -0.263156 -0.263156 
109 -0.261884 -0.261884 
110 -0.260624 -0.260624 
111 -0.259374 -0.259374 
112 -0.258135 -0.258135 
113 -0.256907 -0.256907 
114 -0.255689 -0.255689 
115 -0.254482 -0.254482 
116 -0.253285 -0.253285 
117 -0.252099 -0.252099 
118 -0.250923 -0.250923 
119 -0.249756 -0.249756 
120 -0.2486 -0.2486 
121 -0.247454 -0.247454 
122 -0.246318 -0.246318 
123 -0.245191 -0.245191 
124 -0.244074 -0.244074 
125 -0.242966 -0.242966 
126 -0.241868 -0.241868 
127 -0.24078 -0.24078 
128 -0.2397 -0.2397 
129 -0.23863 -0.23863 
130 -0.237568 -0.237568 
131 -0.236516 -0.236516 
132 -0.235472 -0.235472 
133 -0.234438 -0.234438 
134 -0.233412 -0.233412 
135 -0.232394 -0.232394 
136 -0.231385 -0.231385 
137 -0.230385 -0.230385 
138 -0.229393 -0.229393 
139 -0.228409 -0.228409 
140 -0.227434 -0.227434 
141 -0.226467 -0.226467 
142 -0.225507 -0.225507 
143 -0.224556 -0.224556 
144 -0.223613 -0.223613 
145 -0.222677 -0.222677 
146 -0.221749 -0.221749 
147 -0.220829 -0.220829 
148 -0.219917 -0.219917 
149 -0.219012 -0.219012 
150 -0.218114 -0.218114 
151 -0.217224 -0.217224 
152 -0.216341 -0.216341 
153 -0.215466 -0.215466 
154 -0.214597 -0.214597 
155 -0.213736 -0.213736 
156 -0.212882 -0.212882 
157 -0.212035 -0.212035 
158 -0.211195 -0.211195 
159 -0.210361 -0.210361 
160 -0.209535 -0.209535 
161 -0.208715 -0.208715 
162 -0.207902 -0.207902 
163 -0.207095 -0.207095 
164 -0.206295 -0.206295 
165 -0.205501 -0.205501 
166 -0.204714 -0.204714 
167 -0.203933 -0.203933 
168 -0.203159 -0.203159 
169 -0.202391 -0.202391 
170 -0.201629 -0.201629 
171 -0.200873 -0.200873 
172 -0.200123 -0.200123 
173 -0.199379 -0.199379 
174 -0.198641 -0.198641 
175 -0.197909 -0.197909 
176 -0.197183 -0.197183 
177 -0.196463 -0.196463 
178 -0.195748 -0.195748 
179 -0.19504 -0.19504 
180 -0.194337 -0.194337 
181 -0.193639 -0.193639 
182 -0.192947 -0.192947 
183 -0.19226 -0.19226 
184 -0.191579 -0.191579 
185 -0.190904 -0.190904 
186 -0.190234 -0.190234 
187 -0.189569 -0.189569 
188 -0.188909 -0.188909 
189 -0.188254 -0.188254 
190 -0.187605 -0.187605 
191 -0.186961 -0.186961 
192 -0.186322 -0.186322 
193 -0.185687 -0.185687 
194 -0.185058 -0.185058 
195 -0.184434 -0.184434 
196 -0.183815 -0.183815 
197 -0.1832 -0.1832 
198 -0.182591 -0.182591 
199 -0.181986 -0.181986 
200 -0.181386 -0.181386 
201 -0.180791 -0.180791 
202 -0.1802 -0.1802 
203 -0.179614 -0.179614 
204 -0.179032 -0.179032 
205 -0.178455 -0.178455 
206 -0.177883 -0.177883 
207 -0.177314 -0.177314 
208 -0.176751 -0.176751 
209 -0.176191 -0.176191 
210 -0.175637 -0.175637 
211 -0.175086 -0.175086 
212 -0.17454 -0.17454 
213 -0.173997 -0.173997 
214 -0.173459 -0.173459 
215 -0.172926 -0.172926 
216 -0.172396 -0.172396 
217 -0.17187 -0.17187 
218 -0.171349 -0.171349 
219 -0.170831 -0.170831 
220 -0.170318 -0.170318 
221 -0.169808 -0.169808 
222 -0.169303 -0.169303 
223 -0.168801 -0.168801 
224 -0.168303 -0.168303 
225 -0.167809 -0.167809 
226 -0.167319 -0.167319 
227 -0.166833 -0.166833 
228 -0.16635 -0.16635 
229 -0.165871 -0.165871 
230 -0.165396 -0.165396 
231 -0.164924 -0.164924 
232 -0.164456 -0.164456 
233 -0.163991 -0.163991 
234 -0.16353 -0.16353 
235 -0.163073 -0.163073 
236 -0.162619 -0.162619 
237 -0.162169 -0.162169 
238 -0.161722 -0.161722 
239 -0.161278 -0.161278 
240 -0.160838 -0.160838 
241 -0.160401 -0.160401 
242 -0.159968 -0.159968 
243 -0.159538 -0.159538 
244 -0.159111 -0.159111 
245 -0.158687 -0.158687 
246 -0.158267 -0.158267 
247 -0.15785 -0.15785 
248 -0.157436 -0.157436 
249 -0.157025 -0.157025 
250 -0.156617 -0.156617 
251 -0.156213 -0.156213 
252 -0.155811 -0.155811 
253 -0.155413 -0.155413 
254 -0.155017 -0.155017 
255 -0.154625 -0.154625 
256 -0.154236 -0.154236 
257 -0.153849 -0.153849 
258 -0.153466 -0.153466 
259 -0.153085 -0.153085 
260 -0.152708 -0.152708 
261 -0.152333 -0.152333 
262 -0.151961 -0.151961 
263 -0.151592 -0.151592 
264 -0.151226 -0.151226 
265 -0.150862 -0.150862 
266 -0.150502 -0.150502 
267 -0.150144 -0.150144 
268 -0.149789 -0.149789 
269 -0.149436 -0.149436 
270 -0.149087 -0.149087 
271 -0.148739 -0.148739 
272 -0.148395 -0.148395 
273 -0.148053 -0.148053 
274 -0.147714 -0.147714 
275 -0.147378 -0.147378 
276 -0.147044 -0.147044 
277 -0.146712 -0.146712 
278 -0.146383 -0.146383 
279 -0.146057 -0.146057 
280 -0.145733 -0.145733 
281 -0.145412 -0.145412 
282 -0.145093 -0.145093 
283 -0.144776 -0.144776 
284 -0.144462 -0.144462 
285 -0.144151 -0.144151 
286 -0.143842 -0.143842 
287 -0.143535 -0.143535 
288 -0.14323 -0.14323 
289 -0.142928 -0.142928 
290 -0.142629 -0.142629 
291 -0.142331 -0.142331 
292 -0.142036 -0.142036 
293 -0.141743 -0.141743 
294 -0.141453 -0.141453 
295 -0.141165 -0.141165 
296 -0.140879 -0.140879 
297 -0.140595 -0.140595 
298 -0.140313 -0.140313 
299 -0.140034 -0.140034 
300 -0.139757 -0.139757 
301 -0.139481 -0.139481 
302 -0.139209 -0.139209 
303 -0.138938 -0.138938 
304 -0.138669 -0.138669 
305 -0.138403 -0.138403 
306 -0.138138 -0.138138 
307 -0.137876 -0.137876 
308 -0.137616 -0.137616 
309 -0.137357 -0.137357 
310 -0.137101 -0.137101 
311 -0.136847 -0.136847 
312 -0.136595 -0.136595 
313 -0.136345 -0.136345 
314 -0.136097 -0.136097 
315 -0.135851 -0.135851 
316 -0.135607 -0.135607 
317 -0.135364 -0.135364 
318 -0.135124 -0.135124 
319 -0.134886 -0.134886 
320 -0.134649 -0.134649 
321 -0.134415 -0.134415 
322 -0.134182 -0.134182 
323 -0.133952 -0.133952 
324 -0.133723 -0.133723 
325 -0.133496 -0.133496 
326 -0.133271 -0.133271 
327 -0.133047 -0.133047 
328 -0.132826 -0.132826 
329 -0.132606 -0.132606 
330 -0.132388 -0.132388 
331 -0.132172 -0.132172 
332 -0.131958 -0.131958 
333 -0.131746 -0.131746 
334 -0.131535 -0.131535 
335 -0.131326 -0.131326 
336 -0.131119 -0.131119 
337 -0.130913 -0.130913 
338 -0.13071 -0.13071 
339 -0.130508 -0.130508 
340 -0.130307 -0.130307 
341 -0.130109 -0.130109 
342 -0.129912 -0.129912 
343 -0.129716 -0.129716 
344 -0.129523 -0.129523 
345 -0.129331 -0.129331 
346 -0.12914 -0.12914 
347 -0.128952 -0.128952 
348 -0.128765 -0.128765 
349 -0.128579 -0.128579 
350 -0.128396 -0.128396 
351 -0.128213 -0.128213 
352 -0.128033 -0.128033 
353 -0.127854 -0.127854 
354 -0.127676 -0.127676 
355 -0.1275 -0.1275 
356 -0.127326 -0.127326 
357 -0.127153 -0.127153 
358 -0.126982 -0.126982 
359 -0.126813 -0.126813 
360 -0.126644 -0.126644 
361 -0.126478 -0.126478 
362 -0.126313 -0.126313 
363 -0.126149 -0.126149 
364 -0.125987 -0.125987 
365 -0.125827 -0.125827 
366 -0.125667 -0.125667 
367 -0.12551 -0.12551 
368 -0.125354 -0.125354 
369 -0.125199 -0.125199 
370 -0.125046 -0.125046 
371 -0.124894 -0.124894 
372 -0.124744 -0.124744 
373 -0.124595 -0.124595 
374 -0.124447 -0.124447 
375 -0.124301 -0.124301 
376 -0.124157 -0.124157 
377 -0.124013 -0.124013 
378 -0.123872 -0.123872 
379 -0.123731 -0.123731 
380 -0.123592 -0.123592 
381 -0.123455 -0.123455 
382 -0.123318 -0.123318 
383 -0.123183 -0.123183 
384 -0.12305 -0.12305 
385 -0.122918 -0.122918 
386 -0.122787 -0.122787 
387 -0.122657 -0.122657 
388 -0.122529 -0.122529 
389 -0.122403 -0.122403 
390 -0.122277 -0.122277 
391 -0.122153 -0.122153 
392 -0.12203 -0.12203 
393 -0.121909 -0.121909 
394 -0.121789 -0.121789 
395 -0.12167 -0.12167 
396 -0.121552 -0.121552 
397 -0.121436 -0.121436 
398 -0.121321 -0.121321 
399 -0.121207 -0.121207 
400 -0.121095 -0.121095 
401 -0.120984 -0.120984 
402 -0.120874 -0.120874 
403 -0.120765 -0.120765 
404 -0.120658 -0.120658 
405 -0.120552 -0.120552 
406 -0.120447 -0.120447 
407 -0.120344 -0.120344 
408 -0.120241 -0.120241 
409 -0.12014 -0.12014 
410 -0.12004 -0.12004 
411 -0.119942 -0.119942 
412 -0.119844 -0.119844 
413 -0.119748 -0.119748 
414 -0.119653 -0.119653 
415 -0.119559 -0.119559 
416 -0.119467 -0.119467 
417 -0.119375 -0.119375 
418 -0.119285 -0.119285 
419 -0.119196 -0.119196 
420 -0.119109 -0.119109 
421 -0.119022 -0.119022 
422 -0.118937 -0.118937 
423 -0.118853 -0.118853 
424 -0.11877 -0.11877 
425 -0.118688 -0.118688 
426 -0.118607 -0.118607 
427 -0.118528 -0.118528 
428 -0.118449 -0.118449 
429 -0.118372 -0.118372 
430 -0.118296 -0.118296 
431 -0.118221 -0.118221 
432 -0.118148 -0.118148 
433 -0.118075 -0.118075 
434 -0.118004 -0.118004 
435 -0.117933 -0.117933 
436 -0.117864 -0.117864 
437 -0.117796 -0.117796 
438 -0.117729 -0.117729 
439 -0.117664 -0.117664 
440 -0.117599 -0.117599 
441 -0.117536 -0.117536 
442 -0.117473 -0.117473 
443 -0.117412 -0.117412 
444 -0.117352 -0.117352 
445 -0.117293 -0.117293 
446 -0.117235 -0.117235 
447 -0.117179 -0.117179 
448 -0.117123 -0.117123 
449 -0.117069 -0.117069 
450 -0.117015 -0.117015 
451 -0.116963 -0.116963 
452 -0.116912 -0.116912 
453 -0.116861 -0.116861 
454 -0.116812 -0.116812 
455 -0.116765 -0.116765 
456 -0.116718 -0.116718 
457 -0.116672 -0.116672 
458 -0.116627 -0.116627 
459 -0.116584 -0.116584 
460 -0.116541 -0.116541 
461 -0.1165 -0.1165 
462 -0.11646 -0.11646 
463 -0.11642 -0.11642 
464 -0.116382 -0.116382 
465 -0.116345 -0.116345 
466 -0.116309 -0.116309 
467 -0.116274 -0.116274 
468 -0.116241 -0.116241 
469 -0.116208 -0.116208 
470 -0.116176 -0.116176 
471 -0.116145 -0.116145 
472 -0.116116 -0.116116 
473 -0.116087 -0.116087 
474 -0.11606 -0.11606 
475 -0.116034 -0.116034 
476 -0.116008 -0.116008 
477 -0.115984 -0.115984 
478 -0.115961 -0.115961 
479 -0.115939 -0.115939 
480 -0.115918 -0.115918 
481 -0.115898 -0.115898 
482 -0.115879 -0.115879 
483 -0.115861 -0.115861 
484 -0.115844 -0.115844 
485 -0.115828 -0.115828 
486 -0.115813 -0.115813 
487 -0.1158 -0.1158 
488 -0.115787 -0.115787 
489 -0.115776 -0.115776 
490 -0.115765 -0.115765 
491 -0.115756 -0.115756 
492 -0.115747 -0.115747 
493 -0.11574 -0.11574 
494 -0.115734 -0.115734 
495 -0.115728 -0.115728 
496 -0.115724 -0.115724 
497 -0.115721 -0.115721 
498 -0.115719 -0.115719 
499 -0.115718 -0.115718 
500 -0.115718 -0.115718 
501 -0.115719 -0.115719 
502 -0.115721 -0.115721 
503 -0.115724 -0.115724 
504 -0.115728 -0.115728 
505 -0.115734 -0.115734 
506 -0.11574 -0.11574 
507 -0.115747 -0.115747 
508 -0.115756 -0.115756 
509 -0.115765 -0.115765 
510 -0.115776 -0.115776 
511 -0.115787 -0.115787 
512 -0.1158 -0.1158 
513 -0.115813 -0.115813 
514 -0.115828 -0.115828 
515 -0.115844 -0.115844 
516 -0.115861 -0.115861 
517 -0.115879 -0.115879 
518 -0.115898 -0.115898 
519 -0.115918 -0.115918 
520 -0.115939 -0.115939 
521 -0.115961 -0.115961 
522 -0.115984 -0.115984 
523 -0.116008 -0.116008 
524 -0.116034 -0.116034 
525 -0.11606 -0.11606 
526 -0.116087 -0.116087 
527 -0.116116 -0.116116 
528 -0.116145 -0.116145 
529 -0.116176 -0.116176 
530 -0.116208 -0.116208 
531 -0.116241 -0.116241 
532 -0.116274 -0.116274 
533 -0.116309 -0.116309 
534 -0.116345 -0.116345 
535 -0.116382 -0.116382 
536 -0.11642 -0.11642 
537 -0.11646 -0.11646 
538 -0.1165 -0.1165 
539 -0.116541 -0.116541 
540 -0.116584 -0.116584 
541 -0.116627 -0.116627 
542 -0.116672 -0.116672 
543 -0.116718 -0.116718 
544 -0.116765 -0.116765 
545 -0.116812 -0.116812 
546 -0.116861 -0.116861 
547 -0.116912 -0.116912 
548 -0.116963 -0.116963 
549 -0.117015 -0.117015 
550 -0.117069 -0.117069 
551 -0.117123 -0.117123 
552 -0.117179 -0.117179 
553 -0.117235 -0.117235 
554 -0.117293 -0.117293 
555 -0.117352 -0.117352 
556 -0.117412 -0.117412 
557 -0.117473 -0.117473 
558 -0.117536 -0.117536 
559 -0.117599 -0.117599 
560 -0.117664 -0.117664 
561 -0.117729 -0.117729 
562 -0.117796 -0.117796 
563 -0.117864 -0.117864 
564 -0.117933 -0.117933 
565 -0.118004 -0.118004 
566 -0.118075 -0.118075 
567 -0.118148 -0.118148 
568 -0.118221 -0.118221 
569 -0.118296 -0.118296 
570 -0.118372 -0.118372 
571 -0.118449 -0.118449 
572 -0.118528 -0.118528 
573 -0.118607 -0.118607 
574 -0.118688 -0.118688 
575 -0.11877 -0.11877 
576 -0.118853 -0.118853 
577 -0.118937 -0.118937 
578 -0.119022 -0.119022 
579 -0.119109 -0.119109 
580 -0.119196 -0.119196 
581 -0.119285 -0.119285 
582 -0.119375 -0.119375 
583 -0.119467 -0.119467 
584 -0.119559 -0.119559 
585 -0.119653 -0.119653 
586 -0.119748 -0.119748 
587 -0.119844 -0.119844 
588 -0.119942 -0.119942 
589 -0.12004 -0.12004 
590 -0.12014 -0.12014 
591 -0.120241 -0.120241 
592 -0.120344 -0.120344 
593 -0.120447 -0.120447 
594 -0.120552 -0.120552 
595 -0.120658 -0.120658 
596 -0.120765 -0.120765 
597 -0.120874 -0.120874 
598 -0.120984 -0.120984 
599 -0.121095 -0.121095 
600 -0.121207 -0.121207 
601 -0.121321 -0.121321 
602 -0.121436 -0.121436 
603 -0.121552 -0.121552 
604 -0.12167 -0.12167 
605 -0.121789 -0.121789 
606 -0.121909 -0.121909 
607 -0.12203 -0.12203 
608 -0.122153 -0.122153 
609 -0.122277 -0.122277 
610 -0.122403 -0.122403 
611 -0.122529 -0.122529 
612 -0.122657 -0.122657 
613 -0.122787 -0.122787 
614 -0.122918 -0.122918 
615 -0.12305 -0.12305 
616 -0.123183 -0.123183 
617 -0.123318 -0.123318 
618 -0.123455 -0.123455 
619 -0.123592 -0.123592 
620 -0.123731 -0.123731 
621 -0.123872 -0.123872 
622 -0.124013 -0.124013 
623 -0.124157 -0.124157 
624 -0.124301 -0.124301 
625 -0.124447 -0.124447 
626 -0.124595 -0.124595 
627 -0.124744 -0.124744 
628 -0.124894 -0.124894 
629 -0.125046 -0.125046 
630 -0.125199 -0.125199 
631 -0.125354 -0.125354 
632 -0.12551 -0.12551 
633 -0.125667 -0.125667 
634 -0.125827 -0.125827 
635 -0.125987 -0.125987 
636 -0.126149 -0.126149 
637 -0.126313 -0.126313 
638 -0.126478 -0.126478 
639 -0.126644 -0.126644 
640 -0.126813 -0.126813 
641 -0.126982 -0.126982 
642 -0.127153 -0.127153 
643 -0.127326 -0.127326 
644 -0.1275 -0.1275 
645 -0.127676 -0.127676 
646 -0.127854 -0.127854 
647 -0.128033 -0.128033 
648 -0.128213 -0.128213 
649 -0.128396 -0.128396 
650 -0.128579 -0.128579 
651 -0.128765 -0.128765 
652 -0.128952 -0.128952 
653 -0.12914 -0.12914 
654 -0.129331 -0.129331 
655 -0.129523 -0.129523 
656 -0.129716 -0.129716 
657 -0.129912 -0.129912 
658 -0.130109 -0.130109 
659 -0.130307 -0.130307 
660 -0.130508 -0.130508 
661 -0.13071 -0.13071 
662 -0.130913 -0.130913 
663 -0.131119 -0.131119 
664 -0.131326 -0.131326 
665 -0.131535 -0.131535 
666 -0.131746 -0.131746 
667 -0.131958 -0.131958 
668 -0.132172 -0.132172 
669 -0.132388 -0.132388 
670 -0.132606 -0.132606 
671 -0.132826 -0.132826 
672 -0.133047 -0.133047 
673 -0.133271 -0.133271 
674 -0.133496 -0.133496 
675 -0.133723 -0.133723 
676 -0.133952 -0.133952 
677 -0.134182 -0.134182 
678 -0.134415 -0.134415 
679 -0.134649 -0.134649 
680 -0.134886 -0.134886 
681 -0.135124 -0.135124 
682 -0.135364 -0.135364 
683 -0.135607 -0.135607 
684 -0.135851 -0.135851 
685 -0.136097 -0.136097 
686 -0.136345 -0.136345 
687 -0.136595 -0.136595 
688 -0.136847 -0.136847 
689 -0.137101 -0.137101 
690 -0.137357 -0.137357 
691 -0.137616 -0.137616 
692 -0.137876 -0.137876 
693 -0.138138 -0.138138 
694 -0.138403 -0.138403 
695 -0.138669 -0.138669 
696 -0.138938 -0.138938 
697 -0.139209 -0.139209 
698 -0.139481 -0.139481 
699 -0.139757 -0.139757 
700 -0.140034 -0.140034 
701 -0.140313 -0.140313 
702 -0.140595 -0.140595 
703 -0.140879 -0.140879 
704 -0.141165 -0.141165 
705 -0.141453 -0.141453 
706 -0.141743 -0.141743 
707 -0.142036 -0.142036 
708 -0.142331 -0.142331 
709 -0.142629 -0.142629 
710 -0.142928 -0.142928 
711 -0.14323 -0.14323 
712 -0.143535 -0.143535 
713 -0.143842 -0.143842 
714 -0.144151 -0.144151 
715 -0.144462 -0.144462 
716 -0.144776 -0.144776 
717 -0.145093 -0.145093 
718 -0.145412 -0.145412 
719 -0.145733 -0.145733 
720 -0.146057 -0.146057 
721 -0.146383 -0.146383 
722 -0.146712 -0.146712 
723 -0.147044 -0.147044 
724 -0.147378 -0.147378 
725 -0.147714 -0.147714 
726 -0.148053 -0.148053 
727 -0.148395 -0.148395 
728 -0.148739 -0.148739 
729 -0.149087 -0.149087 
730 -0.149436 -0.149436 
731 -0.149789 -0.149789 
732 -0.150144 -0.150144 
733 -0.150502 -0.150502 
734 -0.150862 -0.150862 
735 -0.151226 -0.151226 
736 -0.151592 -0.151592 
737 -0.151961 -0.151961 
738 -0.152333 -0.152333 
739 -0.152708 -0.152708 
740 -0.153085 -0.153085 
741 -0.153466 -0.153466 
742 -0.153849 -0.153849 
743 -0.154236 -0.154236 
744 -0.154625 -0.154625 
745 -0.155017 -0.155017 
746 -0.155413 -0.155413 
747 -0.155811 -0.155811 
748 -0.156213 -0.156213 
749 -0.156617 -0.156617 
750 -0.157025 -0.157025 
751 -0.157436 -0.157436 
752 -0.15785 -0.15785 
753 -0.158267 -0.158267 
754 -0.158687 -0.158687 
755 -0.159111 -0.159111 
756 -0.159538 -0.159538 
757 -0.159968 -0.159968 
758 -0.160401 -0.160401 
759 -0.160838 -0.160838 
760 -0.161278 -0.161278 
761 -0.161722 -0.161722 
762 -0.162169 -0.162169 
763 -0.162619 -0.162619 
764 -0.163073 -0.163073 
765 -0.16353 -0.16353 
766 -0.163991 -0.163991 
767 -0.164456 -0.164456 
768 -0.164924 -0.164924 
769 -0.165396 -0.165396 
770 -0.165871 -0.165871 
771 -0.16635 -0.16635 
772 -0.166833 -0.166833 
773 -0.167319 -0.167319 
774 -0.167809 -0.167809 
775 -0.168303 -0.168303 
776 -0.168801 -0.168801 
777 -0.169303 -0.169303 
778 -0.169808 -0.169808 
779 -0.170318 -0.170318 
780 -0.170831 -0.170831 
781 -0.171349 -0.171349 
782 -0.17187 -0.17187 
783 -0.172396 -0.172396 
784 -0.172926 -0.172926 
785 -0.173459 -0.173459 
786 -0.173997 -0.173997 
787 -0.17454 -0.17454 
788 -0.175086 -0.175086 
789 -0.175637 -0.175637 
790 -0.176191 -0.176191 
791 -0.176751 -0.176751 
792 -0.177314 -0.177314 
793 -0.177883 -0.177883 
794 -0.178455 -0.178455 
795 -0.179032 -0.179032 
796 -0.179614 -0.179614 
797 -0.1802 -0.1802 
798 -0.180791 -0.180791 
799 -0.181386 -0.181386 
800 -0.181986 -0.181986 
801 -0.182591 -0.182591 
802 -0.1832 -0.1832 
803 -0.183815 -0.183815 
804 -0.184434 -0.184434 
805 -0.185058 -0.185058 
806 -0.185687 -0.185687 
807 -0.186322 -0.186322 
808 -0.186961 -0.186961 
809 -0.187605 -0.187605 
810 -0.188254 -0.188254 
811 -0.188909 -0.188909 
812 -0.189569 -0.189569 
813 -0.190234 -0.190234 
814 -0.190904 -0.190904 
815 -0.191579 -0.191579 
816 -0.19226 -0.19226 
817 -0.192947 -0.192947 
818 -0.193639 -0.193639 
819 -0.194337 -0.194337 
820 -0.19504 -0.19504 
821 -0.195748 -0.195748 
822 -0.196463 -0.196463 
823 -0.197183 -0.197183 
824 -0.197909 -0.197909 
825 -0.198641 -0.198641 
826 -0.199379 -0.199379 
827 -0.200123 -0.200123 
828 -0.200873 -0.200873 
829 -0.201629 -0.201629 
830 -0.202391 -0.202391 
831 -0.203159 -0.203159 
832 -0.203933 -0.203933 
833 -0.204714 -0.204714 
834 -0.205501 -0.205501 
835 -0.206295 -0.206295 
836 -0.207095 -0.207095 
837 -0.207902 -0.207902 
838 -0.208715 -0.208715 
839 -0.209535 -0.209535 
840 -0.210361 -0.210361 
841 -0.211195 -0.211195 
842 -0.212035 -0.212035 
843 -0.212882 -0.212882 
844 -0.213736 -0.213736 
845 -0.214597 -0.214597 
846 -0.215466 -0.215466 
847 -0.216341 -0.216341 
848 -0.217224 -0.217224 
849 -0.218114 -0.218114 
850 -0.219012 -0.219012 
851 -0.219917 -0.219917 
852 -0.220829 -0.220829 
853 -0.221749 -0.221749 
854 -0.222677 -0.222677 
855 -0.223613 -0.223613 
856 -0.224556 -0.224556 
857 -0.225507 -0.225507 
858 -0.226467 -0.226467 
859 -0.227434 -0.227434 
860 -0.228409 -0.228409 
861 -0.229393 -0.229393 
862 -0.230385 -0.230385 
863 -0.231385 -0.231385 
864 -0.232394 -0.232394 
865 -0.233412 -0.233412 
866 -0.234438 -0.234438 
867 -0.235472 -0.235472 
868 -0.236516 -0.236516 
869 -0.237568 -0.237568 
870 -0.23863 -0.23863 
871 -0.2397 -0.2397 
872 -0.24078 -0.24078 
873 -0.241868 -0.241868 
874 -0.242966 -0.242966 
875 -0.244074 -0.244074 
876 -0.245191 -0.245191 
877 -0.246318 -0.246318 
878 -0.247454 -0.247454 
879 -0.2486 -0.2486 
880 -0.249756 -0.249756 
881 -0.250923 -0.250923 
882 -0.252099 -0.252099 
883 -0.253285 -0.253285 
884 -0.254482 -0.254482 
885 -0.255689 -0.255689 
886 -0.256907 -0.256907 
887 -0.258135 -0.258135 
888 -0.259374 -0.259374 
889 -0.260624 -0.260624 
890 -0.261884 -0.261884 
891 -0.263156 -0.263156 
892 -0.264439 -0.264439 
893 -0.265734 -0.265734 
894 -0.267039 -0.267039 
895 -0.268356 -0.268356 
896 -0.269685 -0.269685 
897 -0.271026 -0.271026 
898 -0.272378 -0.272378 
899 -0.273743 -0.273743 
900 -0.275119 -0.275119 
901 -0.276508 -0.276508 
902 -0.277909 -0.277909 
903 -0.279323 -0.279323 
904 -0.280749 -0.280749 
905 -0.282188 -0.282188 
906 -0.28364 -0.28364 
907 -0.285105 -0.285105 
908 -0.286583 -0.286583 
909 -0.288075 -0.288075 
910 -0.28958 -0.28958 
911 -0.291098 -0.291098 
912 -0.29263 -0.29263 
913 -0.294177 -0.294177 
914 -0.295737 -0.295737 
915 -0.297311 -0.297311 
916 -0.298899 -0.298899 
917 -0.300502 -0.300502 
918 -0.30212 -0.30212 
919 -0.303752 -0.303752 
920 -0.305399 -0.305399 
921 -0.307062 -0.307062 
922 -0.308739 -0.308739 
923 -0.310432 -0.310432 
924 -0.312141 -0.312141 
925 -0.313865 -0.313865 
926 -0.315605 -0.315605 
927 -0.317361 -0.317361 
928 -0.319134 -0.319134 
929 -0.320923 -0.320923 
930 -0.322728 -0.322728 
931 -0.32455 -0.32455 
932 -0.326389 -0.326389 
933 -0.328246 -0.328246 
934 -0.330119 -0.330119 
935 -0.33201 -0.33201 
936 -0.333919 -0.333919 
937 -0.335846 -0.335846 
938 -0.33779 -0.33779 
939 -0.339753 -0.339753 
940 -0.341735 -0.341735 
941 -0.343735 -0.343735 
942 -0.345754 -0.345754 
943 -0.347792 -0.347792 
944 -0.349849 -0.349849 
945 -0.351926 -0.351926 
946 -0.354022 -0.354022 
947 -0.356139 -0.356139 
948 -0.358275 -0.358275 
949 -0.360432 -0.360432 
950 -0.36261 -0.36261 
951 -0.364808 -0.364808 
952 -0.367027 -0.367027 
953 -0.369268 -0.369268 
954 -0.37153 -0.37153 
955 -0.373813 -0.373813 
956 -0.376119 -0.376119 
957 -0.378447 -0.378447 
958 -0.380798 -0.380798 
959 -0.383171 -0.383171 
960 -0.385567 -0.385567 
961 -0.387986 -0.387986 
962 -0.390429 -0.390429 
963 -0.392896 -0.392896 
964 -0.395386 -0.395386 
965 -0.397901 -0.397901 
966 -0.400441 -0.400441 
967 -0.403005 -0.403005 
968 -0.405594 -0.405594 
969 -0.408209 -0.408209 
970 -0.410849 -0.410849 
971 -0.413515 -0.413515 
972 -0.416208 -0.416208 
973 -0.418927 -0.418927 
974 -0.421673 -0.421673 
975 -0.424446 -0.424446 
976 -0.427247 -0.427247 
977 -0.430075 -0.430075 
978 -0.432931 -0.432931 
979 -0.435816 -0.435816 
980 -0.438729 -0.438729 
981 -0.441672 -0.441672 
982 -0.444644 -0.444644 
983 -0.447645 -0.447645 
984 -0.450677 -0.450677 
985 -0.453739 -0.453739 
986 -0.456832 -0.456832 
987 -0.459956 -0.459956 
988 -0.463111 -0.463111 
989 -0.466298 -0.466298 
990 -0.469517 -0.469517 
991 -0.472769 -0.472769 
992 -0.476054 -0.476054 
993 -0.479371 -0.479371 
994 -0.482723 -0.482723 
995 -0.486109 -0.486109 
996 -0.489529 -0.489529 
997 -0.492984 -0.492984 
998 -0.496474 -0.496474 
999 -0.5 -0.5 
