0 -0.5 -0.5 
1 -0.495271 -0.495271 
2 -0.490606 -0.490606 
3 -0.486003 -0.486003 
4 -0.481461 -0.481461 
5 -0.476979 -0.476979 
6 -0.472557 -0.472557 
7 -0.468193 -0.468193 
8 -0.463887 -0.463887 
9 -0.459637 -0.459637 
10 -0.455444 -0.455444 
11 -0.451305 -0.451305 
12 -0.447221 -0.447221 
13 -0.44319 -0.44319 
14 -0.439212 -0.439212 
15 -0.435285 -0.435285 
16 -0.43141 -0.43141 
17 -0.427585 -0.427585 
18 -0.423809 -0.423809 
19 -0.420082 -0.420082 
20 -0.416404 -0.416404 
21 -0.412772 -0.412772 
22 -0.409187 -0.409187 
23 -0.405649 -0.405649 
24 -0.402155 -0.402155 
25 -0.398706 -0.398706 
26 -0.395301 -0.395301 
27 -0.391939 -0.391939 
28 -0.38862 -0.38862 
29 -0.385343 -0.385343 
30 -0.382108 -0.382108 
31 -0.378913 -0.378913 
32 -0.375758 -0.375758 
33 -0.372643 -0.372643 
34 -0.369567 -0.369567 
35 -0.36653 -0.36653 
36 -0.36353 -0.36353 
37 -0.360568 -0.360568 
38 -0.357643 -0.357643 
39 -0.354754 -0.354754 
40 -0.351901 -0.351901 
41 -0.349083 -0.349083 
42 -0.346299 -0.346299 
43 -0.34355 -0.34355 
44 -0.340835 -0.340835 
45 -0.338153 -0.338153 
46 -0.335504 -0.335504 
47 -0.332887 -0.332887 
48 -0.330302 -0.330302 
49 -0.327748 -0.327748 
50 -0.325225 -0.325225 
51 -0.322733 -0.322733 
52 -0.320271 -0.320271 
53 -0.317839 -0.317839 
54 -0.315436 -0.315436 
55 -0.313061 -0.313061 
56 -0.310715 -0.310715 
57 -0.308397 -0.308397 
58 -0.306107 -0.306107 
59 -0.303844 -0.303844 
60 -0.301608 -0.301608 
61 -0.299398 -0.299398 
62 -0.297214 -0.297214 
63 -0.295057 -0.295057 
64 -0.292924 -0.292924 
65 -0.290817 -0.290817 
66 -0.288734 -0.288734 
67 -0.286675 -0.286675 
68 -0.284641 -0.284641 
69 -0.28263 -0.28263 
70 -0.280643 -0.280643 
71 -0.278679 -0.278679 
72 -0.276737 -0.276737 
73 -0.274818 -0.274818 
74 -0.272921 -0.272921 
75 -0.271045 -0.271045 
76 -0.269191 -0.269191 
77 -0.267359 -0.267359 
78 -0.265547 -0.265547 
79 -0.263756 -0.263756 
80 -0.261985 -0.261985 
81 -0.260234 -0.260234 
82 -0.258503 -0.258503 
83 -0.256792 -0.256792 
84 -0.2551 -0.2551 
85 -0.253427 -0.253427 
86 -0.251773 -0.251773 
87 -0.250137 -0.250137 
88 -0.248519 -0.248519 
89 -0.24692 -0.24692 
90 -0.245338 -0.245338 
91 -0.243774 -0.243774 
92 -0.242227 -0.242227 
93 -0.240697 -0.240697 
94 -0.239184 -0.239184 
95 -0.237688 -0.237688 
96 -0.236208 -0.236208 
97 -0.234744 -0.234744 
98 -0.233296 -0.233296 
99 -0.231864 -0.231864 
100 -0.230448 -0.230448 
101 -0.229047 -0.229047 
102 -0.227661 -0.227661 
103 -0.22629 -0.22629 
104 -0.224934 -0.224934 
105 -0.223593 -0.223593 
106 -0.222265 -0.222265 
107 -0.220952 -0.220952 
108 -0.219654 -0.219654 
109 -0.218368 -0.218368 
110 -0.217097 -0.217097 
111 -0.215839 -0.215839 
112 -0.214595 -0.214595 
113 -0.213363 -0.213363 
114 -0.212145 -0.212145 
115 -0.210939 -0.210939 
116 -0.209746 -0.209746 
117 -0.208565 -0.208565 
118 -0.207397 -0.207397 
119 -0.206241 -0.206241 
120 -0.205097 -0.205097 
121 -0.203965 -0.203965 
122 -0.202845 -0.202845 
123 -0.201736 -0.201736 
124 -0.200639 -0.200639 
125 -0.199553 -0.199553 
126 -0.198478 -0.198478 
127 -0.197414 -0.197414 
128 -0.196361 -0.196361 
129 -0.195319 -0.195319 
130 -0.194287 -0.194287 
131 -0.193266 -0.193266 
132 -0.192255 -0.192255 
133 -0.191255 -0.191255 
134 -0.190264 -0.190264 
135 -0.189284 -0.189284 
136 -0.188313 -0.188313 
137 -0.187352 -0.187352 
138 -0.186401 -0.186401 
139 -0.185459 -0.185459 
140 -0.184526 -0.184526 
141 -0.183603 -0.183603 
142 -0.182689 -0.182689 
143 -0.181784 -0.181784 
144 -0.180888 -0.180888 
145 -0.180001 -0.180001 
146 -0.179123 -0.179123 
147 -0.178253 -0.178253 
148 -0.177392 -0.177392 
149 -0.176539 -0.176539 
150 -0.175694 -0.175694 
151 -0.174858 -0.174858 
152 -0.17403 -0.17403 
153 -0.17321 -0.17321 
154 -0.172398 -0.172398 
155 -0.171593 -0.171593 
156 -0.170797 -0.170797 
157 -0.170008 -0.170008 
158 -0.169226 -0.169226 
159 -0.168452 -0.168452 
160 -0.167686 -0.167686 
161 -0.166927 -0.166927 
162 -0.166175 -0.166175 
163 -0.16543 -0.16543 
164 -0.164692 -0.164692 
165 -0.163962 -0.163962 
166 -0.163238 -0.163238 
167 -0.162521 -0.162521 
168 -0.16181 -0.16181 
169 -0.161107 -0.161107 
170 -0.16041 -0.16041 
171 -0.159719 -0.159719 
172 -0.159035 -0.159035 
173 -0.158358 -0.158358 
174 -0.157686 -0.157686 
175 -0.157021 -0.157021 
176 -0.156362 -0.156362 
177 -0.15571 -0.15571 
178 -0.155063 -0.155063 
179 -0.154422 -0.154422 
180 -0.153787 -0.153787 
181 -0.153158 -0.153158 
182 -0.152534 -0.152534 
183 -0.151917 -0.151917 
184 -0.151305 -0.151305 
185 -0.150698 -0.150698 
186 -0.150097 -0.150097 
187 -0.149502 -0.149502 
188 -0.148912 -0.148912 
189 -0.148327 -0.148327 
190 -0.147748 -0.147748 
191 -0.147174 -0.147174 
192 -0.146605 -0.146605 
193 -0.146041 -0.146041 
194 -0.145482 -0.145482 
195 -0.144928 -0.144928 
196 -0.144379 -0.144379 
197 -0.143835 -0.143835 
198 -0.143296 -0.143296 
199 -0.142762 -0.142762 
200 -0.142232 -0.142232 
201 -0.141707 -0.141707 
202 -0.141187 -0.141187 
203 -0.140671 -0.140671 
204 -0.14016 -0.14016 
205 -0.139654 -0.139654 
206 -0.139151 -0.139151 
207 -0.138654 -0.138654 
208 -0.13816 -0.13816 
209 -0.137671 -0.137671 
210 -0.137187 -0.137187 
211 -0.136706 -0.136706 
212 -0.13623 -0.13623 
213 -0.135758 -0.135758 
214 -0.13529 -0.13529 
215 -0.134826 -0.134826 
216 -0.134366 -0.134366 
217 -0.13391 -0.13391 
218 -0.133458 -0.133458 
219 -0.133009 -0.133009 
220 -0.132565 -0.132565 
221 -0.132125 -0.132125 
222 -0.131688 -0.131688 
223 -0.131255 -0.131255 
224 -0.130826 -0.130826 
225 -0.1304 -0.1304 
226 -0.129978 -0.129978 
227 -0.12956 -0.12956 
228 -0.129145 -0.129145 
229 -0.128734 -0.128734 
230 -0.128327 -0.128327 
231 -0.127922 -0.127922 
232 -0.127522 -0.127522 
233 -0.127124 -0.127124 
234 -0.12673 -0.12673 
235 -0.12634 -0.12634 
236 -0.125952 -0.125952 
237 -0.125568 -0.125568 
238 -0.125187 -0.125187 
239 -0.12481 -0.12481 
240 -0.124435 -0.124435 
241 -0.124064 -0.124064 
242 -0.123696 -0.123696 
243 -0.123331 -0.123331 
244 -0.122969 -0.122969 
245 -0.12261 -0.12261 
246 -0.122254 -0.122254 
247 -0.121901 -0.121901 
248 -0.121551 -0.121551 
249 -0.121204 -0.121204 
250 -0.120859 -0.120859 
251 -0.120518 -0.120518 
252 -0.120179 -0.120179 
253 -0.119844 -0.119844 
254 -0.119511 -0.119511 
255 -0.119181 -0.119181 
256 -0.118853 -0.118853 
257 -0.118529 -0.118529 
258 -0.118207 -0.118207 
259 -0.117887 -0.117887 
260 -0.117571 -0.117571 
261 -0.117257 -0.117257 
262 -0.116945 -0.116945 
263 -0.116637 -0.116637 
264 -0.11633 -0.11633 
265 -0.116026 -0.116026 
266 -0.115725 -0.115725 
267 -0.115426 -0.115426 
268 -0.11513 -0.11513 
269 -0.114836 -0.114836 
270 -0.114545 -0.114545 
271 -0.114256 -0.114256 
272 -0.113969 -0.113969 
273 -0.113685 -0.113685 
274 -0.113403 -0.113403 
275 -0.113123 -0.113123 
276 -0.112846 -0.112846 
277 -0.112571 -0.112571 
278 -0.112298 -0.112298 
279 -0.112028 -0.112028 
280 -0.11176 -0.11176 
281 -0.111494 -0.111494 
282 -0.11123 -0.11123 
283 -0.110968 -0.110968 
284 -0.110709 -0.110709 
285 -0.110451 -0.110451 
286 -0.110196 -0.110196 
287 -0.109943 -0.109943 
288 -0.109692 -0.109692 
289 -0.109443 -0.109443 
290 -0.109196 -0.109196 
291 -0.108951 -0.108951 
292 -0.108708 -0.108708 
293 -0.108467 -0.108467 
294 -0.108228 -0.108228 
295 -0.107991 -0.107991 
296 -0.107756 -0.107756 
297 -0.107523 -0.107523 
298 -0.107292 -0.107292 
299 -0.107063 -0.107063 
300 -0.106836 -0.106836 
301 -0.10661 -0.10661 
302 -0.106387 -0.106387 
303 -0.106165 -0.106165 
304 -0.105945 -0.105945 
305 -0.105727 -0.105727 
306 -0.105511 -0.105511 
307 -0.105297 -0.105297 
308 -0.105084 -0.105084 
309 -0.104873 -0.104873 
310 -0.104664 -0.104664 
311 -0.104457 -0.104457 
312 -0.104251 -0.104251 
313 -0.104047 -0.104047 
314 -0.103845 -0.103845 
315 -0.103645 -0.103645 
316 -0.103446 -0.103446 
317 -0.103249 -0.103249 
318 -0.103053 -0.103053 
319 -0.102859 -0.102859 
320 -0.102667 -0.102667 
321 -0.102477 -0.102477 
322 -0.102288 -0.102288 
323 -0.102101 -0.102101 
324 -0.101915 -0.101915 
325 -0.101731 -0.101731 
326 -0.101548 -0.101548 
327 -0.101367 -0.101367 
328 -0.101188 -0.101188 
329 -0.10101 -0.10101 
330 -0.100833 -0.100833 
331 -0.100658 -0.100658 
332 -0.100485 -0.100485 
333 -0.100313 -0.100313 
334 -0.100143 -0.100143 
335 -0.0999737 -0.0999737 
336 -0.0998063 -0.0998063 
337 -0.0996403 -0.0996403 
338 -0.0994757 -0.0994757 
339 -0.0993126 -0.0993126 
340 -0.0991509 -0.0991509 
341 -0.0989907 -0.0989907 
342 -0.0988318 -0.0988318 
343 -0.0986744 -0.0986744 
344 -0.0985183 -0.0985183 
345 -0.0983636 -0.0983636 
346 -0.0982103 -0.0982103 
347 -0.0980584 -0.0980584 
348 -0.0979078 -0.0979078 
349 -0.0977586 -0.0977586 
350 -0.0976107 -0.0976107 
351 -0.0974642 -0.0974642 
352 -0.097319 -0.097319 
353 -0.0971751 -0.0971751 
354 -0.0970325 -0.0970325 
355 -0.0968912 -0.0968912 
356 -0.0967512 -0.0967512 
357 -0.0966125 -0.0966125 
358 -0.0964751 -0.0964751 
359 -0.096339 -0.096339 
360 -0.0962041 -0.0962041 
361 -0.0960705 -0.0960705 
362 -0.0959381 -0.0959381 
363 -0.0958069 -0.0958069 
364 -0.095677 -0.095677 
365 -0.0955484 -0.0955484 
366 -0.0954209 -0.0954209 
367 -0.0952947 -0.0952947 
368 -0.0951697 -0.0951697 
369 -0.0950459 -0.0950459 
370 -0.0949233 -0.0949233 
371 -0.0948018 -0.0948018 
372 -0.0946816 -0.0946816 
373 -0.0945625 -0.0945625 
374 -0.0944446 -0.0944446 
375 -0.0943279 -0.0943279 
376 -0.0942123 -0.0942123 
377 -0.0940979 -0.0940979 
378 -0.0939846 -0.0939846 
379 -0.0938725 -0.0938725 
380 -0.0937615 -0.0937615 
381 -0.0936516 -0.0936516 
382 -0.0935429 -0.0935429 
383 -0.0934352 -0.0934352 
384 -0.0933287 -0.0933287 
385 -0.0932233 -0.0932233 
386 -0.093119 -0.093119 
387 -0.0930158 -0.0930158 
388 -0.0929137 -0.0929137 
389 -0.0928127 -0.0928127 
390 -0.0927127 -0.0927127 
391 -0.0926138 -0.0926138 
392 -0.092516 -0.092516 
393 -0.0924193 -0.0924193 
394 -0.0923236 -0.0923236 
395 -0.092229 -0.092229 
396 -0.0921354 -0.0921354 
397 -0.0920429 -0.0920429 
398 -0.0919514 -0.0919514 
399 -0.091861 -0.091861 
400 -0.0917716 -0.0917716 
401 -0.0916832 -0.0916832 
402 -0.0915959 -0.0915959 
403 -0.0915096 -0.0915096 
404 -0.0914243 -0.0914243 
405 -0.09134 -0.09134 
406 -0.0912567 -0.0912567 
407 -0.0911744 -0.0911744 
408 -0.0910931 -0.0910931 
409 -0.0910128 -0.0910128 
410 -0.0909335 -0.0909335 
411 -0.0908552 -0.0908552 
412 -0.0907779 -0.0907779 
413 -0.0907015 -0.0907015 
414 -0.0906262 -0.0906262 
415 -0.0905518 -0.0905518 
416 -0.0904784 -0.0904784 
417 -0.0904059 -0.0904059 
418 -0.0903344 -0.0903344 
419 -0.0902639 -0.0902639 
420 -0.0901943 -0.0901943 
421 -0.0901257 -0.0901257 
422 -0.090058 -0.090058 
423 -0.0899913 -0.0899913 
424 -0.0899255 -0.0899255 
425 -0.0898606 -0.0898606 
426 -0.0897967 -0.0897967 
427 -0.0897338 -0.0897338 
428 -0.0896717 -0.0896717 
429 -0.0896106 -0.0896106 
430 -0.0895504 -0.0895504 
431 -0.0894912 -0.0894912 
432 -0.0894328 -0.0894328 
433 -0.0893754 -0.0893754 
434 -0.0893189 -0.0893189 
435 -0.0892633 -0.0892633 
436 -0.0892086 -0.0892086 
437 -0.0891548 -0.0891548 
438 -0.0891019 -0.0891019 
439 -0.0890499 -0.0890499 
440 -0.0889988 -0.0889988 
441 -0.0889486 -0.0889486 
442 -0.0888994 -0.0888994 
443 -0.088851 -0.088851 
444 -0.0888034 -0.0888034 
445 -0.0887568 -0.0887568 
446 -0.0887111 -0.0887111 
447 -0.0886662 -0.0886662 
448 -0.0886223 -0.0886223 
449 -0.0885792 -0.0885792 
450 -0.0885369 -0.0885369 
451 -0.0884956 -0.0884956 
452 -0.0884551 -0.0884551 
453 -0.0884155 -0.0884155 
454 -0.0883768 -0.0883768 
455 -0.0883389 -0.0883389 
456 -0.088302 -0.088302 
457 -0.0882658 -0.0882658 
458 -0.0882306 -0.0882306 
459 -0.0881961 -0.0881961 
460 -0.0881626 -0.0881626 
461 -0.0881299 -0.0881299 
462 -0.0880981 -0.0880981 
463 -0.0880671 -0.0880671 
464 -0.088037 -0.088037 
465 -0.0880077 -0.0880077 
466 -0.0879793 -0.0879793 
467 -0.0879517 -0.0879517 
468 -0.087925 -0.087925 
469 -0.0878991 -0.0878991 
470 -0.0878741 -0.0878741 
471 -0.0878499 -0.0878499 
472 -0.0878266 -0.0878266 
473 -0.0878041 -0.0878041 
474 -0.0877824 -0.0877824 
475 -0.0877616 -0.0877616 
476 -0.0877417 -0.0877417 
477 -0.0877225 -0.0877225 
478 -0.0877042 -0.0877042 
479 -0.0876868 -0.0876868 
480 -0.0876701 -0.0876701 
481 -0.0876544 -0.0876544 
482 -0.0876394 -0.0876394 
483 -0.0876253 -0.0876253 
484 -0.087612 -0.087612 
485 -0.0875996 -0.0875996 
486 -0.0875879 -0.0875879 
487 -0.0875772 -0.0875772 
488 -0.0875672 -0.0875672 
489 -0.0875581 -0.0875581 
490 -0.0875498 -0.0875498 
491 -0.0875423 -0.0875423 
492 -0.0875357 -0.0875357 
493 -0.0875299 -0.0875299 
494 -0.0875249 -0.0875249 
495 -0.0875208 -0.0875208 
496 -0.0875175 -0.0875175 
497 -0.087515 -0.087515 
498 -0.0875133 -0.0875133 
499 -0.0875125 -0.0875125 
500 -0.0875125 -0.0875125 
501 -0.0875133 -0.0875133 
502 -0.087515 -0.087515 
503 -0.0875175 -0.0875175 
504 -0.0875208 -0.0875208 
505 -0.0875249 -0.0875249 
506 -0.0875299 -0.0875299 
507 -0.0875357 -0.0875357 
508 -0.0875423 -0.0875423 
509 -0.0875498 -0.0875498 
510 -0.0875581 -0.0875581 
511 -0.0875672 -0.0875672 
512 -0.0875772 -0.0875772 
513 -0.0875879 -0.0875879 
514 -0.0875996 -0.0875996 
515 -0.087612 -0.087612 
516 -0.0876253 -0.0876253 
517 -0.0876394 -0.0876394 
518 -0.0876544 -0.0876544 
519 -0.0876701 -0.0876701 
520 -0.0876868 -0.0876868 
521 -0.0877042 -0.0877042 
522 -0.0877225 -0.0877225 
523 -0.0877417 -0.0877417 
524 -0.0877616 -0.0877616 
525 -0.0877824 -0.0877824 
526 -0.0878041 -0.0878041 
527 -0.0878266 -0.0878266 
528 -0.0878499 -0.0878499 
529 -0.0878741 -0.0878741 
530 -0.0878991 -0.0878991 
531 -0.087925 -0.087925 
532 -0.0879517 -0.0879517 
533 -0.0879793 -0.0879793 
534 -0.0880077 -0.0880077 
535 -0.088037 -0.088037 
536 -0.0880671 -0.0880671 
537 -0.0880981 -0.0880981 
538 -0.0881299 -0.0881299 
539 -0.0881626 -0.0881626 
540 -0.0881961 -0.0881961 
541 -0.0882306 -0.0882306 
542 -0.0882658 -0.0882658 
543 -0.088302 -0.088302 
544 -0.0883389 -0.0883389 
545 -0.0883768 -0.0883768 
546 -0.0884155 -0.0884155 
547 -0.0884551 -0.0884551 
548 -0.0884956 -0.0884956 
549 -0.0885369 -0.0885369 
550 -0.0885792 -0.0885792 
551 -0.0886223 -0.0886223 
552 -0.0886662 -0.0886662 
553 -0.0887111 -0.0887111 
554 -0.0887568 -0.0887568 
555 -0.0888034 -0.0888034 
556 -0.088851 -0.088851 
557 -0.0888994 -0.0888994 
558 -0.0889486 -0.0889486 
559 -0.0889988 -0.0889988 
560 -0.0890499 -0.0890499 
561 -0.0891019 -0.0891019 
562 -0.0891548 -0.0891548 
563 -0.0892086 -0.0892086 
564 -0.0892633 -0.0892633 
565 -0.0893189 -0.0893189 
566 -0.0893754 -0.0893754 
567 -0.0894328 -0.0894328 
568 -0.0894912 -0.0894912 
569 -0.0895504 -0.0895504 
570 -0.0896106 -0.0896106 
571 -0.0896717 -0.0896717 
572 -0.0897338 -0.0897338 
573 -0.0897967 -0.0897967 
574 -0.0898606 -0.0898606 
575 -0.0899255 -0.0899255 
576 -0.0899913 -0.0899913 
577 -0.090058 -0.090058 
578 -0.0901257 -0.0901257 
579 -0.0901943 -0.0901943 
580 -0.0902639 -0.0902639 
581 -0.0903344 -0.0903344 
582 -0.0904059 -0.0904059 
583 -0.0904784 -0.0904784 
584 -0.0905518 -0.0905518 
585 -0.0906262 -0.0906262 
586 -0.0907015 -0.0907015 
587 -0.0907779 -0.0907779 
588 -0.0908552 -0.0908552 
589 -0.0909335 -0.0909335 
590 -0.0910128 -0.0910128 
591 -0.0910931 -0.0910931 
592 -0.0911744 -0.0911744 
593 -0.0912567 -0.0912567 
594 -0.09134 -0.09134 
595 -0.0914243 -0.0914243 
596 -0.0915096 -0.0915096 
597 -0.0915959 -0.0915959 
598 -0.0916832 -0.0916832 
599 -0.0917716 -0.0917716 
600 -0.091861 -0.091861 
601 -0.0919514 -0.0919514 
602 -0.0920429 -0.0920429 
603 -0.0921354 -0.0921354 
604 -0.092229 -0.092229 
605 -0.0923236 -0.0923236 
606 -0.0924193 -0.0924193 
607 -0.092516 -0.092516 
608 -0.0926138 -0.0926138 
609 -0.0927127 -0.0927127 
610 -0.0928127 -0.0928127 
611 -0.0929137 -0.0929137 
612 -0.0930158 -0.0930158 
613 -0.093119 -0.093119 
614 -0.0932233 -0.0932233 
615 -0.0933287 -0.0933287 
616 -0.0934352 -0.0934352 
617 -0.0935429 -0.0935429 
618 -0.0936516 -0.0936516 
619 -0.0937615 -0.0937615 
620 -0.0938725 -0.0938725 
621 -0.0939846 -0.0939846 
622 -0.0940979 -0.0940979 
623 -0.0942123 -0.0942123 
624 -0.0943279 -0.0943279 
625 -0.0944446 -0.0944446 
626 -0.0945625 -0.0945625 
627 -0.0946816 -0.0946816 
628 -0.0948018 -0.0948018 
629 -0.0949233 -0.0949233 
630 -0.0950459 -0.0950459 
631 -0.0951697 -0.0951697 
632 -0.0952947 -0.0952947 
633 -0.0954209 -0.0954209 
634 -0.0955484 -0.0955484 
635 -0.095677 -0.095677 
636 -0.0958069 -0.0958069 
637 -0.0959381 -0.0959381 
638 -0.0960705 -0.0960705 
639 -0.0962041 -0.0962041 
640 -0.096339 -0.096339 
641 -0.0964751 -0.0964751 
642 -0.0966125 -0.0966125 
643 -0.0967512 -0.0967512 
644 -0.0968912 -0.0968912 
645 -0.0970325 -0.0970325 
646 -0.0971751 -0.0971751 
647 -0.097319 -0.097319 
648 -0.0974642 -0.0974642 
649 -0.0976107 -0.0976107 
650 -0.0977586 -0.0977586 
651 -0.0979078 -0.0979078 
652 -0.0980584 -0.0980584 
653 -0.0982103 -0.0982103 
654 -0.0983636 -0.0983636 
655 -0.0985183 -0.0985183 
656 -0.0986744 -0.0986744 
657 -0.0988318 -0.0988318 
658 -0.0989907 -0.0989907 
659 -0.0991509 -0.0991509 
660 -0.0993126 -0.0993126 
661 -0.0994757 -0.0994757 
662 -0.0996403 -0.0996403 
663 -0.0998063 -0.0998063 
664 -0.0999737 -0.0999737 
665 -0.100143 -0.100143 
666 -0.100313 -0.100313 
667 -0.100485 -0.100485 
668 -0.100658 -0.100658 
669 -0.100833 -0.100833 
670 -0.10101 -0.10101 
671 -0.101188 -0.101188 
672 -0.101367 -0.101367 
673 -0.101548 -0.101548 
674 -0.101731 -0.101731 
675 -0.101915 -0.101915 
676 -0.102101 -0.102101 
677 -0.102288 -0.102288 
678 -0.102477 -0.102477 
679 -0.102667 -0.102667 
680 -0.102859 -0.102859 
681 -0.103053 -0.103053 
682 -0.103249 -0.103249 
683 -0.103446 -0.103446 
684 -0.103645 -0.103645 
685 -0.103845 -0.103845 
686 -0.104047 -0.104047 
687 -0.104251 -0.104251 
688 -0.104457 -0.104457 
689 -0.104664 -0.104664 
690 -0.104873 -0.104873 
691 -0.105084 -0.105084 
692 -0.105297 -0.105297 
693 -0.105511 -0.105511 
694 -0.105727 -0.105727 
695 -0.105945 -0.105945 
696 -0.106165 -0.106165 
697 -0.106387 -0.106387 
698 -0.10661 -0.10661 
699 -0.106836 -0.106836 
700 -0.107063 -0.107063 
701 -0.107292 -0.107292 
702 -0.107523 -0.107523 
703 -0.107756 -0.107756 
704 -0.107991 -0.107991 
705 -0.108228 -0.108228 
706 -0.108467 -0.108467 
707 -0.108708 -0.108708 
708 -0.108951 -0.108951 
709 -0.109196 -0.109196 
710 -0.109443 -0.109443 
711 -0.109692 -0.109692 
712 -0.109943 -0.109943 
713 -0.110196 -0.110196 
714 -0.110451 -0.110451 
715 -0.110709 -0.110709 
716 -0.110968 -0.110968 
717 -0.11123 -0.11123 
718 -0.111494 -0.111494 
719 -0.11176 -0.11176 
720 -0.112028 -0.112028 
721 -0.112298 -0.112298 
722 -0.112571 -0.112571 
723 -0.112846 -0.112846 
724 -0.113123 -0.113123 
725 -0.113403 -0.113403 
726 -0.113685 -0.113685 
727 -0.113969 -0.113969 
728 -0.114256 -0.114256 
729 -0.114545 -0.114545 
730 -0.114836 -0.114836 
731 -0.11513 -0.11513 
732 -0.115426 -0.115426 
733 -0.115725 -0.115725 
734 -0.116026 -0.116026 
735 -0.11633 -0.11633 
736 -0.116637 -0.116637 
737 -0.116945 -0.116945 
738 -0.117257 -0.117257 
739 -0.117571 -0.117571 
740 -0.117887 -0.117887 
741 -0.118207 -0.118207 
742 -0.118529 -0.118529 
743 -0.118853 -0.118853 
744 -0.119181 -0.119181 
745 -0.119511 -0.119511 
746 -0.119844 -0.119844 
747 -0.120179 -0.120179 
748 -0.120518 -0.120518 
749 -0.120859 -0.120859 
750 -0.121204 -0.121204 
751 -0.121551 -0.121551 
752 -0.121901 -0.121901 
753 -0.122254 -0.122254 
754 -0.12261 -0.12261 
755 -0.122969 -0.122969 
756 -0.123331 -0.123331 
757 -0.123696 -0.123696 
758 -0.124064 -0.124064 
759 -0.124435 -0.124435 
760 -0.12481 -0.12481 
761 -0.125187 -0.125187 
762 -0.125568 -0.125568 
763 -0.125952 -0.125952 
764 -0.12634 -0.12634 
765 -0.12673 -0.12673 
766 -0.127124 -0.127124 
767 -0.127522 -0.127522 
768 -0.127922 -0.127922 
769 -0.128327 -0.128327 
770 -0.128734 -0.128734 
771 -0.129145 -0.129145 
772 -0.12956 -0.12956 
773 -0.129978 -0.129978 
774 -0.1304 -0.1304 
775 -0.130826 -0.130826 
776 -0.131255 -0.131255 
777 -0.131688 -0.131688 
778 -0.132125 -0.132125 
779 -0.132565 -0.132565 
780 -0.133009 -0.133009 
781 -0.133458 -0.133458 
782 -0.13391 -0.13391 
783 -0.134366 -0.134366 
784 -0.134826 -0.134826 
785 -0.13529 -0.13529 
786 -0.135758 -0.135758 
787 -0.13623 -0.13623 
788 -0.136706 -0.136706 
789 -0.137187 -0.137187 
790 -0.137671 -0.137671 
791 -0.13816 -0.13816 
792 -0.138654 -0.138654 
793 -0.139151 -0.139151 
794 -0.139654 -0.139654 
795 -0.14016 -0.14016 
796 -0.140671 -0.140671 
797 -0.141187 -0.141187 
798 -0.141707 -0.141707 
799 -0.142232 -0.142232 
800 -0.142762 -0.142762 
801 -0.143296 -0.143296 
802 -0.143835 -0.143835 
803 -0.144379 -0.144379 
804 -0.144928 -0.144928 
805 -0.145482 -0.145482 
806 -0.146041 -0.146041 
807 -0.146605 -0.146605 
808 -0.147174 -0.147174 
809 -0.147748 -0.147748 
810 -0.148327 -0.148327 
811 -0.148912 -0.148912 
812 -0.149502 -0.149502 
813 -0.150097 -0.150097 
814 -0.150698 -0.150698 
815 -0.151305 -0.151305 
816 -0.151917 -0.151917 
817 -0.152534 -0.152534 
818 -0.153158 -0.153158 
819 -0.153787 -0.153787 
820 -0.154422 -0.154422 
821 -0.155063 -0.155063 
822 -0.15571 -0.15571 
823 -0.156362 -0.156362 
824 -0.157021 -0.157021 
825 -0.157686 -0.157686 
826 -0.158358 -0.158358 
827 -0.159035 -0.159035 
828 -0.159719 -0.159719 
829 -0.16041 -0.16041 
830 -0.161107 -0.161107 
831 -0.16181 -0.16181 
832 -0.162521 -0.162521 
833 -0.163238 -0.163238 
834 -0.163962 -0.163962 
835 -0.164692 -0.164692 
836 -0.16543 -0.16543 
837 -0.166175 -0.166175 
838 -0.166927 -0.166927 
839 -0.167686 -0.167686 
840 -0.168452 -0.168452 
841 -0.169226 -0.169226 
842 -0.170008 -0.170008 
843 -0.170797 -0.170797 
844 -0.171593 -0.171593 
845 -0.172398 -0.172398 
846 -0.17321 -0.17321 
847 -0.17403 -0.17403 
848 -0.174858 -0.174858 
849 -0.175694 -0.175694 
850 -0.176539 -0.176539 
851 -0.177392 -0.177392 
852 -0.178253 -0.178253 
853 -0.179123 -0.179123 
854 -0.180001 -0.180001 
855 -0.180888 -0.180888 
856 -0.181784 -0.181784 
857 -0.182689 -0.182689 
858 -0.183603 -0.183603 
859 -0.184526 -0.184526 
860 -0.185459 -0.185459 
861 -0.186401 -0.186401 
862 -0.187352 -0.187352 
863 -0.188313 -0.188313 
864 -0.189284 -0.189284 
865 -0.190264 -0.190264 
866 -0.191255 -0.191255 
867 -0.192255 -0.192255 
868 -0.193266 -0.193266 
869 -0.194287 -0.194287 
870 -0.195319 -0.195319 
871 -0.196361 -0.196361 
872 -0.197414 -0.197414 
873 -0.198478 -0.198478 
874 -0.199553 -0.199553 
875 -0.200639 -0.200639 
876 -0.201736 -0.201736 
877 -0.202845 -0.202845 
878 -0.203965 -0.203965 
879 -0.205097 -0.205097 
880 -0.206241 -0.206241 
881 -0.207397 -0.207397 
882 -0.208565 -0.208565 
883 -0.209746 -0.209746 
884 -0.210939 -0.210939 
885 -0.212145 -0.212145 
886 -0.213363 -0.213363 
887 -0.214595 -0.214595 
888 -0.215839 -0.215839 
889 -0.217097 -0.217097 
890 -0.218368 -0.218368 
891 -0.219654 -0.219654 
892 -0.220952 -0.220952 
893 -0.222265 -0.222265 
894 -0.223593 -0.223593 
895 -0.224934 -0.224934 
896 -0.22629 -0.22629 
897 -0.227661 -0.227661 
898 -0.229047 -0.229047 
899 -0.230448 -0.230448 
900 -0.231864 -0.231864 
901 -0.233296 -0.233296 
902 -0.234744 -0.234744 
903 -0.236208 -0.236208 
904 -0.237688 -0.237688 
905 -0.239184 -0.239184 
906 -0.240697 -0.240697 
907 -0.242227 -0.242227 
908 -0.243774 -0.243774 
909 -0.245338 -0.245338 
910 -0.24692 -0.24692 
911 -0.248519 -0.248519 
912 -0.250137 -0.250137 
913 -0.251773 -0.251773 
914 -0.253427 -0.253427 
915 -0.2551 -0.2551 
916 -0.256792 -0.256792 
917 -0.258503 -0.258503 
918 -0.260234 -0.260234 
919 -0.261985 -0.261985 
920 -0.263756 -0.263756 
921 -0.265547 -0.265547 
922 -0.267359 -0.267359 
923 -0.269191 -0.269191 
924 -0.271045 -0.271045 
925 -0.272921 -0.272921 
926 -0.274818 -0.274818 
927 -0.276737 -0.276737 
928 -0.278679 -0.278679 
929 -0.280643 -0.280643 
930 -0.28263 -0.28263 
931 -0.284641 -0.284641 
932 -0.286675 -0.286675 
933 -0.288734 -0.288734 
934 -0.290817 -0.290817 
935 -0.292924 -0.292924 
936 -0.295057 -0.295057 
937 -0.297214 -0.297214 
938 -0.299398 -0.299398 
939 -0.301608 -0.301608 
940 -0.303844 -0.303844 
941 -0.306107 -0.306107 
942 -0.308397 -0.308397 
943 -0.310715 -0.310715 
944 -0.313061 -0.313061 
945 -0.315436 -0.315436 
946 -0.317839 -0.317839 
947 -0.320271 -0.320271 
948 -0.322733 -0.322733 
949 -0.325225 -0.325225 
950 -0.327748 -0.327748 
951 -0.330302 -0.330302 
952 -0.332887 -0.332887 
953 -0.335504 -0.335504 
954 -0.338153 -0.338153 
955 -0.340835 -0.340835 
956 -0.34355 -0.34355 
957 -0.346299 -0.346299 
958 -0.349083 -0.349083 
959 -0.351901 -0.351901 
960 -0.354754 -0.354754 
961 -0.357643 -0.357643 
962 -0.360568 -0.360568 
963 -0.36353 -0.36353 
964 -0.36653 -0.36653 
965 -0.369567 -0.369567 
966 -0.372643 -0.372643 
967 -0.375758 -0.375758 
968 -0.378913 -0.378913 
969 -0.382108 -0.382108 
970 -0.385343 -0.385343 
971 -0.38862 -0.38862 
972 -0.391939 -0.391939 
973 -0.395301 -0.395301 
974 -0.398706 -0.398706 
975 -0.402155 -0.402155 
976 -0.405649 -0.405649 
977 -0.409187 -0.409187 
978 -0.412772 -0.412772 
979 -0.416404 -0.416404 
980 -0.420082 -0.420082 
981 -0.423809 -0.423809 
982 -0.427585 -0.427585 
983 -0.43141 -0.43141 
984 -0.435285 -0.435285 
985 -0.439212 -0.439212 
986 -0.44319 -0.44319 
987 -0.447221 -0.447221 
988 -0.451305 -0.451305 
989 -0.455444 -0.455444 
990 -0.459637 -0.459637 
991 -0.463887 -0.463887 
992 -0.468193 -0.468193 
993 -0.472557 -0.472557 
994 -0.476979 -0.476979 
995 -0.481461 -0.481461 
996 -0.486003 -0.486003 
997 -0.490606 -0.490606 
998 -0.495271 -0.495271 
999 -0.5 -0.5 
