0 -0.981609 -0.981609 
1 -0.974158 -0.974158 
2 -0.966392 -0.966392 
3 -0.958678 -0.958678 
4 -0.951025 -0.951025 
5 -0.943433 -0.943433 
6 -0.935901 -0.935901 
7 -0.928429 -0.928429 
8 -0.921016 -0.921016 
9 -0.913663 -0.913663 
10 -0.906368 -0.906368 
11 -0.899132 -0.899132 
12 -0.891953 -0.891953 
13 -0.884832 -0.884832 
14 -0.877767 -0.877767 
15 -0.870759 -0.870759 
16 -0.863807 -0.863807 
17 -0.856911 -0.856911 
18 -0.850069 -0.850069 
19 -0.843282 -0.843282 
20 -0.836549 -0.836549 
21 -0.82987 -0.82987 
22 -0.823245 -0.823245 
23 -0.816672 -0.816672 
24 -0.810152 -0.810152 
25 -0.803683 -0.803683 
26 -0.797267 -0.797267 
27 -0.790902 -0.790902 
28 -0.784587 -0.784587 
29 -0.778323 -0.778323 
30 -0.772109 -0.772109 
31 -0.765944 -0.765944 
32 -0.759829 -0.759829 
33 -0.753762 -0.753762 
34 -0.747744 -0.747744 
35 -0.741774 -0.741774 
36 -0.735852 -0.735852 
37 -0.729977 -0.729977 
38 -0.724149 -0.724149 
39 -0.718367 -0.718367 
40 -0.712632 -0.712632 
41 -0.706942 -0.706942 
42 -0.701298 -0.701298 
43 -0.695699 -0.695699 
44 -0.690145 -0.690145 
45 -0.684634 -0.684634 
46 -0.679168 -0.679168 
47 -0.673746 -0.673746 
48 -0.668367 -0.668367 
49 -0.66303 -0.66303 
50 -0.657737 -0.657737 
51 -0.652485 -0.652485 
52 -0.647276 -0.647276 
53 -0.642108 -0.642108 
54 -0.636982 -0.636982 
55 -0.631896 -0.631896 
56 -0.626851 -0.626851 
57 -0.621846 -0.621846 
58 -0.616881 -0.616881 
59 -0.611956 -0.611956 
60 -0.60707 -0.60707 
61 -0.602223 -0.602223 
62 -0.597415 -0.597415 
63 -0.592646 -0.592646 
64 -0.587914 -0.587914 
65 -0.58322 -0.58322 
66 -0.578564 -0.578564 
67 -0.573944 -0.573944 
68 -0.569362 -0.569362 
69 -0.564816 -0.564816 
70 -0.560307 -0.560307 
71 -0.555833 -0.555833 
72 -0.551396 -0.551396 
73 -0.546993 -0.546993 
74 -0.542626 -0.542626 
75 -0.538294 -0.538294 
76 -0.533996 -0.533996 
77 -0.529733 -0.529733 
78 -0.525503 -0.525503 
79 -0.521308 -0.521308 
80 -0.517145 -0.517145 
81 -0.513017 -0.513017 
82 -0.508921 -0.508921 
83 -0.504857 -0.504857 
84 -0.500827 -0.500827 
85 -0.496828 -0.496828 
86 -0.492861 -0.492861 
87 -0.488926 -0.488926 
88 -0.485023 -0.485023 
89 -0.48115 -0.48115 
90 -0.477309 -0.477309 
91 -0.473498 -0.473498 
92 -0.469718 -0.469718 
93 -0.465967 -0.465967 
94 -0.462247 -0.462247 
95 -0.458557 -0.458557 
96 -0.454896 -0.454896 
97 -0.451264 -0.451264 
98 -0.447661 -0.447661 
99 -0.444087 -0.444087 
100 -0.440541 -0.440541 
101 -0.437024 -0.437024 
102 -0.433535 -0.433535 
103 -0.430073 -0.430073 
104 -0.42664 -0.42664 
105 -0.423233 -0.423233 
106 -0.419854 -0.419854 
107 -0.416502 -0.416502 
108 -0.413177 -0.413177 
109 -0.409878 -0.409878 
110 -0.406605 -0.406605 
111 -0.403359 -0.403359 
112 -0.400139 -0.400139 
113 -0.396944 -0.396944 
114 -0.393775 -0.393775 
115 -0.390631 -0.390631 
116 -0.387512 -0.387512 
117 -0.384418 -0.384418 
118 -0.381349 -0.381349 
119 -0.378304 -0.378304 
120 -0.375284 -0.375284 
121 -0.372288 -0.372288 
122 -0.369315 -0.369315 
123 -0.366367 -0.366367 
124 -0.363442 -0.363442 
125 -0.36054 -0.36054 
126 -0.357661 -0.357661 
127 -0.354806 -0.354806 
128 -0.351973 -0.351973 
129 -0.349163 -0.349163 
130 -0.346375 -0.346375 
131 -0.34361 -0.34361 
132 -0.340866 -0.340866 
133 -0.338145 -0.338145 
134 -0.335445 -0.335445 
135 -0.332767 -0.332767 
136 -0.33011 -0.33011 
137 -0.327475 -0.327475 
138 -0.32486 -0.32486 
139 -0.322266 -0.322266 
140 -0.319693 -0.319693 
141 -0.317141 -0.317141 
142 -0.314609 -0.314609 
143 -0.312097 -0.312097 
144 -0.309605 -0.309605 
145 -0.307133 -0.307133 
146 -0.304681 -0.304681 
147 -0.302249 -0.302249 
148 -0.299836 -0.299836 
149 -0.297442 -0.297442 
150 -0.295067 -0.295067 
151 -0.292711 -0.292711 
152 -0.290374 -0.290374 
153 -0.288056 -0.288056 
154 -0.285756 -0.285756 
155 -0.283474 -0.283474 
156 -0.281211 -0.281211 
157 -0.278966 -0.278966 
158 -0.276739 -0.276739 
159 -0.274529 -0.274529 
160 -0.272337 -0.272337 
161 -0.270163 -0.270163 
162 -0.268006 -0.268006 
163 -0.265866 -0.265866 
164 -0.263744 -0.263744 
165 -0.261638 -0.261638 
166 -0.259549 -0.259549 
167 -0.257477 -0.257477 
168 -0.255421 -0.255421 
169 -0.253382 -0.253382 
170 -0.251359 -0.251359 
171 -0.249352 -0.249352 
172 -0.247361 -0.247361 
173 -0.245386 -0.245386 
174 -0.243427 -0.243427 
175 -0.241484 -0.241484 
176 -0.239556 -0.239556 
177 -0.237643 -0.237643 
178 -0.235746 -0.235746 
179 -0.233863 -0.233863 
180 -0.231996 -0.231996 
181 -0.230144 -0.230144 
182 -0.228306 -0.228306 
183 -0.226484 -0.226484 
184 -0.224675 -0.224675 
185 -0.222882 -0.222882 
186 -0.221102 -0.221102 
187 -0.219337 -0.219337 
188 -0.217586 -0.217586 
189 -0.215848 -0.215848 
190 -0.214125 -0.214125 
191 -0.212416 -0.212416 
192 -0.21072 -0.21072 
193 -0.209037 -0.209037 
194 -0.207368 -0.207368 
195 -0.205713 -0.205713 
196 -0.20407 -0.20407 
197 -0.202441 -0.202441 
198 -0.200825 -0.200825 
199 -0.199221 -0.199221 
200 -0.197631 -0.197631 
201 -0.196053 -0.196053 
202 -0.194488 -0.194488 
203 -0.192935 -0.192935 
204 -0.191394 -0.191394 
205 -0.189866 -0.189866 
206 -0.18835 -0.18835 
207 -0.186847 -0.186847 
208 -0.185355 -0.185355 
209 -0.183875 -0.183875 
210 -0.182407 -0.182407 
211 -0.180951 -0.180951 
212 -0.179506 -0.179506 
213 -0.178073 -0.178073 
214 -0.176651 -0.176651 
215 -0.175241 -0.175241 
216 -0.173841 -0.173841 
217 -0.172453 -0.172453 
218 -0.171077 -0.171077 
219 -0.169711 -0.169711 
220 -0.168356 -0.168356 
221 -0.167012 -0.167012 
222 -0.165678 -0.165678 
223 -0.164355 -0.164355 
224 -0.163043 -0.163043 
225 -0.161741 -0.161741 
226 -0.16045 -0.16045 
227 -0.159169 -0.159169 
228 -0.157898 -0.157898 
229 -0.156638 -0.156638 
230 -0.155387 -0.155387 
231 -0.154146 -0.154146 
232 -0.152916 -0.152916 
233 -0.151695 -0.151695 
234 -0.150484 -0.150484 
235 -0.149282 -0.149282 
236 -0.14809 -0.14809 
237 -0.146908 -0.146908 
238 -0.145735 -0.145735 
239 -0.144571 -0.144571 
240 -0.143417 -0.143417 
241 -0.142272 -0.142272 
242 -0.141136 -0.141136 
243 -0.140009 -0.140009 
244 -0.138892 -0.138892 
245 -0.137783 -0.137783 
246 -0.136683 -0.136683 
247 -0.135591 -0.135591 
248 -0.134509 -0.134509 
249 -0.133435 -0.133435 
250 -0.13237 -0.13237 
251 -0.131313 -0.131313 
252 -0.130264 -0.130264 
253 -0.129224 -0.129224 
254 -0.128192 -0.128192 
255 -0.127169 -0.127169 
256 -0.126154 -0.126154 
257 -0.125146 -0.125146 
258 -0.124147 -0.124147 
259 -0.123156 -0.123156 
260 -0.122173 -0.122173 
261 -0.121197 -0.121197 
262 -0.12023 -0.12023 
263 -0.11927 -0.11927 
264 -0.118318 -0.118318 
265 -0.117373 -0.117373 
266 -0.116436 -0.116436 
267 -0.115506 -0.115506 
268 -0.114584 -0.114584 
269 -0.113669 -0.113669 
270 -0.112762 -0.112762 
271 -0.111861 -0.111861 
272 -0.110968 -0.110968 
273 -0.110082 -0.110082 
274 -0.109203 -0.109203 
275 -0.108331 -0.108331 
276 -0.107467 -0.107467 
277 -0.106608 -0.106608 
278 -0.105757 -0.105757 
279 -0.104913 -0.104913 
280 -0.104075 -0.104075 
281 -0.103244 -0.103244 
282 -0.10242 -0.10242 
283 -0.101602 -0.101602 
284 -0.100791 -0.100791 
285 -0.0999864 -0.0999864 
286 -0.0991881 -0.0991881 
287 -0.0983962 -0.0983962 
288 -0.0976106 -0.0976106 
289 -0.0968313 -0.0968313 
290 -0.0960582 -0.0960582 
291 -0.0952912 -0.0952912 
292 -0.0945304 -0.0945304 
293 -0.0937757 -0.0937757 
294 -0.093027 -0.093027 
295 -0.0922842 -0.0922842 
296 -0.0915474 -0.0915474 
297 -0.0908165 -0.0908165 
298 -0.0900914 -0.0900914 
299 -0.0893721 -0.0893721 
300 -0.0886586 -0.0886586 
301 -0.0879507 -0.0879507 
302 -0.0872485 -0.0872485 
303 -0.0865519 -0.0865519 
304 -0.0858609 -0.0858609 
305 -0.0851754 -0.0851754 
306 -0.0844953 -0.0844953 
307 -0.0838207 -0.0838207 
308 -0.0831515 -0.0831515 
309 -0.0824876 -0.0824876 
310 -0.081829 -0.081829 
311 -0.0811757 -0.0811757 
312 -0.0805276 -0.0805276 
313 -0.0798846 -0.0798846 
314 -0.0792468 -0.0792468 
315 -0.0786141 -0.0786141 
316 -0.0779864 -0.0779864 
317 -0.0773638 -0.0773638 
318 -0.0767461 -0.0767461 
319 -0.0761334 -0.0761334 
320 -0.0755255 -0.0755255 
321 -0.0749225 -0.0749225 
322 -0.0743243 -0.0743243 
323 -0.0737309 -0.0737309 
324 -0.0731422 -0.0731422 
325 -0.0725583 -0.0725583 
326 -0.0719789 -0.0719789 
327 -0.0714043 -0.0714043 
328 -0.0708342 -0.0708342 
329 -0.0702686 -0.0702686 
330 -0.0697076 -0.0697076 
331 -0.069151 -0.069151 
332 -0.0685989 -0.0685989 
333 -0.0680512 -0.0680512 
334 -0.0675079 -0.0675079 
335 -0.0669689 -0.0669689 
336 -0.0664342 -0.0664342 
337 -0.0659038 -0.0659038 
338 -0.0653776 -0.0653776 
339 -0.0648556 -0.0648556 
340 -0.0643378 -0.0643378 
341 -0.0638241 -0.0638241 
342 -0.0633146 -0.0633146 
343 -0.0628091 -0.0628091 
344 -0.0623076 -0.0623076 
345 -0.0618101 -0.0618101 
346 -0.0613166 -0.0613166 
347 -0.060827 -0.060827 
348 -0.0603414 -0.0603414 
349 -0.0598596 -0.0598596 
350 -0.0593817 -0.0593817 
351 -0.0589076 -0.0589076 
352 -0.0584373 -0.0584373 
353 -0.0579707 -0.0579707 
354 -0.0575078 -0.0575078 
355 -0.0570487 -0.0570487 
356 -0.0565932 -0.0565932 
357 -0.0561414 -0.0561414 
358 -0.0556931 -0.0556931 
359 -0.0552485 -0.0552485 
360 -0.0548074 -0.0548074 
361 -0.0543698 -0.0543698 
362 -0.0539357 -0.0539357 
363 -0.053505 -0.053505 
364 -0.0530778 -0.0530778 
365 -0.0526541 -0.0526541 
366 -0.0522337 -0.0522337 
367 -0.0518166 -0.0518166 
368 -0.0514029 -0.0514029 
369 -0.0509925 -0.0509925 
370 -0.0505854 -0.0505854 
371 -0.0501815 -0.0501815 
372 -0.0497808 -0.0497808 
373 -0.0493834 -0.0493834 
374 -0.0489891 -0.0489891 
375 -0.048598 -0.048598 
376 -0.0482099 -0.0482099 
377 -0.047825 -0.047825 
378 -0.0474432 -0.0474432 
379 -0.0470644 -0.0470644 
380 -0.0466886 -0.0466886 
381 -0.0463159 -0.0463159 
382 -0.0459461 -0.0459461 
383 -0.0455792 -0.0455792 
384 -0.0452153 -0.0452153 
385 -0.0448543 -0.0448543 
386 -0.0444962 -0.0444962 
387 -0.0441409 -0.0441409 
388 -0.0437885 -0.0437885 
389 -0.0434389 -0.0434389 
390 -0.043092 -0.043092 
391 -0.042748 -0.042748 
392 -0.0424067 -0.0424067 
393 -0.0420681 -0.0420681 
394 -0.0417322 -0.0417322 
395 -0.041399 -0.041399 
396 -0.0410685 -0.0410685 
397 -0.0407406 -0.0407406 
398 -0.0404153 -0.0404153 
399 -0.0400926 -0.0400926 
400 -0.0397725 -0.0397725 
401 -0.039455 -0.039455 
402 -0.0391399 -0.0391399 
403 -0.0388274 -0.0388274 
404 -0.0385174 -0.0385174 
405 -0.0382099 -0.0382099 
406 -0.0379048 -0.0379048 
407 -0.0376022 -0.0376022 
408 -0.037302 -0.037302 
409 -0.0370041 -0.0370041 
410 -0.0367087 -0.0367087 
411 -0.0364156 -0.0364156 
412 -0.0361249 -0.0361249 
413 -0.0358364 -0.0358364 
414 -0.0355503 -0.0355503 
415 -0.0352665 -0.0352665 
416 -0.0349849 -0.0349849 
417 -0.0347056 -0.0347056 
418 -0.0344285 -0.0344285 
419 -0.0341536 -0.0341536 
420 -0.0338809 -0.0338809 
421 -0.0336104 -0.0336104 
422 -0.033342 -0.033342 
423 -0.0330758 -0.0330758 
424 -0.0328117 -0.0328117 
425 -0.0325497 -0.0325497 
426 -0.0322899 -0.0322899 
427 -0.032032 -0.032032 
428 -0.0317763 -0.0317763 
429 -0.0315226 -0.0315226 
430 -0.0312709 -0.0312709 
431 -0.0310212 -0.0310212 
432 -0.0307735 -0.0307735 
433 -0.0305278 -0.0305278 
434 -0.0302841 -0.0302841 
435 -0.0300423 -0.0300423 
436 -0.0298024 -0.0298024 
437 -0.0295645 -0.0295645 
438 -0.0293284 -0.0293284 
439 -0.0290943 -0.0290943 
440 -0.028862 -0.028862 
441 -0.0286315 -0.0286315 
442 -0.0284029 -0.0284029 
443 -0.0281762 -0.0281762 
444 -0.0279512 -0.0279512 
445 -0.027728 -0.027728 
446 -0.0275066 -0.0275066 
447 -0.027287 -0.027287 
448 -0.0270692 -0.0270692 
449 -0.026853 -0.026853 
450 -0.0266386 -0.0266386 
451 -0.0264259 -0.0264259 
452 -0.0262149 -0.0262149 
453 -0.0260056 -0.0260056 
454 -0.025798 -0.025798 
455 -0.025592 -0.025592 
456 -0.0253877 -0.0253877 
457 -0.025185 -0.025185 
458 -0.0249839 -0.0249839 
459 -0.0247844 -0.0247844 
460 -0.0245865 -0.0245865 
461 -0.0243902 -0.0243902 
462 -0.0241955 -0.0241955 
463 -0.0240023 -0.0240023 
464 -0.0238107 -0.0238107 
465 -0.0236206 -0.0236206 
466 -0.023432 -0.023432 
467 -0.0232449 -0.0232449 
468 -0.0230593 -0.0230593 
469 -0.0228752 -0.0228752 
470 -0.0226925 -0.0226925 
471 -0.0225114 -0.0225114 
472 -0.0223316 -0.0223316 
473 -0.0221533 -0.0221533 
474 -0.0219764 -0.0219764 
475 -0.021801 -0.021801 
476 -0.0216269 -0.0216269 
477 -0.0214542 -0.0214542 
478 -0.0212829 -0.0212829 
479 -0.021113 -0.021113 
480 -0.0209445 -0.0209445 
481 -0.0207772 -0.0207772 
482 -0.0206114 -0.0206114 
483 -0.0204468 -0.0204468 
484 -0.0202835 -0.0202835 
485 -0.0201216 -0.0201216 
486 -0.019961 -0.019961 
487 -0.0198016 -0.0198016 
488 -0.0196435 -0.0196435 
489 -0.0194867 -0.0194867 
490 -0.0193312 -0.0193312 
491 -0.0191769 -0.0191769 
492 -0.0190239 -0.0190239 
493 -0.0188722 -0.0188722 
494 -0.0187217 -0.0187217 
495 -0.0185727 -0.0185727 
496 -0.0184254 -0.0184254 
497 -0.0182808 -0.0182808 
498 -0.0181467 -0.0181467 
499 -0.0183915 -0.0183915 
