0 -0.412547 -0.587453 
1 -0.411351 -0.585177 
2 -0.410217 -0.582858 
3 -0.40909 -0.580552 
4 -0.407968 -0.578259 
5 -0.406852 -0.57598 
6 -0.40574 -0.573715 
7 -0.404634 -0.571463 
8 -0.403534 -0.569225 
9 -0.402438 -0.567 
10 -0.401348 -0.564788 
11 -0.400263 -0.562589 
12 -0.399183 -0.560404 
13 -0.398108 -0.558232 
14 -0.397038 -0.556072 
15 -0.395973 -0.553926 
16 -0.394913 -0.551792 
17 -0.393858 -0.549671 
18 -0.392808 -0.547562 
19 -0.391763 -0.545467 
20 -0.390723 -0.543383 
21 -0.389688 -0.541312 
22 -0.388657 -0.539253 
23 -0.387632 -0.537207 
24 -0.386611 -0.535172 
25 -0.385595 -0.53315 
26 -0.384584 -0.531139 
27 -0.383578 -0.529141 
28 -0.382577 -0.527154 
29 -0.38158 -0.525179 
30 -0.380588 -0.523216 
31 -0.3796 -0.521264 
32 -0.378617 -0.519324 
33 -0.377639 -0.517395 
34 -0.376665 -0.515478 
35 -0.375696 -0.513572 
36 -0.374732 -0.511677 
37 -0.373772 -0.509793 
38 -0.372817 -0.507921 
39 -0.371866 -0.506059 
40 -0.370919 -0.504209 
41 -0.369977 -0.502369 
42 -0.36904 -0.50054 
43 -0.368107 -0.498722 
44 -0.367178 -0.496914 
45 -0.366254 -0.495118 
46 -0.365334 -0.493331 
47 -0.364418 -0.491555 
48 -0.363507 -0.48979 
49 -0.3626 -0.488035 
50 -0.361697 -0.48629 
51 -0.360798 -0.484555 
52 -0.359904 -0.482831 
53 -0.359014 -0.481116 
54 -0.358128 -0.479412 
55 -0.357247 -0.477717 
56 -0.356369 -0.476033 
57 -0.355496 -0.474358 
58 -0.354626 -0.472693 
59 -0.353761 -0.471038 
60 -0.3529 -0.469392 
61 -0.352043 -0.467756 
62 -0.35119 -0.46613 
63 -0.350341 -0.464512 
64 -0.349496 -0.462905 
65 -0.348655 -0.461306 
66 -0.347819 -0.459717 
67 -0.346986 -0.458138 
68 -0.346156 -0.456567 
69 -0.345331 -0.455005 
70 -0.34451 -0.453453 
71 -0.343693 -0.451909 
72 -0.342879 -0.450375 
73 -0.34207 -0.448849 
74 -0.341264 -0.447333 
75 -0.340462 -0.445824 
76 -0.339664 -0.444325 
77 -0.338869 -0.442835 
78 -0.338079 -0.441353 
79 -0.337292 -0.439879 
80 -0.336509 -0.438414 
81 -0.335729 -0.436958 
82 -0.334954 -0.43551 
83 -0.334182 -0.43407 
84 -0.333413 -0.432638 
85 -0.332648 -0.431215 
86 -0.331887 -0.4298 
87 -0.33113 -0.428393 
88 -0.330376 -0.426995 
89 -0.329626 -0.425604 
90 -0.328879 -0.424221 
91 -0.328136 -0.422847 
92 -0.327396 -0.42148 
93 -0.32666 -0.420121 
94 -0.325927 -0.41877 
95 -0.325198 -0.417426 
96 -0.324473 -0.41609 
97 -0.32375 -0.414762 
98 -0.323032 -0.413442 
99 -0.322316 -0.412129 
100 -0.321605 -0.410824 
101 -0.320896 -0.409526 
102 -0.320191 -0.408236 
103 -0.319489 -0.406953 
104 -0.318791 -0.405677 
105 -0.318096 -0.404409 
106 -0.317404 -0.403147 
107 -0.316716 -0.401894 
108 -0.316031 -0.400647 
109 -0.315349 -0.399407 
110 -0.31467 -0.398175 
111 -0.313995 -0.396949 
112 -0.313323 -0.395731 
113 -0.312654 -0.394519 
114 -0.311989 -0.393315 
115 -0.311326 -0.392117 
116 -0.310667 -0.390926 
117 -0.310011 -0.389742 
118 -0.309358 -0.388564 
119 -0.308708 -0.387394 
120 -0.308062 -0.38623 
121 -0.307418 -0.385072 
122 -0.306778 -0.383922 
123 -0.306141 -0.382777 
124 -0.305507 -0.38164 
125 -0.304875 -0.380508 
126 -0.304247 -0.379384 
127 -0.303622 -0.378265 
128 -0.303 -0.377153 
129 -0.302381 -0.376047 
130 -0.301766 -0.374948 
131 -0.301153 -0.373855 
132 -0.300543 -0.372768 
133 -0.299936 -0.371687 
134 -0.299331 -0.370612 
135 -0.29873 -0.369544 
136 -0.298132 -0.368481 
137 -0.297537 -0.367425 
138 -0.296944 -0.366374 
139 -0.296355 -0.36533 
140 -0.295768 -0.364291 
141 -0.295185 -0.363258 
142 -0.294604 -0.362232 
143 -0.294026 -0.361211 
144 -0.293451 -0.360195 
145 -0.292878 -0.359186 
146 -0.292309 -0.358182 
147 -0.291742 -0.357184 
148 -0.291178 -0.356192 
149 -0.290617 -0.355205 
150 -0.290058 -0.354224 
151 -0.289503 -0.353248 
152 -0.28895 -0.352278 
153 -0.288399 -0.351313 
154 -0.287852 -0.350354 
155 -0.287307 -0.3494 
156 -0.286765 -0.348452 
157 -0.286226 -0.347509 
158 -0.285689 -0.346571 
159 -0.285155 -0.345639 
160 -0.284624 -0.344712 
161 -0.284095 -0.34379 
162 -0.283569 -0.342873 
163 -0.283045 -0.341962 
164 -0.282524 -0.341056 
165 -0.282006 -0.340155 
166 -0.28149 -0.339259 
167 -0.280977 -0.338368 
168 -0.280467 -0.337482 
169 -0.279959 -0.336601 
170 -0.279453 -0.335725 
171 -0.278951 -0.334854 
172 -0.27845 -0.333988 
173 -0.277953 -0.333127 
174 -0.277457 -0.33227 
175 -0.276964 -0.331419 
176 -0.276474 -0.330572 
177 -0.275986 -0.32973 
178 -0.275501 -0.328893 
179 -0.275018 -0.328061 
180 -0.274538 -0.327234 
181 -0.27406 -0.326411 
182 -0.273584 -0.325592 
183 -0.273111 -0.324779 
184 -0.272641 -0.32397 
185 -0.272172 -0.323165 
186 -0.271706 -0.322365 
187 -0.271243 -0.32157 
188 -0.270782 -0.320779 
189 -0.270323 -0.319993 
190 -0.269867 -0.319211 
191 -0.269413 -0.318433 
192 -0.268961 -0.31766 
193 -0.268512 -0.316892 
194 -0.268065 -0.316127 
195 -0.26762 -0.315367 
196 -0.267178 -0.314612 
197 -0.266738 -0.31386 
198 -0.2663 -0.313113 
199 -0.265864 -0.31237 
200 -0.265431 -0.311631 
201 -0.265 -0.310897 
202 -0.264572 -0.310167 
203 -0.264145 -0.309441 
204 -0.263721 -0.308718 
205 -0.263299 -0.308001 
206 -0.262879 -0.307287 
207 -0.262462 -0.306577 
208 -0.262047 -0.305871 
209 -0.261634 -0.305169 
210 -0.261223 -0.304472 
211 -0.260814 -0.303778 
212 -0.260407 -0.303088 
213 -0.260003 -0.302402 
214 -0.259601 -0.30172 
215 -0.259201 -0.301042 
216 -0.258803 -0.300368 
217 -0.258407 -0.299698 
218 -0.258014 -0.299031 
219 -0.257622 -0.298369 
220 -0.257233 -0.29771 
221 -0.256846 -0.297055 
222 -0.256461 -0.296403 
223 -0.256077 -0.295755 
224 -0.255697 -0.295111 
225 -0.255318 -0.294471 
226 -0.254941 -0.293835 
227 -0.254566 -0.293202 
228 -0.254194 -0.292572 
229 -0.253823 -0.291947 
230 -0.253454 -0.291325 
231 -0.253088 -0.290706 
232 -0.252723 -0.290091 
233 -0.252361 -0.28948 
234 -0.252 -0.288872 
235 -0.251642 -0.288267 
236 -0.251286 -0.287666 
237 -0.250931 -0.287069 
238 -0.250579 -0.286475 
239 -0.250228 -0.285884 
240 -0.24988 -0.285297 
241 -0.249533 -0.284713 
242 -0.249189 -0.284133 
243 -0.248846 -0.283556 
244 -0.248506 -0.282982 
245 -0.248167 -0.282412 
246 -0.24783 -0.281845 
247 -0.247496 -0.281281 
248 -0.247163 -0.280721 
249 -0.246832 -0.280164 
250 -0.246503 -0.27961 
251 -0.246176 -0.279059 
252 -0.24585 -0.278512 
253 -0.245527 -0.277967 
254 -0.245206 -0.277426 
255 -0.244886 -0.276888 
256 -0.244569 -0.276353 
257 -0.244253 -0.275822 
258 -0.243939 -0.275293 
259 -0.243627 -0.274768 
260 -0.243317 -0.274245 
261 -0.243008 -0.273726 
262 -0.242702 -0.27321 
263 -0.242397 -0.272697 
264 -0.242094 -0.272186 
265 -0.241793 -0.271679 
266 -0.241494 -0.271175 
267 -0.241197 -0.270674 
268 -0.240901 -0.270176 
269 -0.240608 -0.269681 
270 -0.240316 -0.269188 
271 -0.240026 -0.268699 
272 -0.239737 -0.268212 
273 -0.239451 -0.267729 
274 -0.239166 -0.267248 
275 -0.238883 -0.26677 
276 -0.238602 -0.266295 
277 -0.238322 -0.265823 
278 -0.238045 -0.265354 
279 -0.237769 -0.264888 
280 -0.237495 -0.264424 
281 -0.237222 -0.263963 
282 -0.236951 -0.263505 
283 -0.236682 -0.26305 
284 -0.236415 -0.262597 
285 -0.23615 -0.262147 
286 -0.235886 -0.2617 
287 -0.235624 -0.261256 
288 -0.235363 -0.260814 
289 -0.235105 -0.260375 
290 -0.234848 -0.259939 
291 -0.234593 -0.259505 
292 -0.234339 -0.259074 
293 -0.234087 -0.258646 
294 -0.233837 -0.25822 
295 -0.233588 -0.257797 
296 -0.233342 -0.257377 
297 -0.233096 -0.256959 
298 -0.232853 -0.256543 
299 -0.232611 -0.256131 
300 -0.232371 -0.25572 
301 -0.232132 -0.255313 
302 -0.231896 -0.254908 
303 -0.23166 -0.254505 
304 -0.231427 -0.254105 
305 -0.231195 -0.253707 
306 -0.230964 -0.253312 
307 -0.230736 -0.25292 
308 -0.230509 -0.252529 
309 -0.230283 -0.252142 
310 -0.230059 -0.251756 
311 -0.229837 -0.251374 
312 -0.229617 -0.250993 
313 -0.229398 -0.250615 
314 -0.22918 -0.25024 
315 -0.228964 -0.249866 
316 -0.22875 -0.249496 
317 -0.228538 -0.249127 
318 -0.228327 -0.248761 
319 -0.228117 -0.248397 
320 -0.227909 -0.248036 
321 -0.227703 -0.247677 
322 -0.227498 -0.24732 
323 -0.227295 -0.246966 
324 -0.227094 -0.246614 
325 -0.226894 -0.246264 
326 -0.226695 -0.245916 
327 -0.226498 -0.245571 
328 -0.226303 -0.245228 
329 -0.226109 -0.244888 
330 -0.225917 -0.244549 
331 -0.225726 -0.244213 
332 -0.225537 -0.243879 
333 -0.225349 -0.243547 
334 -0.225163 -0.243217 
335 -0.224978 -0.24289 
336 -0.224795 -0.242565 
337 -0.224614 -0.242242 
338 -0.224434 -0.241921 
339 -0.224255 -0.241602 
340 -0.224078 -0.241286 
341 -0.223903 -0.240971 
342 -0.223729 -0.240659 
343 -0.223556 -0.240349 
344 -0.223385 -0.240041 
345 -0.223216 -0.239735 
346 -0.223048 -0.239432 
347 -0.222882 -0.23913 
348 -0.222717 -0.23883 
349 -0.222553 -0.238533 
350 -0.222391 -0.238238 
351 -0.222231 -0.237944 
352 -0.222071 -0.237653 
353 -0.221914 -0.237364 
354 -0.221758 -0.237077 
355 -0.221603 -0.236791 
356 -0.22145 -0.236508 
357 -0.221298 -0.236227 
358 -0.221148 -0.235948 
359 -0.220999 -0.235671 
360 -0.220852 -0.235396 
361 -0.220706 -0.235123 
362 -0.220562 -0.234852 
363 -0.220419 -0.234583 
364 -0.220277 -0.234315 
365 -0.220137 -0.23405 
366 -0.219999 -0.233787 
367 -0.219862 -0.233526 
368 -0.219726 -0.233266 
369 -0.219592 -0.233009 
370 -0.219459 -0.232753 
371 -0.219327 -0.2325 
372 -0.219197 -0.232248 
373 -0.219069 -0.231998 
374 -0.218942 -0.23175 
375 -0.218816 -0.231504 
376 -0.218692 -0.23126 
377 -0.218569 -0.231018 
378 -0.218448 -0.230778 
379 -0.218328 -0.230539 
380 -0.218209 -0.230302 
381 -0.218092 -0.230068 
382 -0.217976 -0.229835 
383 -0.217862 -0.229604 
384 -0.217749 -0.229374 
385 -0.217637 -0.229147 
386 -0.217527 -0.228921 
387 -0.217419 -0.228698 
388 -0.217311 -0.228476 
389 -0.217205 -0.228256 
390 -0.217101 -0.228037 
391 -0.216998 -0.227821 
392 -0.216896 -0.227606 
393 -0.216796 -0.227393 
394 -0.216697 -0.227182 
395 -0.216599 -0.226972 
396 -0.216503 -0.226764 
397 -0.216409 -0.226558 
398 -0.216315 -0.226354 
399 -0.216223 -0.226152 
400 -0.216133 -0.225951 
401 -0.216044 -0.225752 
402 -0.215956 -0.225555 
403 -0.215869 -0.225359 
404 -0.215784 -0.225166 
405 -0.215701 -0.224974 
406 -0.215618 -0.224783 
407 -0.215538 -0.224595 
408 -0.215458 -0.224408 
409 -0.21538 -0.224222 
410 -0.215303 -0.224039 
411 -0.215228 -0.223857 
412 -0.215154 -0.223677 
413 -0.215081 -0.223498 
414 -0.21501 -0.223321 
415 -0.21494 -0.223146 
416 -0.214872 -0.222973 
417 -0.214804 -0.222801 
418 -0.214739 -0.222631 
419 -0.214674 -0.222462 
420 -0.214611 -0.222295 
421 -0.21455 -0.22213 
422 -0.214489 -0.221966 
423 -0.21443 -0.221804 
424 -0.214373 -0.221644 
425 -0.214317 -0.221485 
426 -0.214262 -0.221328 
427 -0.214208 -0.221173 
428 -0.214156 -0.221019 
429 -0.214105 -0.220866 
430 -0.214056 -0.220716 
431 -0.214008 -0.220567 
432 -0.213961 -0.220419 
433 -0.213916 -0.220273 
434 -0.213872 -0.220129 
435 -0.213829 -0.219986 
436 -0.213788 -0.219845 
437 -0.213748 -0.219705 
438 -0.21371 -0.219567 
439 -0.213673 -0.219431 
440 -0.213637 -0.219296 
441 -0.213603 -0.219163 
442 -0.213569 -0.219031 
443 -0.213538 -0.218901 
444 -0.213507 -0.218772 
445 -0.213478 -0.218645 
446 -0.213451 -0.218519 
447 -0.213425 -0.218395 
448 -0.2134 -0.218273 
449 -0.213376 -0.218152 
450 -0.213354 -0.218032 
451 -0.213333 -0.217914 
452 -0.213314 -0.217798 
453 -0.213295 -0.217683 
454 -0.213279 -0.217569 
455 -0.213263 -0.217458 
456 -0.213249 -0.217347 
457 -0.213237 -0.217238 
458 -0.213225 -0.217131 
459 -0.213215 -0.217025 
460 -0.213207 -0.216921 
461 -0.2132 -0.216818 
462 -0.213194 -0.216716 
463 -0.213189 -0.216616 
464 -0.213186 -0.216518 
465 -0.213184 -0.216421 
466 -0.213184 -0.216326 
467 -0.213185 -0.216232 
468 -0.213187 -0.216139 
469 -0.213191 -0.216048 
470 -0.213196 -0.215959 
471 -0.213202 -0.21587 
472 -0.21321 -0.215784 
473 -0.213219 -0.215699 
474 -0.21323 -0.215615 
475 -0.213242 -0.215533 
476 -0.213255 -0.215452 
477 -0.21327 -0.215372 
478 -0.213286 -0.215295 
479 -0.213303 -0.215218 
480 -0.213322 -0.215143 
481 -0.213342 -0.215069 
482 -0.213364 -0.214997 
483 -0.213387 -0.214927 
484 -0.213411 -0.214857 
485 -0.213437 -0.214789 
486 -0.213464 -0.214723 
487 -0.213492 -0.214658 
488 -0.213522 -0.214595 
489 -0.213553 -0.214532 
490 -0.213586 -0.214472 
491 -0.21362 -0.214412 
492 -0.213656 -0.214355 
493 -0.213692 -0.214298 
494 -0.21373 -0.214243 
495 -0.21377 -0.214189 
496 -0.213811 -0.214137 
497 -0.213853 -0.214086 
498 -0.213897 -0.214037 
499 -0.213942 -0.213989 
500 -0.213989 -0.213942 
501 -0.214037 -0.213897 
502 -0.214086 -0.213853 
503 -0.214137 -0.213811 
504 -0.214189 -0.21377 
505 -0.214243 -0.21373 
506 -0.214298 -0.213692 
507 -0.214355 -0.213656 
508 -0.214412 -0.21362 
509 -0.214472 -0.213586 
510 -0.214532 -0.213553 
511 -0.214595 -0.213522 
512 -0.214658 -0.213492 
513 -0.214723 -0.213464 
514 -0.214789 -0.213437 
515 -0.214857 -0.213411 
516 -0.214927 -0.213387 
517 -0.214997 -0.213364 
518 -0.215069 -0.213342 
519 -0.215143 -0.213322 
520 -0.215218 -0.213303 
521 -0.215295 -0.213286 
522 -0.215372 -0.21327 
523 -0.215452 -0.213255 
524 -0.215533 -0.213242 
525 -0.215615 -0.21323 
526 -0.215699 -0.213219 
527 -0.215784 -0.21321 
528 -0.21587 -0.213202 
529 -0.215959 -0.213196 
530 -0.216048 -0.213191 
531 -0.216139 -0.213187 
532 -0.216232 -0.213185 
533 -0.216326 -0.213184 
534 -0.216421 -0.213184 
535 -0.216518 -0.213186 
536 -0.216616 -0.213189 
537 -0.216716 -0.213194 
538 -0.216818 -0.2132 
539 -0.216921 -0.213207 
540 -0.217025 -0.213215 
541 -0.217131 -0.213225 
542 -0.217238 -0.213237 
543 -0.217347 -0.213249 
544 -0.217458 -0.213263 
545 -0.217569 -0.213279 
546 -0.217683 -0.213295 
547 -0.217798 -0.213314 
548 -0.217914 -0.213333 
549 -0.218032 -0.213354 
550 -0.218152 -0.213376 
551 -0.218273 -0.2134 
552 -0.218395 -0.213425 
553 -0.218519 -0.213451 
554 -0.218645 -0.213478 
555 -0.218772 -0.213507 
556 -0.218901 -0.213538 
557 -0.219031 -0.213569 
558 -0.219163 -0.213603 
559 -0.219296 -0.213637 
560 -0.219431 -0.213673 
561 -0.219567 -0.21371 
562 -0.219705 -0.213748 
563 -0.219845 -0.213788 
564 -0.219986 -0.213829 
565 -0.220129 -0.213872 
566 -0.220273 -0.213916 
567 -0.220419 -0.213961 
568 -0.220567 -0.214008 
569 -0.220716 -0.214056 
570 -0.220866 -0.214105 
571 -0.221019 -0.214156 
572 -0.221173 -0.214208 
573 -0.221328 -0.214262 
574 -0.221485 -0.214317 
575 -0.221644 -0.214373 
576 -0.221804 -0.21443 
577 -0.221966 -0.214489 
578 -0.22213 -0.21455 
579 -0.222295 -0.214611 
580 -0.222462 -0.214674 
581 -0.222631 -0.214739 
582 -0.222801 -0.214804 
583 -0.222973 -0.214872 
584 -0.223146 -0.21494 
585 -0.223321 -0.21501 
586 -0.223498 -0.215081 
587 -0.223677 -0.215154 
588 -0.223857 -0.215228 
589 -0.224039 -0.215303 
590 -0.224222 -0.21538 
591 -0.224408 -0.215458 
592 -0.224595 -0.215538 
593 -0.224783 -0.215618 
594 -0.224974 -0.215701 
595 -0.225166 -0.215784 
596 -0.225359 -0.215869 
597 -0.225555 -0.215956 
598 -0.225752 -0.216044 
599 -0.225951 -0.216133 
600 -0.226152 -0.216223 
601 -0.226354 -0.216315 
602 -0.226558 -0.216409 
603 -0.226764 -0.216503 
604 -0.226972 -0.216599 
605 -0.227182 -0.216697 
606 -0.227393 -0.216796 
607 -0.227606 -0.216896 
608 -0.227821 -0.216998 
609 -0.228037 -0.217101 
610 -0.228256 -0.217205 
611 -0.228476 -0.217311 
612 -0.228698 -0.217419 
613 -0.228921 -0.217527 
614 -0.229147 -0.217637 
615 -0.229374 -0.217749 
616 -0.229604 -0.217862 
617 -0.229835 -0.217976 
618 -0.230068 -0.218092 
619 -0.230302 -0.218209 
620 -0.230539 -0.218328 
621 -0.230778 -0.218448 
622 -0.231018 -0.218569 
623 -0.23126 -0.218692 
624 -0.231504 -0.218816 
625 -0.23175 -0.218942 
626 -0.231998 -0.219069 
627 -0.232248 -0.219197 
628 -0.2325 -0.219327 
629 -0.232753 -0.219459 
630 -0.233009 -0.219592 
631 -0.233266 -0.219726 
632 -0.233526 -0.219862 
633 -0.233787 -0.219999 
634 -0.23405 -0.220137 
635 -0.234315 -0.220277 
636 -0.234583 -0.220419 
637 -0.234852 -0.220562 
638 -0.235123 -0.220706 
639 -0.235396 -0.220852 
640 -0.235671 -0.220999 
641 -0.235948 -0.221148 
642 -0.236227 -0.221298 
643 -0.236508 -0.22145 
644 -0.236791 -0.221603 
645 -0.237077 -0.221758 
646 -0.237364 -0.221914 
647 -0.237653 -0.222071 
648 -0.237944 -0.222231 
649 -0.238238 -0.222391 
650 -0.238533 -0.222553 
651 -0.23883 -0.222717 
652 -0.23913 -0.222882 
653 -0.239432 -0.223048 
654 -0.239735 -0.223216 
655 -0.240041 -0.223385 
656 -0.240349 -0.223556 
657 -0.240659 -0.223729 
658 -0.240971 -0.223903 
659 -0.241286 -0.224078 
660 -0.241602 -0.224255 
661 -0.241921 -0.224434 
662 -0.242242 -0.224614 
663 -0.242565 -0.224795 
664 -0.24289 -0.224978 
665 -0.243217 -0.225163 
666 -0.243547 -0.225349 
667 -0.243879 -0.225537 
668 -0.244213 -0.225726 
669 -0.244549 -0.225917 
670 -0.244888 -0.226109 
671 -0.245228 -0.226303 
672 -0.245571 -0.226498 
673 -0.245916 -0.226695 
674 -0.246264 -0.226894 
675 -0.246614 -0.227094 
676 -0.246966 -0.227295 
677 -0.24732 -0.227498 
678 -0.247677 -0.227703 
679 -0.248036 -0.227909 
680 -0.248397 -0.228117 
681 -0.248761 -0.228327 
682 -0.249127 -0.228538 
683 -0.249496 -0.22875 
684 -0.249866 -0.228964 
685 -0.25024 -0.22918 
686 -0.250615 -0.229398 
687 -0.250993 -0.229617 
688 -0.251374 -0.229837 
689 -0.251756 -0.230059 
690 -0.252142 -0.230283 
691 -0.252529 -0.230509 
692 -0.25292 -0.230736 
693 -0.253312 -0.230964 
694 -0.253707 -0.231195 
695 -0.254105 -0.231427 
696 -0.254505 -0.23166 
697 -0.254908 -0.231896 
698 -0.255313 -0.232132 
699 -0.25572 -0.232371 
700 -0.256131 -0.232611 
701 -0.256543 -0.232853 
702 -0.256959 -0.233096 
703 -0.257377 -0.233342 
704 -0.257797 -0.233588 
705 -0.25822 -0.233837 
706 -0.258646 -0.234087 
707 -0.259074 -0.234339 
708 -0.259505 -0.234593 
709 -0.259939 -0.234848 
710 -0.260375 -0.235105 
711 -0.260814 -0.235363 
712 -0.261256 -0.235624 
713 -0.2617 -0.235886 
714 -0.262147 -0.23615 
715 -0.262597 -0.236415 
716 -0.26305 -0.236682 
717 -0.263505 -0.236951 
718 -0.263963 -0.237222 
719 -0.264424 -0.237495 
720 -0.264888 -0.237769 
721 -0.265354 -0.238045 
722 -0.265823 -0.238322 
723 -0.266295 -0.238602 
724 -0.26677 -0.238883 
725 -0.267248 -0.239166 
726 -0.267729 -0.239451 
727 -0.268212 -0.239737 
728 -0.268699 -0.240026 
729 -0.269188 -0.240316 
730 -0.269681 -0.240608 
731 -0.270176 -0.240901 
732 -0.270674 -0.241197 
733 -0.271175 -0.241494 
734 -0.271679 -0.241793 
735 -0.272186 -0.242094 
736 -0.272697 -0.242397 
737 -0.27321 -0.242702 
738 -0.273726 -0.243008 
739 -0.274245 -0.243317 
740 -0.274768 -0.243627 
741 -0.275293 -0.243939 
742 -0.275822 -0.244253 
743 -0.276353 -0.244569 
744 -0.276888 -0.244886 
745 -0.277426 -0.245206 
746 -0.277967 -0.245527 
747 -0.278512 -0.24585 
748 -0.279059 -0.246176 
749 -0.27961 -0.246503 
750 -0.280164 -0.246832 
751 -0.280721 -0.247163 
752 -0.281281 -0.247496 
753 -0.281845 -0.24783 
754 -0.282412 -0.248167 
755 -0.282982 -0.248506 
756 -0.283556 -0.248846 
757 -0.284133 -0.249189 
758 -0.284713 -0.249533 
759 -0.285297 -0.24988 
760 -0.285884 -0.250228 
761 -0.286475 -0.250579 
762 -0.287069 -0.250931 
763 -0.287666 -0.251286 
764 -0.288267 -0.251642 
765 -0.288872 -0.252 
766 -0.28948 -0.252361 
767 -0.290091 -0.252723 
768 -0.290706 -0.253088 
769 -0.291325 -0.253454 
770 -0.291947 -0.253823 
771 -0.292572 -0.254194 
772 -0.293202 -0.254566 
773 -0.293835 -0.254941 
774 -0.294471 -0.255318 
775 -0.295111 -0.255697 
776 -0.295755 -0.256077 
777 -0.296403 -0.256461 
778 -0.297055 -0.256846 
779 -0.29771 -0.257233 
780 -0.298369 -0.257622 
781 -0.299031 -0.258014 
782 -0.299698 -0.258407 
783 -0.300368 -0.258803 
784 -0.301042 -0.259201 
785 -0.30172 -0.259601 
786 -0.302402 -0.260003 
787 -0.303088 -0.260407 
788 -0.303778 -0.260814 
789 -0.304472 -0.261223 
790 -0.305169 -0.261634 
791 -0.305871 -0.262047 
792 -0.306577 -0.262462 
793 -0.307287 -0.262879 
794 -0.308001 -0.263299 
795 -0.308718 -0.263721 
796 -0.309441 -0.264145 
797 -0.310167 -0.264572 
798 -0.310897 -0.265 
799 -0.311631 -0.265431 
800 -0.31237 -0.265864 
801 -0.313113 -0.2663 
802 -0.31386 -0.266738 
803 -0.314612 -0.267178 
804 -0.315367 -0.26762 
805 -0.316127 -0.268065 
806 -0.316892 -0.268512 
807 -0.31766 -0.268961 
808 -0.318433 -0.269413 
809 -0.319211 -0.269867 
810 -0.319993 -0.270323 
811 -0.320779 -0.270782 
812 -0.32157 -0.271243 
813 -0.322365 -0.271706 
814 -0.323165 -0.272172 
815 -0.32397 -0.272641 
816 -0.324779 -0.273111 
817 -0.325592 -0.273584 
818 -0.326411 -0.27406 
819 -0.327234 -0.274538 
820 -0.328061 -0.275018 
821 -0.328893 -0.275501 
822 -0.32973 -0.275986 
823 -0.330572 -0.276474 
824 -0.331419 -0.276964 
825 -0.33227 -0.277457 
826 -0.333127 -0.277953 
827 -0.333988 -0.27845 
828 -0.334854 -0.278951 
829 -0.335725 -0.279453 
830 -0.336601 -0.279959 
831 -0.337482 -0.280467 
832 -0.338368 -0.280977 
833 -0.339259 -0.28149 
834 -0.340155 -0.282006 
835 -0.341056 -0.282524 
836 -0.341962 -0.283045 
837 -0.342873 -0.283569 
838 -0.34379 -0.284095 
839 -0.344712 -0.284624 
840 -0.345639 -0.285155 
841 -0.346571 -0.285689 
842 -0.347509 -0.286226 
843 -0.348452 -0.286765 
844 -0.3494 -0.287307 
845 -0.350354 -0.287852 
846 -0.351313 -0.288399 
847 -0.352278 -0.28895 
848 -0.353248 -0.289503 
849 -0.354224 -0.290058 
850 -0.355205 -0.290617 
851 -0.356192 -0.291178 
852 -0.357184 -0.291742 
853 -0.358182 -0.292309 
854 -0.359186 -0.292878 
855 -0.360195 -0.293451 
856 -0.361211 -0.294026 
857 -0.362232 -0.294604 
858 -0.363258 -0.295185 
859 -0.364291 -0.295768 
860 -0.36533 -0.296355 
861 -0.366374 -0.296944 
862 -0.367425 -0.297537 
863 -0.368481 -0.298132 
864 -0.369544 -0.29873 
865 -0.370612 -0.299331 
866 -0.371687 -0.299936 
867 -0.372768 -0.300543 
868 -0.373855 -0.301153 
869 -0.374948 -0.301766 
870 -0.376047 -0.302381 
871 -0.377153 -0.303 
872 -0.378265 -0.303622 
873 -0.379384 -0.304247 
874 -0.380508 -0.304875 
875 -0.38164 -0.305507 
876 -0.382777 -0.306141 
877 -0.383922 -0.306778 
878 -0.385072 -0.307418 
879 -0.38623 -0.308062 
880 -0.387394 -0.308708 
881 -0.388564 -0.309358 
882 -0.389742 -0.310011 
883 -0.390926 -0.310667 
884 -0.392117 -0.311326 
885 -0.393315 -0.311989 
886 -0.394519 -0.312654 
887 -0.395731 -0.313323 
888 -0.396949 -0.313995 
889 -0.398175 -0.31467 
890 -0.399407 -0.315349 
891 -0.400647 -0.316031 
892 -0.401894 -0.316716 
893 -0.403147 -0.317404 
894 -0.404409 -0.318096 
895 -0.405677 -0.318791 
896 -0.406953 -0.319489 
897 -0.408236 -0.320191 
898 -0.409526 -0.320896 
899 -0.410824 -0.321605 
900 -0.412129 -0.322316 
901 -0.413442 -0.323032 
902 -0.414762 -0.32375 
903 -0.41609 -0.324473 
904 -0.417426 -0.325198 
905 -0.41877 -0.325927 
906 -0.420121 -0.32666 
907 -0.42148 -0.327396 
908 -0.422847 -0.328136 
909 -0.424221 -0.328879 
910 -0.425604 -0.329626 
911 -0.426995 -0.330376 
912 -0.428393 -0.33113 
913 -0.4298 -0.331887 
914 -0.431215 -0.332648 
915 -0.432638 -0.333413 
916 -0.43407 -0.334182 
917 -0.43551 -0.334954 
918 -0.436958 -0.335729 
919 -0.438414 -0.336509 
920 -0.439879 -0.337292 
921 -0.441353 -0.338079 
922 -0.442835 -0.338869 
923 -0.444325 -0.339664 
924 -0.445824 -0.340462 
925 -0.447333 -0.341264 
926 -0.448849 -0.34207 
927 -0.450375 -0.342879 
928 -0.451909 -0.343693 
929 -0.453453 -0.34451 
930 -0.455005 -0.345331 
931 -0.456567 -0.346156 
932 -0.458138 -0.346986 
933 -0.459717 -0.347819 
934 -0.461306 -0.348655 
935 -0.462905 -0.349496 
936 -0.464512 -0.350341 
937 -0.46613 -0.35119 
938 -0.467756 -0.352043 
939 -0.469392 -0.3529 
940 -0.471038 -0.353761 
941 -0.472693 -0.354626 
942 -0.474358 -0.355496 
943 -0.476033 -0.356369 
944 -0.477717 -0.357247 
945 -0.479412 -0.358128 
946 -0.481116 -0.359014 
947 -0.482831 -0.359904 
948 -0.484555 -0.360798 
949 -0.48629 -0.361697 
950 -0.488035 -0.3626 
951 -0.48979 -0.363507 
952 -0.491555 -0.364418 
953 -0.493331 -0.365334 
954 -0.495118 -0.366254 
955 -0.496914 -0.367178 
956 -0.498722 -0.368107 
957 -0.50054 -0.36904 
958 -0.502369 -0.369977 
959 -0.504209 -0.370919 
960 -0.506059 -0.371866 
961 -0.507921 -0.372817 
962 -0.509793 -0.373772 
963 -0.511677 -0.374732 
964 -0.513572 -0.375696 
965 -0.515478 -0.376665 
966 -0.517395 -0.377639 
967 -0.519324 -0.378617 
968 -0.521264 -0.3796 
969 -0.523216 -0.380588 
970 -0.525179 -0.38158 
971 -0.527154 -0.382577 
972 -0.529141 -0.383578 
973 -0.531139 -0.384584 
974 -0.53315 -0.385595 
975 -0.535172 -0.386611 
976 -0.537207 -0.387632 
977 -0.539253 -0.388657 
978 -0.541312 -0.389688 
979 -0.543383 -0.390723 
980 -0.545467 -0.391763 
981 -0.547562 -0.392808 
982 -0.549671 -0.393858 
983 -0.551792 -0.394913 
984 -0.553926 -0.395973 
985 -0.556072 -0.397038 
986 -0.558232 -0.398108 
987 -0.560404 -0.399183 
988 -0.562589 -0.400263 
989 -0.564788 -0.401348 
990 -0.567 -0.402438 
991 -0.569225 -0.403534 
992 -0.571463 -0.404634 
993 -0.573715 -0.40574 
994 -0.57598 -0.406852 
995 -0.578259 -0.407968 
996 -0.580552 -0.40909 
997 -0.582858 -0.410217 
998 -0.585177 -0.411351 
999 -0.587453 -0.412547 
