0 -0.5 -0.5 
1 -0.495871 -0.495871 
2 -0.491791 -0.491791 
3 -0.487758 -0.487758 
4 -0.483773 -0.483773 
5 -0.479834 -0.479834 
6 -0.475941 -0.475941 
7 -0.472094 -0.472094 
8 -0.468291 -0.468291 
9 -0.464532 -0.464532 
10 -0.460817 -0.460817 
11 -0.457144 -0.457144 
12 -0.453514 -0.453514 
13 -0.449926 -0.449926 
14 -0.446379 -0.446379 
15 -0.442873 -0.442873 
16 -0.439407 -0.439407 
17 -0.435981 -0.435981 
18 -0.432594 -0.432594 
19 -0.429246 -0.429246 
20 -0.425935 -0.425935 
21 -0.422663 -0.422663 
22 -0.419427 -0.419427 
23 -0.416228 -0.416228 
24 -0.413066 -0.413066 
25 -0.409939 -0.409939 
26 -0.406847 -0.406847 
27 -0.40379 -0.40379 
28 -0.400768 -0.400768 
29 -0.397779 -0.397779 
30 -0.394824 -0.394824 
31 -0.391901 -0.391901 
32 -0.389012 -0.389012 
33 -0.386154 -0.386154 
34 -0.383329 -0.383329 
35 -0.380535 -0.380535 
36 -0.377771 -0.377771 
37 -0.375039 -0.375039 
38 -0.372336 -0.372336 
39 -0.369663 -0.369663 
40 -0.36702 -0.36702 
41 -0.364406 -0.364406 
42 -0.36182 -0.36182 
43 -0.359263 -0.359263 
44 -0.356733 -0.356733 
45 -0.354231 -0.354231 
46 -0.351757 -0.351757 
47 -0.349309 -0.349309 
48 -0.346888 -0.346888 
49 -0.344493 -0.344493 
50 -0.342124 -0.342124 
51 -0.339781 -0.339781 
52 -0.337463 -0.337463 
53 -0.335169 -0.335169 
54 -0.332901 -0.332901 
55 -0.330657 -0.330657 
56 -0.328436 -0.328436 
57 -0.32624 -0.32624 
58 -0.324067 -0.324067 
59 -0.321916 -0.321916 
60 -0.319789 -0.319789 
61 -0.317685 -0.317685 
62 -0.315602 -0.315602 
63 -0.313542 -0.313542 
64 -0.311503 -0.311503 
65 -0.309486 -0.309486 
66 -0.30749 -0.30749 
67 -0.305515 -0.305515 
68 -0.303561 -0.303561 
69 -0.301627 -0.301627 
70 -0.299713 -0.299713 
71 -0.297819 -0.297819 
72 -0.295945 -0.295945 
73 -0.29409 -0.29409 
74 -0.292255 -0.292255 
75 -0.290438 -0.290438 
76 -0.288641 -0.288641 
77 -0.286861 -0.286861 
78 -0.2851 -0.2851 
79 -0.283357 -0.283357 
80 -0.281632 -0.281632 
81 -0.279925 -0.279925 
82 -0.278235 -0.278235 
83 -0.276562 -0.276562 
84 -0.274907 -0.274907 
85 -0.273268 -0.273268 
86 -0.271646 -0.271646 
87 -0.27004 -0.27004 
88 -0.26845 -0.26845 
89 -0.266876 -0.266876 
90 -0.265319 -0.265319 
91 -0.263777 -0.263777 
92 -0.26225 -0.26225 
93 -0.260738 -0.260738 
94 -0.259242 -0.259242 
95 -0.257761 -0.257761 
96 -0.256294 -0.256294 
97 -0.254842 -0.254842 
98 -0.253404 -0.253404 
99 -0.251981 -0.251981 
100 -0.250572 -0.250572 
101 -0.249176 -0.249176 
102 -0.247794 -0.247794 
103 -0.246426 -0.246426 
104 -0.245072 -0.245072 
105 -0.24373 -0.24373 
106 -0.242402 -0.242402 
107 -0.241087 -0.241087 
108 -0.239784 -0.239784 
109 -0.238494 -0.238494 
110 -0.237217 -0.237217 
111 -0.235952 -0.235952 
112 -0.234699 -0.234699 
113 -0.233458 -0.233458 
114 -0.23223 -0.23223 
115 -0.231013 -0.231013 
116 -0.229808 -0.229808 
117 -0.228614 -0.228614 
118 -0.227432 -0.227432 
119 -0.226261 -0.226261 
120 -0.225101 -0.225101 
121 -0.223952 -0.223952 
122 -0.222814 -0.222814 
123 -0.221687 -0.221687 
124 -0.220571 -0.220571 
125 -0.219465 -0.219465 
126 -0.21837 -0.21837 
127 -0.217285 -0.217285 
128 -0.21621 -0.21621 
129 -0.215145 -0.215145 
130 -0.21409 -0.21409 
131 -0.213045 -0.213045 
132 -0.21201 -0.21201 
133 -0.210985 -0.210985 
134 -0.209969 -0.209969 
135 -0.208962 -0.208962 
136 -0.207965 -0.207965 
137 -0.206977 -0.206977 
138 -0.205998 -0.205998 
139 -0.205028 -0.205028 
140 -0.204067 -0.204067 
141 -0.203115 -0.203115 
142 -0.202172 -0.202172 
143 -0.201237 -0.201237 
144 -0.200311 -0.200311 
145 -0.199394 -0.199394 
146 -0.198484 -0.198484 
147 -0.197583 -0.197583 
148 -0.19669 -0.19669 
149 -0.195806 -0.195806 
150 -0.194929 -0.194929 
151 -0.19406 -0.19406 
152 -0.193199 -0.193199 
153 -0.192346 -0.192346 
154 -0.1915 -0.1915 
155 -0.190662 -0.190662 
156 -0.189832 -0.189832 
157 -0.189009 -0.189009 
158 -0.188193 -0.188193 
159 -0.187385 -0.187385 
160 -0.186584 -0.186584 
161 -0.18579 -0.18579 
162 -0.185003 -0.185003 
163 -0.184223 -0.184223 
164 -0.183449 -0.183449 
165 -0.182683 -0.182683 
166 -0.181924 -0.181924 
167 -0.181171 -0.181171 
168 -0.180425 -0.180425 
169 -0.179685 -0.179685 
170 -0.178952 -0.178952 
171 -0.178225 -0.178225 
172 -0.177505 -0.177505 
173 -0.176791 -0.176791 
174 -0.176083 -0.176083 
175 -0.175381 -0.175381 
176 -0.174685 -0.174685 
177 -0.173996 -0.173996 
178 -0.173312 -0.173312 
179 -0.172634 -0.172634 
180 -0.171963 -0.171963 
181 -0.171297 -0.171297 
182 -0.170636 -0.170636 
183 -0.169982 -0.169982 
184 -0.169333 -0.169333 
185 -0.168689 -0.168689 
186 -0.168051 -0.168051 
187 -0.167419 -0.167419 
188 -0.166792 -0.166792 
189 -0.16617 -0.16617 
190 -0.165554 -0.165554 
191 -0.164942 -0.164942 
192 -0.164336 -0.164336 
193 -0.163736 -0.163736 
194 -0.16314 -0.16314 
195 -0.162549 -0.162549 
196 -0.161963 -0.161963 
197 -0.161383 -0.161383 
198 -0.160807 -0.160807 
199 -0.160236 -0.160236 
200 -0.15967 -0.15967 
201 -0.159108 -0.159108 
202 -0.158551 -0.158551 
203 -0.157999 -0.157999 
204 -0.157452 -0.157452 
205 -0.156909 -0.156909 
206 -0.15637 -0.15637 
207 -0.155837 -0.155837 
208 -0.155307 -0.155307 
209 -0.154782 -0.154782 
210 -0.154261 -0.154261 
211 -0.153745 -0.153745 
212 -0.153233 -0.153233 
213 -0.152725 -0.152725 
214 -0.152222 -0.152222 
215 -0.151722 -0.151722 
216 -0.151227 -0.151227 
217 -0.150735 -0.150735 
218 -0.150248 -0.150248 
219 -0.149765 -0.149765 
220 -0.149286 -0.149286 
221 -0.148811 -0.148811 
222 -0.148339 -0.148339 
223 -0.147872 -0.147872 
224 -0.147408 -0.147408 
225 -0.146948 -0.146948 
226 -0.146492 -0.146492 
227 -0.146039 -0.146039 
228 -0.145591 -0.145591 
229 -0.145146 -0.145146 
230 -0.144704 -0.144704 
231 -0.144266 -0.144266 
232 -0.143832 -0.143832 
233 -0.143401 -0.143401 
234 -0.142974 -0.142974 
235 -0.14255 -0.14255 
236 -0.14213 -0.14213 
237 -0.141713 -0.141713 
238 -0.141299 -0.141299 
239 -0.140889 -0.140889 
240 -0.140482 -0.140482 
241 -0.140078 -0.140078 
242 -0.139678 -0.139678 
243 -0.139281 -0.139281 
244 -0.138887 -0.138887 
245 -0.138496 -0.138496 
246 -0.138109 -0.138109 
247 -0.137724 -0.137724 
248 -0.137343 -0.137343 
249 -0.136964 -0.136964 
250 -0.136589 -0.136589 
251 -0.136217 -0.136217 
252 -0.135847 -0.135847 
253 -0.135481 -0.135481 
254 -0.135118 -0.135118 
255 -0.134757 -0.134757 
256 -0.1344 -0.1344 
257 -0.134045 -0.134045 
258 -0.133693 -0.133693 
259 -0.133344 -0.133344 
260 -0.132998 -0.132998 
261 -0.132654 -0.132654 
262 -0.132313 -0.132313 
263 -0.131975 -0.131975 
264 -0.13164 -0.13164 
265 -0.131307 -0.131307 
266 -0.130977 -0.130977 
267 -0.13065 -0.13065 
268 -0.130325 -0.130325 
269 -0.130003 -0.130003 
270 -0.129684 -0.129684 
271 -0.129367 -0.129367 
272 -0.129052 -0.129052 
273 -0.12874 -0.12874 
274 -0.128431 -0.128431 
275 -0.128124 -0.128124 
276 -0.127819 -0.127819 
277 -0.127517 -0.127517 
278 -0.127218 -0.127218 
279 -0.12692 -0.12692 
280 -0.126625 -0.126625 
281 -0.126333 -0.126333 
282 -0.126043 -0.126043 
283 -0.125755 -0.125755 
284 -0.125469 -0.125469 
285 -0.125186 -0.125186 
286 -0.124905 -0.124905 
287 -0.124626 -0.124626 
288 -0.12435 -0.12435 
289 -0.124076 -0.124076 
290 -0.123803 -0.123803 
291 -0.123534 -0.123534 
292 -0.123266 -0.123266 
293 -0.123 -0.123 
294 -0.122737 -0.122737 
295 -0.122476 -0.122476 
296 -0.122216 -0.122216 
297 -0.121959 -0.121959 
298 -0.121704 -0.121704 
299 -0.121451 -0.121451 
300 -0.1212 -0.1212 
301 -0.120951 -0.120951 
302 -0.120704 -0.120704 
303 -0.12046 -0.12046 
304 -0.120217 -0.120217 
305 -0.119976 -0.119976 
306 -0.119737 -0.119737 
307 -0.1195 -0.1195 
308 -0.119265 -0.119265 
309 -0.119032 -0.119032 
310 -0.1188 -0.1188 
311 -0.118571 -0.118571 
312 -0.118343 -0.118343 
313 -0.118118 -0.118118 
314 -0.117894 -0.117894 
315 -0.117672 -0.117672 
316 -0.117452 -0.117452 
317 -0.117234 -0.117234 
318 -0.117017 -0.117017 
319 -0.116803 -0.116803 
320 -0.11659 -0.11659 
321 -0.116379 -0.116379 
322 -0.116169 -0.116169 
323 -0.115961 -0.115961 
324 -0.115756 -0.115756 
325 -0.115551 -0.115551 
326 -0.115349 -0.115349 
327 -0.115148 -0.115148 
328 -0.114949 -0.114949 
329 -0.114752 -0.114752 
330 -0.114556 -0.114556 
331 -0.114362 -0.114362 
332 -0.114169 -0.114169 
333 -0.113978 -0.113978 
334 -0.113789 -0.113789 
335 -0.113602 -0.113602 
336 -0.113416 -0.113416 
337 -0.113231 -0.113231 
338 -0.113048 -0.113048 
339 -0.112867 -0.112867 
340 -0.112688 -0.112688 
341 -0.112509 -0.112509 
342 -0.112333 -0.112333 
343 -0.112158 -0.112158 
344 -0.111984 -0.111984 
345 -0.111812 -0.111812 
346 -0.111642 -0.111642 
347 -0.111473 -0.111473 
348 -0.111305 -0.111305 
349 -0.111139 -0.111139 
350 -0.110975 -0.110975 
351 -0.110812 -0.110812 
352 -0.11065 -0.11065 
353 -0.11049 -0.11049 
354 -0.110331 -0.110331 
355 -0.110174 -0.110174 
356 -0.110018 -0.110018 
357 -0.109864 -0.109864 
358 -0.109711 -0.109711 
359 -0.109559 -0.109559 
360 -0.109409 -0.109409 
361 -0.10926 -0.10926 
362 -0.109112 -0.109112 
363 -0.108966 -0.108966 
364 -0.108822 -0.108822 
365 -0.108678 -0.108678 
366 -0.108536 -0.108536 
367 -0.108395 -0.108395 
368 -0.108256 -0.108256 
369 -0.108118 -0.108118 
370 -0.107981 -0.107981 
371 -0.107846 -0.107846 
372 -0.107712 -0.107712 
373 -0.107579 -0.107579 
374 -0.107447 -0.107447 
375 -0.107317 -0.107317 
376 -0.107188 -0.107188 
377 -0.107061 -0.107061 
378 -0.106934 -0.106934 
379 -0.106809 -0.106809 
380 -0.106685 -0.106685 
381 -0.106563 -0.106563 
382 -0.106441 -0.106441 
383 -0.106321 -0.106321 
384 -0.106202 -0.106202 
385 -0.106084 -0.106084 
386 -0.105968 -0.105968 
387 -0.105853 -0.105853 
388 -0.105739 -0.105739 
389 -0.105626 -0.105626 
390 -0.105514 -0.105514 
391 -0.105404 -0.105404 
392 -0.105295 -0.105295 
393 -0.105186 -0.105186 
394 -0.10508 -0.10508 
395 -0.104974 -0.104974 
396 -0.104869 -0.104869 
397 -0.104766 -0.104766 
398 -0.104664 -0.104664 
399 -0.104563 -0.104563 
400 -0.104463 -0.104463 
401 -0.104364 -0.104364 
402 -0.104266 -0.104266 
403 -0.10417 -0.10417 
404 -0.104074 -0.104074 
405 -0.10398 -0.10398 
406 -0.103887 -0.103887 
407 -0.103795 -0.103795 
408 -0.103704 -0.103704 
409 -0.103614 -0.103614 
410 -0.103525 -0.103525 
411 -0.103438 -0.103438 
412 -0.103351 -0.103351 
413 -0.103266 -0.103266 
414 -0.103182 -0.103182 
415 -0.103098 -0.103098 
416 -0.103016 -0.103016 
417 -0.102935 -0.102935 
418 -0.102855 -0.102855 
419 -0.102776 -0.102776 
420 -0.102698 -0.102698 
421 -0.102622 -0.102622 
422 -0.102546 -0.102546 
423 -0.102471 -0.102471 
424 -0.102398 -0.102398 
425 -0.102325 -0.102325 
426 -0.102253 -0.102253 
427 -0.102183 -0.102183 
428 -0.102114 -0.102114 
429 -0.102045 -0.102045 
430 -0.101978 -0.101978 
431 -0.101911 -0.101911 
432 -0.101846 -0.101846 
433 -0.101782 -0.101782 
434 -0.101718 -0.101718 
435 -0.101656 -0.101656 
436 -0.101595 -0.101595 
437 -0.101535 -0.101535 
438 -0.101475 -0.101475 
439 -0.101417 -0.101417 
440 -0.10136 -0.10136 
441 -0.101304 -0.101304 
442 -0.101249 -0.101249 
443 -0.101194 -0.101194 
444 -0.101141 -0.101141 
445 -0.101089 -0.101089 
446 -0.101038 -0.101038 
447 -0.100987 -0.100987 
448 -0.100938 -0.100938 
449 -0.10089 -0.10089 
450 -0.100843 -0.100843 
451 -0.100796 -0.100796 
452 -0.100751 -0.100751 
453 -0.100706 -0.100706 
454 -0.100663 -0.100663 
455 -0.100621 -0.100621 
456 -0.100579 -0.100579 
457 -0.100539 -0.100539 
458 -0.100499 -0.100499 
459 -0.100461 -0.100461 
460 -0.100423 -0.100423 
461 -0.100386 -0.100386 
462 -0.100351 -0.100351 
463 -0.100316 -0.100316 
464 -0.100282 -0.100282 
465 -0.100249 -0.100249 
466 -0.100218 -0.100218 
467 -0.100187 -0.100187 
468 -0.100157 -0.100157 
469 -0.100128 -0.100128 
470 -0.1001 -0.1001 
471 -0.100073 -0.100073 
472 -0.100046 -0.100046 
473 -0.100021 -0.100021 
474 -0.0999969 -0.0999969 
475 -0.0999735 -0.0999735 
476 -0.0999512 -0.0999512 
477 -0.0999297 -0.0999297 
478 -0.0999092 -0.0999092 
479 -0.0998896 -0.0998896 
480 -0.099871 -0.099871 
481 -0.0998533 -0.0998533 
482 -0.0998365 -0.0998365 
483 -0.0998207 -0.0998207 
484 -0.0998058 -0.0998058 
485 -0.0997918 -0.0997918 
486 -0.0997788 -0.0997788 
487 -0.0997667 -0.0997667 
488 -0.0997556 -0.0997556 
489 -0.0997453 -0.0997453 
490 -0.099736 -0.099736 
491 -0.0997277 -0.0997277 
492 -0.0997202 -0.0997202 
493 -0.0997137 -0.0997137 
494 -0.0997081 -0.0997081 
495 -0.0997035 -0.0997035 
496 -0.0996998 -0.0996998 
497 -0.099697 -0.099697 
498 -0.0996951 -0.0996951 
499 -0.0996942 -0.0996942 
500 -0.0996942 -0.0996942 
501 -0.0996951 -0.0996951 
502 -0.099697 -0.099697 
503 -0.0996998 -0.0996998 
504 -0.0997035 -0.0997035 
505 -0.0997081 -0.0997081 
506 -0.0997137 -0.0997137 
507 -0.0997202 -0.0997202 
508 -0.0997277 -0.0997277 
509 -0.099736 -0.099736 
510 -0.0997453 -0.0997453 
511 -0.0997556 -0.0997556 
512 -0.0997667 -0.0997667 
513 -0.0997788 -0.0997788 
514 -0.0997918 -0.0997918 
515 -0.0998058 -0.0998058 
516 -0.0998207 -0.0998207 
517 -0.0998365 -0.0998365 
518 -0.0998533 -0.0998533 
519 -0.099871 -0.099871 
520 -0.0998896 -0.0998896 
521 -0.0999092 -0.0999092 
522 -0.0999297 -0.0999297 
523 -0.0999512 -0.0999512 
524 -0.0999735 -0.0999735 
525 -0.0999969 -0.0999969 
526 -0.100021 -0.100021 
527 -0.100046 -0.100046 
528 -0.100073 -0.100073 
529 -0.1001 -0.1001 
530 -0.100128 -0.100128 
531 -0.100157 -0.100157 
532 -0.100187 -0.100187 
533 -0.100218 -0.100218 
534 -0.100249 -0.100249 
535 -0.100282 -0.100282 
536 -0.100316 -0.100316 
537 -0.100351 -0.100351 
538 -0.100386 -0.100386 
539 -0.100423 -0.100423 
540 -0.100461 -0.100461 
541 -0.100499 -0.100499 
542 -0.100539 -0.100539 
543 -0.100579 -0.100579 
544 -0.100621 -0.100621 
545 -0.100663 -0.100663 
546 -0.100706 -0.100706 
547 -0.100751 -0.100751 
548 -0.100796 -0.100796 
549 -0.100843 -0.100843 
550 -0.10089 -0.10089 
551 -0.100938 -0.100938 
552 -0.100987 -0.100987 
553 -0.101038 -0.101038 
554 -0.101089 -0.101089 
555 -0.101141 -0.101141 
556 -0.101194 -0.101194 
557 -0.101249 -0.101249 
558 -0.101304 -0.101304 
559 -0.10136 -0.10136 
560 -0.101417 -0.101417 
561 -0.101475 -0.101475 
562 -0.101535 -0.101535 
563 -0.101595 -0.101595 
564 -0.101656 -0.101656 
565 -0.101718 -0.101718 
566 -0.101782 -0.101782 
567 -0.101846 -0.101846 
568 -0.101911 -0.101911 
569 -0.101978 -0.101978 
570 -0.102045 -0.102045 
571 -0.102114 -0.102114 
572 -0.102183 -0.102183 
573 -0.102253 -0.102253 
574 -0.102325 -0.102325 
575 -0.102398 -0.102398 
576 -0.102471 -0.102471 
577 -0.102546 -0.102546 
578 -0.102622 -0.102622 
579 -0.102698 -0.102698 
580 -0.102776 -0.102776 
581 -0.102855 -0.102855 
582 -0.102935 -0.102935 
583 -0.103016 -0.103016 
584 -0.103098 -0.103098 
585 -0.103182 -0.103182 
586 -0.103266 -0.103266 
587 -0.103351 -0.103351 
588 -0.103438 -0.103438 
589 -0.103525 -0.103525 
590 -0.103614 -0.103614 
591 -0.103704 -0.103704 
592 -0.103795 -0.103795 
593 -0.103887 -0.103887 
594 -0.10398 -0.10398 
595 -0.104074 -0.104074 
596 -0.10417 -0.10417 
597 -0.104266 -0.104266 
598 -0.104364 -0.104364 
599 -0.104463 -0.104463 
600 -0.104563 -0.104563 
601 -0.104664 -0.104664 
602 -0.104766 -0.104766 
603 -0.104869 -0.104869 
604 -0.104974 -0.104974 
605 -0.10508 -0.10508 
606 -0.105186 -0.105186 
607 -0.105295 -0.105295 
608 -0.105404 -0.105404 
609 -0.105514 -0.105514 
610 -0.105626 -0.105626 
611 -0.105739 -0.105739 
612 -0.105853 -0.105853 
613 -0.105968 -0.105968 
614 -0.106084 -0.106084 
615 -0.106202 -0.106202 
616 -0.106321 -0.106321 
617 -0.106441 -0.106441 
618 -0.106563 -0.106563 
619 -0.106685 -0.106685 
620 -0.106809 -0.106809 
621 -0.106934 -0.106934 
622 -0.107061 -0.107061 
623 -0.107188 -0.107188 
624 -0.107317 -0.107317 
625 -0.107447 -0.107447 
626 -0.107579 -0.107579 
627 -0.107712 -0.107712 
628 -0.107846 -0.107846 
629 -0.107981 -0.107981 
630 -0.108118 -0.108118 
631 -0.108256 -0.108256 
632 -0.108395 -0.108395 
633 -0.108536 -0.108536 
634 -0.108678 -0.108678 
635 -0.108822 -0.108822 
636 -0.108966 -0.108966 
637 -0.109112 -0.109112 
638 -0.10926 -0.10926 
639 -0.109409 -0.109409 
640 -0.109559 -0.109559 
641 -0.109711 -0.109711 
642 -0.109864 -0.109864 
643 -0.110018 -0.110018 
644 -0.110174 -0.110174 
645 -0.110331 -0.110331 
646 -0.11049 -0.11049 
647 -0.11065 -0.11065 
648 -0.110812 -0.110812 
649 -0.110975 -0.110975 
650 -0.111139 -0.111139 
651 -0.111305 -0.111305 
652 -0.111473 -0.111473 
653 -0.111642 -0.111642 
654 -0.111812 -0.111812 
655 -0.111984 -0.111984 
656 -0.112158 -0.112158 
657 -0.112333 -0.112333 
658 -0.112509 -0.112509 
659 -0.112688 -0.112688 
660 -0.112867 -0.112867 
661 -0.113048 -0.113048 
662 -0.113231 -0.113231 
663 -0.113416 -0.113416 
664 -0.113602 -0.113602 
665 -0.113789 -0.113789 
666 -0.113978 -0.113978 
667 -0.114169 -0.114169 
668 -0.114362 -0.114362 
669 -0.114556 -0.114556 
670 -0.114752 -0.114752 
671 -0.114949 -0.114949 
672 -0.115148 -0.115148 
673 -0.115349 -0.115349 
674 -0.115551 -0.115551 
675 -0.115756 -0.115756 
676 -0.115961 -0.115961 
677 -0.116169 -0.116169 
678 -0.116379 -0.116379 
679 -0.11659 -0.11659 
680 -0.116803 -0.116803 
681 -0.117017 -0.117017 
682 -0.117234 -0.117234 
683 -0.117452 -0.117452 
684 -0.117672 -0.117672 
685 -0.117894 -0.117894 
686 -0.118118 -0.118118 
687 -0.118343 -0.118343 
688 -0.118571 -0.118571 
689 -0.1188 -0.1188 
690 -0.119032 -0.119032 
691 -0.119265 -0.119265 
692 -0.1195 -0.1195 
693 -0.119737 -0.119737 
694 -0.119976 -0.119976 
695 -0.120217 -0.120217 
696 -0.12046 -0.12046 
697 -0.120704 -0.120704 
698 -0.120951 -0.120951 
699 -0.1212 -0.1212 
700 -0.121451 -0.121451 
701 -0.121704 -0.121704 
702 -0.121959 -0.121959 
703 -0.122216 -0.122216 
704 -0.122476 -0.122476 
705 -0.122737 -0.122737 
706 -0.123 -0.123 
707 -0.123266 -0.123266 
708 -0.123534 -0.123534 
709 -0.123803 -0.123803 
710 -0.124076 -0.124076 
711 -0.12435 -0.12435 
712 -0.124626 -0.124626 
713 -0.124905 -0.124905 
714 -0.125186 -0.125186 
715 -0.125469 -0.125469 
716 -0.125755 -0.125755 
717 -0.126043 -0.126043 
718 -0.126333 -0.126333 
719 -0.126625 -0.126625 
720 -0.12692 -0.12692 
721 -0.127218 -0.127218 
722 -0.127517 -0.127517 
723 -0.127819 -0.127819 
724 -0.128124 -0.128124 
725 -0.128431 -0.128431 
726 -0.12874 -0.12874 
727 -0.129052 -0.129052 
728 -0.129367 -0.129367 
729 -0.129684 -0.129684 
730 -0.130003 -0.130003 
731 -0.130325 -0.130325 
732 -0.13065 -0.13065 
733 -0.130977 -0.130977 
734 -0.131307 -0.131307 
735 -0.13164 -0.13164 
736 -0.131975 -0.131975 
737 -0.132313 -0.132313 
738 -0.132654 -0.132654 
739 -0.132998 -0.132998 
740 -0.133344 -0.133344 
741 -0.133693 -0.133693 
742 -0.134045 -0.134045 
743 -0.1344 -0.1344 
744 -0.134757 -0.134757 
745 -0.135118 -0.135118 
746 -0.135481 -0.135481 
747 -0.135847 -0.135847 
748 -0.136217 -0.136217 
749 -0.136589 -0.136589 
750 -0.136964 -0.136964 
751 -0.137343 -0.137343 
752 -0.137724 -0.137724 
753 -0.138109 -0.138109 
754 -0.138496 -0.138496 
755 -0.138887 -0.138887 
756 -0.139281 -0.139281 
757 -0.139678 -0.139678 
758 -0.140078 -0.140078 
759 -0.140482 -0.140482 
760 -0.140889 -0.140889 
761 -0.141299 -0.141299 
762 -0.141713 -0.141713 
763 -0.14213 -0.14213 
764 -0.14255 -0.14255 
765 -0.142974 -0.142974 
766 -0.143401 -0.143401 
767 -0.143832 -0.143832 
768 -0.144266 -0.144266 
769 -0.144704 -0.144704 
770 -0.145146 -0.145146 
771 -0.145591 -0.145591 
772 -0.146039 -0.146039 
773 -0.146492 -0.146492 
774 -0.146948 -0.146948 
775 -0.147408 -0.147408 
776 -0.147872 -0.147872 
777 -0.148339 -0.148339 
778 -0.148811 -0.148811 
779 -0.149286 -0.149286 
780 -0.149765 -0.149765 
781 -0.150248 -0.150248 
782 -0.150735 -0.150735 
783 -0.151227 -0.151227 
784 -0.151722 -0.151722 
785 -0.152222 -0.152222 
786 -0.152725 -0.152725 
787 -0.153233 -0.153233 
788 -0.153745 -0.153745 
789 -0.154261 -0.154261 
790 -0.154782 -0.154782 
791 -0.155307 -0.155307 
792 -0.155837 -0.155837 
793 -0.15637 -0.15637 
794 -0.156909 -0.156909 
795 -0.157452 -0.157452 
796 -0.157999 -0.157999 
797 -0.158551 -0.158551 
798 -0.159108 -0.159108 
799 -0.15967 -0.15967 
800 -0.160236 -0.160236 
801 -0.160807 -0.160807 
802 -0.161383 -0.161383 
803 -0.161963 -0.161963 
804 -0.162549 -0.162549 
805 -0.16314 -0.16314 
806 -0.163736 -0.163736 
807 -0.164336 -0.164336 
808 -0.164942 -0.164942 
809 -0.165554 -0.165554 
810 -0.16617 -0.16617 
811 -0.166792 -0.166792 
812 -0.167419 -0.167419 
813 -0.168051 -0.168051 
814 -0.168689 -0.168689 
815 -0.169333 -0.169333 
816 -0.169982 -0.169982 
817 -0.170636 -0.170636 
818 -0.171297 -0.171297 
819 -0.171963 -0.171963 
820 -0.172634 -0.172634 
821 -0.173312 -0.173312 
822 -0.173996 -0.173996 
823 -0.174685 -0.174685 
824 -0.175381 -0.175381 
825 -0.176083 -0.176083 
826 -0.176791 -0.176791 
827 -0.177505 -0.177505 
828 -0.178225 -0.178225 
829 -0.178952 -0.178952 
830 -0.179685 -0.179685 
831 -0.180425 -0.180425 
832 -0.181171 -0.181171 
833 -0.181924 -0.181924 
834 -0.182683 -0.182683 
835 -0.183449 -0.183449 
836 -0.184223 -0.184223 
837 -0.185003 -0.185003 
838 -0.18579 -0.18579 
839 -0.186584 -0.186584 
840 -0.187385 -0.187385 
841 -0.188193 -0.188193 
842 -0.189009 -0.189009 
843 -0.189832 -0.189832 
844 -0.190662 -0.190662 
845 -0.1915 -0.1915 
846 -0.192346 -0.192346 
847 -0.193199 -0.193199 
848 -0.19406 -0.19406 
849 -0.194929 -0.194929 
850 -0.195806 -0.195806 
851 -0.19669 -0.19669 
852 -0.197583 -0.197583 
853 -0.198484 -0.198484 
854 -0.199394 -0.199394 
855 -0.200311 -0.200311 
856 -0.201237 -0.201237 
857 -0.202172 -0.202172 
858 -0.203115 -0.203115 
859 -0.204067 -0.204067 
860 -0.205028 -0.205028 
861 -0.205998 -0.205998 
862 -0.206977 -0.206977 
863 -0.207965 -0.207965 
864 -0.208962 -0.208962 
865 -0.209969 -0.209969 
866 -0.210985 -0.210985 
867 -0.21201 -0.21201 
868 -0.213045 -0.213045 
869 -0.21409 -0.21409 
870 -0.215145 -0.215145 
871 -0.21621 -0.21621 
872 -0.217285 -0.217285 
873 -0.21837 -0.21837 
874 -0.219465 -0.219465 
875 -0.220571 -0.220571 
876 -0.221687 -0.221687 
877 -0.222814 -0.222814 
878 -0.223952 -0.223952 
879 -0.225101 -0.225101 
880 -0.226261 -0.226261 
881 -0.227432 -0.227432 
882 -0.228614 -0.228614 
883 -0.229808 -0.229808 
884 -0.231013 -0.231013 
885 -0.23223 -0.23223 
886 -0.233458 -0.233458 
887 -0.234699 -0.234699 
888 -0.235952 -0.235952 
889 -0.237217 -0.237217 
890 -0.238494 -0.238494 
891 -0.239784 -0.239784 
892 -0.241087 -0.241087 
893 -0.242402 -0.242402 
894 -0.24373 -0.24373 
895 -0.245072 -0.245072 
896 -0.246426 -0.246426 
897 -0.247794 -0.247794 
898 -0.249176 -0.249176 
899 -0.250572 -0.250572 
900 -0.251981 -0.251981 
901 -0.253404 -0.253404 
902 -0.254842 -0.254842 
903 -0.256294 -0.256294 
904 -0.257761 -0.257761 
905 -0.259242 -0.259242 
906 -0.260738 -0.260738 
907 -0.26225 -0.26225 
908 -0.263777 -0.263777 
909 -0.265319 -0.265319 
910 -0.266876 -0.266876 
911 -0.26845 -0.26845 
912 -0.27004 -0.27004 
913 -0.271646 -0.271646 
914 -0.273268 -0.273268 
915 -0.274907 -0.274907 
916 -0.276562 -0.276562 
917 -0.278235 -0.278235 
918 -0.279925 -0.279925 
919 -0.281632 -0.281632 
920 -0.283357 -0.283357 
921 -0.2851 -0.2851 
922 -0.286861 -0.286861 
923 -0.288641 -0.288641 
924 -0.290438 -0.290438 
925 -0.292255 -0.292255 
926 -0.29409 -0.29409 
927 -0.295945 -0.295945 
928 -0.297819 -0.297819 
929 -0.299713 -0.299713 
930 -0.301627 -0.301627 
931 -0.303561 -0.303561 
932 -0.305515 -0.305515 
933 -0.30749 -0.30749 
934 -0.309486 -0.309486 
935 -0.311503 -0.311503 
936 -0.313542 -0.313542 
937 -0.315602 -0.315602 
938 -0.317685 -0.317685 
939 -0.319789 -0.319789 
940 -0.321916 -0.321916 
941 -0.324067 -0.324067 
942 -0.32624 -0.32624 
943 -0.328436 -0.328436 
944 -0.330657 -0.330657 
945 -0.332901 -0.332901 
946 -0.335169 -0.335169 
947 -0.337463 -0.337463 
948 -0.339781 -0.339781 
949 -0.342124 -0.342124 
950 -0.344493 -0.344493 
951 -0.346888 -0.346888 
952 -0.349309 -0.349309 
953 -0.351757 -0.351757 
954 -0.354231 -0.354231 
955 -0.356733 -0.356733 
956 -0.359263 -0.359263 
957 -0.36182 -0.36182 
958 -0.364406 -0.364406 
959 -0.36702 -0.36702 
960 -0.369663 -0.369663 
961 -0.372336 -0.372336 
962 -0.375039 -0.375039 
963 -0.377771 -0.377771 
964 -0.380535 -0.380535 
965 -0.383329 -0.383329 
966 -0.386154 -0.386154 
967 -0.389012 -0.389012 
968 -0.391901 -0.391901 
969 -0.394824 -0.394824 
970 -0.397779 -0.397779 
971 -0.400768 -0.400768 
972 -0.40379 -0.40379 
973 -0.406847 -0.406847 
974 -0.409939 -0.409939 
975 -0.413066 -0.413066 
976 -0.416228 -0.416228 
977 -0.419427 -0.419427 
978 -0.422663 -0.422663 
979 -0.425935 -0.425935 
980 -0.429246 -0.429246 
981 -0.432594 -0.432594 
982 -0.435981 -0.435981 
983 -0.439407 -0.439407 
984 -0.442873 -0.442873 
985 -0.446379 -0.446379 
986 -0.449926 -0.449926 
987 -0.453514 -0.453514 
988 -0.457144 -0.457144 
989 -0.460817 -0.460817 
990 -0.464532 -0.464532 
991 -0.468291 -0.468291 
992 -0.472094 -0.472094 
993 -0.475941 -0.475941 
994 -0.479834 -0.479834 
995 -0.483773 -0.483773 
996 -0.487758 -0.487758 
997 -0.491791 -0.491791 
998 -0.495871 -0.495871 
999 -0.5 -0.5 
