0 -0.5 -0.5 -0.5 -0.5 
1 -0.493724 -0.493724 -0.487507 -0.487507 
2 -0.487559 -0.487559 -0.475446 -0.475446 
3 -0.481502 -0.481502 -0.4638 -0.4638 
4 -0.47555 -0.47555 -0.452553 -0.452553 
5 -0.469702 -0.469702 -0.441688 -0.441688 
6 -0.463956 -0.463956 -0.431192 -0.431192 
7 -0.45831 -0.45831 -0.421048 -0.421048 
8 -0.452761 -0.452761 -0.411244 -0.411244 
9 -0.447308 -0.447308 -0.401767 -0.401767 
10 -0.441949 -0.441949 -0.392603 -0.392603 
11 -0.436682 -0.436682 -0.383741 -0.383741 
12 -0.431504 -0.431504 -0.375169 -0.375169 
13 -0.426415 -0.426415 -0.366875 -0.366875 
14 -0.421413 -0.421413 -0.35885 -0.35885 
15 -0.416496 -0.416496 -0.351083 -0.351083 
16 -0.411661 -0.411661 -0.343565 -0.343565 
17 -0.406909 -0.406909 -0.336285 -0.336285 
18 -0.402236 -0.402236 -0.329235 -0.329235 
19 -0.397642 -0.397642 -0.322406 -0.322406 
20 -0.393124 -0.393124 -0.315791 -0.315791 
21 -0.388682 -0.388682 -0.30938 -0.30938 
22 -0.384314 -0.384314 -0.303167 -0.303167 
23 -0.380019 -0.380019 -0.297145 -0.297145 
24 -0.375795 -0.375795 -0.291305 -0.291305 
25 -0.37164 -0.37164 -0.285643 -0.285643 
26 -0.367553 -0.367553 -0.28015 -0.28015 
27 -0.363534 -0.363534 -0.274821 -0.274821 
28 -0.359581 -0.359581 -0.269651 -0.269651 
29 -0.355692 -0.355692 -0.264633 -0.264633 
30 -0.351866 -0.351866 -0.259762 -0.259762 
31 -0.348102 -0.348102 -0.255032 -0.255032 
32 -0.3444 -0.3444 -0.25044 -0.25044 
33 -0.340757 -0.340757 -0.245979 -0.245979 
34 -0.337172 -0.337172 -0.241645 -0.241645 
35 -0.333645 -0.333645 -0.237435 -0.237435 
36 -0.330174 -0.330174 -0.233342 -0.233342 
37 -0.326759 -0.326759 -0.229365 -0.229365 
38 -0.323398 -0.323398 -0.225497 -0.225497 
39 -0.320091 -0.320091 -0.221736 -0.221736 
40 -0.316835 -0.316835 -0.218079 -0.218079 
41 -0.313631 -0.313631 -0.214521 -0.214521 
42 -0.310477 -0.310477 -0.211059 -0.211059 
43 -0.307373 -0.307373 -0.20769 -0.20769 
44 -0.304317 -0.304317 -0.20441 -0.20441 
45 -0.301308 -0.301308 -0.201218 -0.201218 
46 -0.298347 -0.298347 -0.198109 -0.198109 
47 -0.295431 -0.295431 -0.195082 -0.195082 
48 -0.29256 -0.29256 -0.192133 -0.192133 
49 -0.289733 -0.289733 -0.18926 -0.18926 
50 -0.28695 -0.28695 -0.18646 -0.18646 
51 -0.284209 -0.284209 -0.183732 -0.183732 
52 -0.28151 -0.28151 -0.181072 -0.181072 
53 -0.278852 -0.278852 -0.178478 -0.178478 
54 -0.276234 -0.276234 -0.17595 -0.17595 
55 -0.273656 -0.273656 -0.173483 -0.173483 
56 -0.271117 -0.271117 -0.171077 -0.171077 
57 -0.268615 -0.268615 -0.16873 -0.16873 
58 -0.266151 -0.266151 -0.166439 -0.166439 
59 -0.263724 -0.263724 -0.164203 -0.164203 
60 -0.261333 -0.261333 -0.162021 -0.162021 
61 -0.258977 -0.258977 -0.15989 -0.15989 
62 -0.256657 -0.256657 -0.157809 -0.157809 
63 -0.25437 -0.25437 -0.155776 -0.155776 
64 -0.252117 -0.252117 -0.153791 -0.153791 
65 -0.249897 -0.249897 -0.151851 -0.151851 
66 -0.247709 -0.247709 -0.149955 -0.149955 
67 -0.245553 -0.245553 -0.148102 -0.148102 
68 -0.243429 -0.243429 -0.146291 -0.146291 
69 -0.241335 -0.241335 -0.144521 -0.144521 
70 -0.239271 -0.239271 -0.142789 -0.142789 
71 -0.237237 -0.237237 -0.141096 -0.141096 
72 -0.235232 -0.235232 -0.13944 -0.13944 
73 -0.233256 -0.233256 -0.137819 -0.137819 
74 -0.231308 -0.231308 -0.136234 -0.136234 
75 -0.229387 -0.229387 -0.134682 -0.134682 
76 -0.227494 -0.227494 -0.133164 -0.133164 
77 -0.225627 -0.225627 -0.131677 -0.131677 
78 -0.223786 -0.223786 -0.130222 -0.130222 
79 -0.221972 -0.221972 -0.128796 -0.128796 
80 -0.220182 -0.220182 -0.127401 -0.127401 
81 -0.218418 -0.218418 -0.126033 -0.126033 
82 -0.216678 -0.216678 -0.124694 -0.124694 
83 -0.214962 -0.214962 -0.123382 -0.123382 
84 -0.213269 -0.213269 -0.122096 -0.122096 
85 -0.2116 -0.2116 -0.120835 -0.120835 
86 -0.209954 -0.209954 -0.1196 -0.1196 
87 -0.20833 -0.20833 -0.118388 -0.118388 
88 -0.206729 -0.206729 -0.117201 -0.117201 
89 -0.205149 -0.205149 -0.116036 -0.116036 
90 -0.20359 -0.20359 -0.114894 -0.114894 
91 -0.202052 -0.202052 -0.113774 -0.113774 
92 -0.200535 -0.200535 -0.112675 -0.112675 
93 -0.199039 -0.199039 -0.111596 -0.111596 
94 -0.197562 -0.197562 -0.110538 -0.110538 
95 -0.196105 -0.196105 -0.1095 -0.1095 
96 -0.194667 -0.194667 -0.10848 -0.10848 
97 -0.193248 -0.193248 -0.107479 -0.107479 
98 -0.191848 -0.191848 -0.106497 -0.106497 
99 -0.190467 -0.190467 -0.105532 -0.105532 
100 -0.189103 -0.189103 -0.104585 -0.104585 
101 -0.187757 -0.187757 -0.103654 -0.103654 
102 -0.186429 -0.186429 -0.10274 -0.10274 
103 -0.185118 -0.185118 -0.101843 -0.101843 
104 -0.183824 -0.183824 -0.10096 -0.10096 
105 -0.182546 -0.182546 -0.100094 -0.100094 
106 -0.181285 -0.181285 -0.0992417 -0.0992417 
107 -0.18004 -0.18004 -0.0984044 -0.0984044 
108 -0.178811 -0.178811 -0.0975813 -0.0975813 
109 -0.177597 -0.177597 -0.0967723 -0.0967723 
110 -0.176399 -0.176399 -0.0959768 -0.0959768 
111 -0.175216 -0.175216 -0.0951946 -0.0951946 
112 -0.174048 -0.174048 -0.0944254 -0.0944254 
113 -0.172895 -0.172895 -0.0936688 -0.0936688 
114 -0.171756 -0.171756 -0.0929247 -0.0929247 
115 -0.170631 -0.170631 -0.0921927 -0.0921927 
116 -0.16952 -0.16952 -0.0914725 -0.0914725 
117 -0.168423 -0.168423 -0.0907639 -0.0907639 
118 -0.16734 -0.16734 -0.0900667 -0.0900667 
119 -0.166269 -0.166269 -0.0893805 -0.0893805 
120 -0.165212 -0.165212 -0.0887051 -0.0887051 
121 -0.164168 -0.164168 -0.0880404 -0.0880404 
122 -0.163137 -0.163137 -0.087386 -0.087386 
123 -0.162118 -0.162118 -0.0867417 -0.0867417 
124 -0.161111 -0.161111 -0.0861074 -0.0861074 
125 -0.160117 -0.160117 -0.0854828 -0.0854828 
126 -0.159135 -0.159135 -0.0848677 -0.0848677 
127 -0.158164 -0.158164 -0.0842618 -0.0842618 
128 -0.157205 -0.157205 -0.0836651 -0.0836651 
129 -0.156257 -0.156257 -0.0830773 -0.0830773 
130 -0.155321 -0.155321 -0.0824983 -0.0824983 
131 -0.154396 -0.154396 -0.0819278 -0.0819278 
132 -0.153481 -0.153481 -0.0813657 -0.0813657 
133 -0.152578 -0.152578 -0.0808118 -0.0808118 
134 -0.151685 -0.151685 -0.0802659 -0.0802659 
135 -0.150802 -0.150802 -0.0797279 -0.0797279 
136 -0.14993 -0.14993 -0.0791977 -0.0791977 
137 -0.149068 -0.149068 -0.078675 -0.078675 
138 -0.148216 -0.148216 -0.0781597 -0.0781597 
139 -0.147374 -0.147374 -0.0776517 -0.0776517 
140 -0.146541 -0.146541 -0.0771508 -0.0771508 
141 -0.145718 -0.145718 -0.0766569 -0.0766569 
142 -0.144905 -0.144905 -0.0761699 -0.0761699 
143 -0.1441 -0.1441 -0.0756896 -0.0756896 
144 -0.143305 -0.143305 -0.0752159 -0.0752159 
145 -0.142519 -0.142519 -0.0747487 -0.0747487 
146 -0.141742 -0.141742 -0.0742878 -0.0742878 
147 -0.140973 -0.140973 -0.0738331 -0.0738331 
148 -0.140213 -0.140213 -0.0733846 -0.0733846 
149 -0.139462 -0.139462 -0.072942 -0.072942 
150 -0.138719 -0.138719 -0.0725053 -0.0725053 
151 -0.137984 -0.137984 -0.0720745 -0.0720745 
152 -0.137258 -0.137258 -0.0716492 -0.0716492 
153 -0.136539 -0.136539 -0.0712296 -0.0712296 
154 -0.135829 -0.135829 -0.0708154 -0.0708154 
155 -0.135126 -0.135126 -0.0704066 -0.0704066 
156 -0.134431 -0.134431 -0.0700031 -0.0700031 
157 -0.133744 -0.133744 -0.0696047 -0.0696047 
158 -0.133064 -0.133064 -0.0692115 -0.0692115 
159 -0.132391 -0.132391 -0.0688232 -0.0688232 
160 -0.131726 -0.131726 -0.0684398 -0.0684398 
161 -0.131068 -0.131068 -0.0680613 -0.0680613 
162 -0.130417 -0.130417 -0.0676875 -0.0676875 
163 -0.129773 -0.129773 -0.0673184 -0.0673184 
164 -0.129136 -0.129136 -0.0669538 -0.0669538 
165 -0.128505 -0.128505 -0.0665938 -0.0665938 
166 -0.127882 -0.127882 -0.0662381 -0.0662381 
167 -0.127265 -0.127265 -0.0658868 -0.0658868 
168 -0.126655 -0.126655 -0.0655398 -0.0655398 
169 -0.126051 -0.126051 -0.065197 -0.065197 
170 -0.125453 -0.125453 -0.0648584 -0.0648584 
171 -0.124862 -0.124862 -0.0645238 -0.0645238 
172 -0.124276 -0.124276 -0.0641932 -0.0641932 
173 -0.123697 -0.123697 -0.0638665 -0.0638665 
174 -0.123124 -0.123124 -0.0635438 -0.0635438 
175 -0.122557 -0.122557 -0.0632248 -0.0632248 
176 -0.121996 -0.121996 -0.0629095 -0.0629095 
177 -0.121441 -0.121441 -0.062598 -0.062598 
178 -0.120891 -0.120891 -0.0622901 -0.0622901 
179 -0.120347 -0.120347 -0.0619857 -0.0619857 
180 -0.119809 -0.119809 -0.0616849 -0.0616849 
181 -0.119276 -0.119276 -0.0613875 -0.0613875 
182 -0.118748 -0.118748 -0.0610936 -0.0610936 
183 -0.118226 -0.118226 -0.0608029 -0.0608029 
184 -0.117709 -0.117709 -0.0605156 -0.0605156 
185 -0.117197 -0.117197 -0.0602316 -0.0602316 
186 -0.116691 -0.116691 -0.0599507 -0.0599507 
187 -0.11619 -0.11619 -0.059673 -0.059673 
188 -0.115693 -0.115693 -0.0593984 -0.0593984 
189 -0.115202 -0.115202 -0.0591268 -0.0591268 
190 -0.114715 -0.114715 -0.0588583 -0.0588583 
191 -0.114234 -0.114234 -0.0585927 -0.0585927 
192 -0.113757 -0.113757 -0.05833 -0.05833 
193 -0.113285 -0.113285 -0.0580703 -0.0580703 
194 -0.112817 -0.112817 -0.0578133 -0.0578133 
195 -0.112354 -0.112354 -0.0575592 -0.0575592 
196 -0.111896 -0.111896 -0.0573078 -0.0573078 
197 -0.111442 -0.111442 -0.0570591 -0.0570591 
198 -0.110993 -0.110993 -0.0568131 -0.0568131 
199 -0.110547 -0.110547 -0.0565697 -0.0565697 
200 -0.110107 -0.110107 -0.056329 -0.056329 
201 -0.10967 -0.10967 -0.0560908 -0.0560908 
202 -0.109238 -0.109238 -0.0558551 -0.0558551 
203 -0.10881 -0.10881 -0.0556219 -0.0556219 
204 -0.108386 -0.108386 -0.0553912 -0.0553912 
205 -0.107966 -0.107966 -0.0551629 -0.0551629 
206 -0.107551 -0.107551 -0.0549369 -0.0549369 
207 -0.107139 -0.107139 -0.0547134 -0.0547134 
208 -0.106731 -0.106731 -0.0544921 -0.0544921 
209 -0.106327 -0.106327 -0.0542732 -0.0542732 
210 -0.105927 -0.105927 -0.0540565 -0.0540565 
211 -0.10553 -0.10553 -0.053842 -0.053842 
212 -0.105138 -0.105138 -0.0536297 -0.0536297 
213 -0.104749 -0.104749 -0.0534196 -0.0534196 
214 -0.104363 -0.104363 -0.0532117 -0.0532117 
215 -0.103982 -0.103982 -0.0530058 -0.0530058 
216 -0.103604 -0.103604 -0.0528021 -0.0528021 
217 -0.103229 -0.103229 -0.0526004 -0.0526004 
218 -0.102858 -0.102858 -0.0524007 -0.0524007 
219 -0.102491 -0.102491 -0.052203 -0.052203 
220 -0.102127 -0.102127 -0.0520073 -0.0520073 
221 -0.101766 -0.101766 -0.0518136 -0.0518136 
222 -0.101408 -0.101408 -0.0516218 -0.0516218 
223 -0.101054 -0.101054 -0.0514319 -0.0514319 
224 -0.100704 -0.100704 -0.0512438 -0.0512438 
225 -0.100356 -0.100356 -0.0510577 -0.0510577 
226 -0.100012 -0.100012 -0.0508733 -0.0508733 
227 -0.0996703 -0.0996703 -0.0506908 -0.0506908 
228 -0.0993321 -0.0993321 -0.05051 -0.05051 
229 -0.0989971 -0.0989971 -0.050331 -0.050331 
230 -0.0986651 -0.0986651 -0.0501538 -0.0501538 
231 -0.0983362 -0.0983362 -0.0499782 -0.0499782 
232 -0.0980102 -0.0980102 -0.0498044 -0.0498044 
233 -0.0976872 -0.0976872 -0.0496322 -0.0496322 
234 -0.0973672 -0.0973672 -0.0494618 -0.0494618 
235 -0.09705 -0.09705 -0.0492929 -0.0492929 
236 -0.0967357 -0.0967357 -0.0491257 -0.0491257 
237 -0.0964242 -0.0964242 -0.04896 -0.04896 
238 -0.0961155 -0.0961155 -0.0487959 -0.0487959 
239 -0.0958096 -0.0958096 -0.0486334 -0.0486334 
240 -0.0955064 -0.0955064 -0.0484725 -0.0484725 
241 -0.095206 -0.095206 -0.0483131 -0.0483131 
242 -0.0949082 -0.0949082 -0.0481551 -0.0481551 
243 -0.0946131 -0.0946131 -0.0479987 -0.0479987 
244 -0.0943207 -0.0943207 -0.0478437 -0.0478437 
245 -0.0940308 -0.0940308 -0.0476902 -0.0476902 
246 -0.0937435 -0.0937435 -0.0475381 -0.0475381 
247 -0.0934587 -0.0934587 -0.0473875 -0.0473875 
248 -0.0931765 -0.0931765 -0.0472382 -0.0472382 
249 -0.0928968 -0.0928968 -0.0470904 -0.0470904 
250 -0.0926195 -0.0926195 -0.0469439 -0.0469439 
251 -0.0923447 -0.0923447 -0.0467987 -0.0467987 
252 -0.0920723 -0.0920723 -0.0466549 -0.0466549 
253 -0.0918024 -0.0918024 -0.0465125 -0.0465125 
254 -0.0915347 -0.0915347 -0.0463713 -0.0463713 
255 -0.0912695 -0.0912695 -0.0462315 -0.0462315 
256 -0.0910065 -0.0910065 -0.0460929 -0.0460929 
257 -0.0907459 -0.0907459 -0.0459556 -0.0459556 
258 -0.0904875 -0.0904875 -0.0458196 -0.0458196 
259 -0.0902314 -0.0902314 -0.0456848 -0.0456848 
260 -0.0899776 -0.0899776 -0.0455512 -0.0455512 
261 -0.0897259 -0.0897259 -0.0454189 -0.0454189 
262 -0.0894764 -0.0894764 -0.0452878 -0.0452878 
263 -0.0892292 -0.0892292 -0.0451578 -0.0451578 
264 -0.088984 -0.088984 -0.045029 -0.045029 
265 -0.088741 -0.088741 -0.0449014 -0.0449014 
266 -0.0885001 -0.0885001 -0.044775 -0.044775 
267 -0.0882613 -0.0882613 -0.0446496 -0.0446496 
268 -0.0880245 -0.0880245 -0.0445255 -0.0445255 
269 -0.0877898 -0.0877898 -0.0444024 -0.0444024 
270 -0.0875571 -0.0875571 -0.0442804 -0.0442804 
271 -0.0873265 -0.0873265 -0.0441596 -0.0441596 
272 -0.0870978 -0.0870978 -0.0440398 -0.0440398 
273 -0.0868711 -0.0868711 -0.0439211 -0.0439211 
274 -0.0866463 -0.0866463 -0.0438034 -0.0438034 
275 -0.0864235 -0.0864235 -0.0436868 -0.0436868 
276 -0.0862026 -0.0862026 -0.0435712 -0.0435712 
277 -0.0859836 -0.0859836 -0.0434567 -0.0434567 
278 -0.0857665 -0.0857665 -0.0433432 -0.0433432 
279 -0.0855513 -0.0855513 -0.0432307 -0.0432307 
280 -0.0853378 -0.0853378 -0.0431192 -0.0431192 
281 -0.0851263 -0.0851263 -0.0430087 -0.0430087 
282 -0.0849165 -0.0849165 -0.0428992 -0.0428992 
283 -0.0847086 -0.0847086 -0.0427906 -0.0427906 
284 -0.0845024 -0.0845024 -0.042683 -0.042683 
285 -0.084298 -0.084298 -0.0425764 -0.0425764 
286 -0.0840953 -0.0840953 -0.0424707 -0.0424707 
287 -0.0838944 -0.0838944 -0.0423659 -0.0423659 
288 -0.0836952 -0.0836952 -0.0422621 -0.0422621 
289 -0.0834977 -0.0834977 -0.0421591 -0.0421591 
290 -0.0833019 -0.0833019 -0.0420571 -0.0420571 
291 -0.0831077 -0.0831077 -0.041956 -0.041956 
292 -0.0829153 -0.0829153 -0.0418558 -0.0418558 
293 -0.0827244 -0.0827244 -0.0417564 -0.0417564 
294 -0.0825353 -0.0825353 -0.041658 -0.041658 
295 -0.0823477 -0.0823477 -0.0415604 -0.0415604 
296 -0.0821617 -0.0821617 -0.0414636 -0.0414636 
297 -0.0819773 -0.0819773 -0.0413677 -0.0413677 
298 -0.0817945 -0.0817945 -0.0412727 -0.0412727 
299 -0.0816133 -0.0816133 -0.0411785 -0.0411785 
300 -0.0814336 -0.0814336 -0.0410851 -0.0410851 
301 -0.0812554 -0.0812554 -0.0409925 -0.0409925 
302 -0.0810788 -0.0810788 -0.0409008 -0.0409008 
303 -0.0809037 -0.0809037 -0.0408098 -0.0408098 
304 -0.0807301 -0.0807301 -0.0407197 -0.0407197 
305 -0.080558 -0.080558 -0.0406303 -0.0406303 
306 -0.0803873 -0.0803873 -0.0405418 -0.0405418 
307 -0.0802181 -0.0802181 -0.040454 -0.040454 
308 -0.0800504 -0.0800504 -0.040367 -0.040367 
309 -0.0798841 -0.0798841 -0.0402807 -0.0402807 
310 -0.0797192 -0.0797192 -0.0401952 -0.0401952 
311 -0.0795558 -0.0795558 -0.0401105 -0.0401105 
312 -0.0793937 -0.0793937 -0.0400265 -0.0400265 
313 -0.0792331 -0.0792331 -0.0399432 -0.0399432 
314 -0.0790738 -0.0790738 -0.0398607 -0.0398607 
315 -0.0789159 -0.0789159 -0.0397789 -0.0397789 
316 -0.0787594 -0.0787594 -0.0396978 -0.0396978 
317 -0.0786042 -0.0786042 -0.0396175 -0.0396175 
318 -0.0784504 -0.0784504 -0.0395378 -0.0395378 
319 -0.0782979 -0.0782979 -0.0394589 -0.0394589 
320 -0.0781467 -0.0781467 -0.0393806 -0.0393806 
321 -0.0779969 -0.0779969 -0.0393031 -0.0393031 
322 -0.0778483 -0.0778483 -0.0392262 -0.0392262 
323 -0.077701 -0.077701 -0.03915 -0.03915 
324 -0.077555 -0.077555 -0.0390745 -0.0390745 
325 -0.0774103 -0.0774103 -0.0389997 -0.0389997 
326 -0.0772668 -0.0772668 -0.0389255 -0.0389255 
327 -0.0771246 -0.0771246 -0.038852 -0.038852 
328 -0.0769836 -0.0769836 -0.0387792 -0.0387792 
329 -0.0768439 -0.0768439 -0.0387069 -0.0387069 
330 -0.0767054 -0.0767054 -0.0386354 -0.0386354 
331 -0.0765681 -0.0765681 -0.0385645 -0.0385645 
332 -0.076432 -0.076432 -0.0384942 -0.0384942 
333 -0.0762971 -0.0762971 -0.0384245 -0.0384245 
334 -0.0761634 -0.0761634 -0.0383555 -0.0383555 
335 -0.0760309 -0.0760309 -0.0382871 -0.0382871 
336 -0.0758996 -0.0758996 -0.0382193 -0.0382193 
337 -0.0757694 -0.0757694 -0.0381521 -0.0381521 
338 -0.0756404 -0.0756404 -0.0380855 -0.0380855 
339 -0.0755126 -0.0755126 -0.0380196 -0.0380196 
340 -0.0753858 -0.0753858 -0.0379542 -0.0379542 
341 -0.0752602 -0.0752602 -0.0378894 -0.0378894 
342 -0.0751358 -0.0751358 -0.0378252 -0.0378252 
343 -0.0750124 -0.0750124 -0.0377616 -0.0377616 
344 -0.0748902 -0.0748902 -0.0376986 -0.0376986 
345 -0.0747691 -0.0747691 -0.0376362 -0.0376362 
346 -0.0746491 -0.0746491 -0.0375743 -0.0375743 
347 -0.0745301 -0.0745301 -0.037513 -0.037513 
348 -0.0744122 -0.0744122 -0.0374523 -0.0374523 
349 -0.0742955 -0.0742955 -0.0373921 -0.0373921 
350 -0.0741797 -0.0741797 -0.0373325 -0.0373325 
351 -0.0740651 -0.0740651 -0.0372734 -0.0372734 
352 -0.0739515 -0.0739515 -0.0372149 -0.0372149 
353 -0.0738389 -0.0738389 -0.0371569 -0.0371569 
354 -0.0737274 -0.0737274 -0.0370995 -0.0370995 
355 -0.0736169 -0.0736169 -0.0370426 -0.0370426 
356 -0.0735075 -0.0735075 -0.0369863 -0.0369863 
357 -0.073399 -0.073399 -0.0369304 -0.0369304 
358 -0.0732916 -0.0732916 -0.0368752 -0.0368752 
359 -0.0731852 -0.0731852 -0.0368204 -0.0368204 
360 -0.0730798 -0.0730798 -0.0367661 -0.0367661 
361 -0.0729753 -0.0729753 -0.0367124 -0.0367124 
362 -0.0728719 -0.0728719 -0.0366592 -0.0366592 
363 -0.0727695 -0.0727695 -0.0366065 -0.0366065 
364 -0.072668 -0.072668 -0.0365543 -0.0365543 
365 -0.0725675 -0.0725675 -0.0365026 -0.0365026 
366 -0.072468 -0.072468 -0.0364515 -0.0364515 
367 -0.0723694 -0.0723694 -0.0364008 -0.0364008 
368 -0.0722718 -0.0722718 -0.0363506 -0.0363506 
369 -0.0721751 -0.0721751 -0.0363009 -0.0363009 
370 -0.0720794 -0.0720794 -0.0362517 -0.0362517 
371 -0.0719846 -0.0719846 -0.036203 -0.036203 
372 -0.0718908 -0.0718908 -0.0361548 -0.0361548 
373 -0.0717978 -0.0717978 -0.036107 -0.036107 
374 -0.0717059 -0.0717059 -0.0360597 -0.0360597 
375 -0.0716148 -0.0716148 -0.0360129 -0.0360129 
376 -0.0715246 -0.0715246 -0.0359666 -0.0359666 
377 -0.0714353 -0.0714353 -0.0359208 -0.0359208 
378 -0.071347 -0.071347 -0.0358754 -0.0358754 
379 -0.0712595 -0.0712595 -0.0358305 -0.0358305 
380 -0.0711729 -0.0711729 -0.035786 -0.035786 
381 -0.0710873 -0.0710873 -0.035742 -0.035742 
382 -0.0710025 -0.0710025 -0.0356985 -0.0356985 
383 -0.0709185 -0.0709185 -0.0356554 -0.0356554 
384 -0.0708355 -0.0708355 -0.0356128 -0.0356128 
385 -0.0707533 -0.0707533 -0.0355706 -0.0355706 
386 -0.070672 -0.070672 -0.0355288 -0.0355288 
387 -0.0705916 -0.0705916 -0.0354876 -0.0354876 
388 -0.070512 -0.070512 -0.0354467 -0.0354467 
389 -0.0704332 -0.0704332 -0.0354063 -0.0354063 
390 -0.0703553 -0.0703553 -0.0353663 -0.0353663 
391 -0.0702783 -0.0702783 -0.0353268 -0.0353268 
392 -0.0702021 -0.0702021 -0.0352877 -0.0352877 
393 -0.0701267 -0.0701267 -0.035249 -0.035249 
394 -0.0700522 -0.0700522 -0.0352108 -0.0352108 
395 -0.0699784 -0.0699784 -0.035173 -0.035173 
396 -0.0699055 -0.0699055 -0.0351356 -0.0351356 
397 -0.0698335 -0.0698335 -0.0350986 -0.0350986 
398 -0.0697622 -0.0697622 -0.0350621 -0.0350621 
399 -0.0696918 -0.0696918 -0.035026 -0.035026 
400 -0.0696221 -0.0696221 -0.0349903 -0.0349903 
401 -0.0695533 -0.0695533 -0.034955 -0.034955 
402 -0.0694853 -0.0694853 -0.0349201 -0.0349201 
403 -0.069418 -0.069418 -0.0348856 -0.0348856 
404 -0.0693516 -0.0693516 -0.0348516 -0.0348516 
405 -0.0692859 -0.0692859 -0.0348179 -0.0348179 
406 -0.0692211 -0.0692211 -0.0347847 -0.0347847 
407 -0.069157 -0.069157 -0.0347519 -0.0347519 
408 -0.0690937 -0.0690937 -0.0347194 -0.0347194 
409 -0.0690312 -0.0690312 -0.0346874 -0.0346874 
410 -0.0689694 -0.0689694 -0.0346557 -0.0346557 
411 -0.0689085 -0.0689085 -0.0346245 -0.0346245 
412 -0.0688482 -0.0688482 -0.0345936 -0.0345936 
413 -0.0687888 -0.0687888 -0.0345632 -0.0345632 
414 -0.0687301 -0.0687301 -0.0345331 -0.0345331 
415 -0.0686722 -0.0686722 -0.0345035 -0.0345035 
416 -0.068615 -0.068615 -0.0344742 -0.0344742 
417 -0.0685586 -0.0685586 -0.0344453 -0.0344453 
418 -0.068503 -0.068503 -0.0344168 -0.0344168 
419 -0.068448 -0.068448 -0.0343886 -0.0343886 
420 -0.0683939 -0.0683939 -0.0343609 -0.0343609 
421 -0.0683404 -0.0683404 -0.0343335 -0.0343335 
422 -0.0682877 -0.0682877 -0.0343066 -0.0343066 
423 -0.0682358 -0.0682358 -0.03428 -0.03428 
424 -0.0681846 -0.0681846 -0.0342537 -0.0342537 
425 -0.0681341 -0.0681341 -0.0342279 -0.0342279 
426 -0.0680843 -0.0680843 -0.0342024 -0.0342024 
427 -0.0680353 -0.0680353 -0.0341773 -0.0341773 
428 -0.0679869 -0.0679869 -0.0341526 -0.0341526 
429 -0.0679394 -0.0679394 -0.0341282 -0.0341282 
430 -0.0678925 -0.0678925 -0.0341042 -0.0341042 
431 -0.0678463 -0.0678463 -0.0340806 -0.0340806 
432 -0.0678009 -0.0678009 -0.0340573 -0.0340573 
433 -0.0677562 -0.0677562 -0.0340344 -0.0340344 
434 -0.0677121 -0.0677121 -0.0340119 -0.0340119 
435 -0.0676688 -0.0676688 -0.0339897 -0.0339897 
436 -0.0676262 -0.0676262 -0.0339679 -0.0339679 
437 -0.0675843 -0.0675843 -0.0339465 -0.0339465 
438 -0.0675431 -0.0675431 -0.0339254 -0.0339254 
439 -0.0675026 -0.0675026 -0.0339047 -0.0339047 
440 -0.0674628 -0.0674628 -0.0338843 -0.0338843 
441 -0.0674237 -0.0674237 -0.0338643 -0.0338643 
442 -0.0673853 -0.0673853 -0.0338446 -0.0338446 
443 -0.0673475 -0.0673475 -0.0338253 -0.0338253 
444 -0.0673105 -0.0673105 -0.0338064 -0.0338064 
445 -0.0672741 -0.0672741 -0.0337878 -0.0337878 
446 -0.0672385 -0.0672385 -0.0337695 -0.0337695 
447 -0.0672035 -0.0672035 -0.0337517 -0.0337517 
448 -0.0671692 -0.0671692 -0.0337341 -0.0337341 
449 -0.0671356 -0.0671356 -0.0337169 -0.0337169 
450 -0.0671026 -0.0671026 -0.0337001 -0.0337001 
451 -0.0670704 -0.0670704 -0.0336836 -0.0336836 
452 -0.0670388 -0.0670388 -0.0336674 -0.0336674 
453 -0.0670079 -0.0670079 -0.0336516 -0.0336516 
454 -0.0669777 -0.0669777 -0.0336361 -0.0336361 
455 -0.0669481 -0.0669481 -0.033621 -0.033621 
456 -0.0669192 -0.0669192 -0.0336063 -0.0336063 
457 -0.066891 -0.066891 -0.0335918 -0.0335918 
458 -0.0668634 -0.0668634 -0.0335777 -0.0335777 
459 -0.0668365 -0.0668365 -0.033564 -0.033564 
460 -0.0668103 -0.0668103 -0.0335506 -0.0335506 
461 -0.0667847 -0.0667847 -0.0335375 -0.0335375 
462 -0.0667598 -0.0667598 -0.0335248 -0.0335248 
463 -0.0667356 -0.0667356 -0.0335124 -0.0335124 
464 -0.066712 -0.066712 -0.0335003 -0.0335003 
465 -0.0666891 -0.0666891 -0.0334886 -0.0334886 
466 -0.0666669 -0.0666669 -0.0334772 -0.0334772 
467 -0.0666453 -0.0666453 -0.0334662 -0.0334662 
468 -0.0666243 -0.0666243 -0.0334555 -0.0334555 
469 -0.066604 -0.066604 -0.0334451 -0.0334451 
470 -0.0665844 -0.0665844 -0.033435 -0.033435 
471 -0.0665654 -0.0665654 -0.0334253 -0.0334253 
472 -0.066547 -0.066547 -0.033416 -0.033416 
473 -0.0665294 -0.0665294 -0.0334069 -0.0334069 
474 -0.0665123 -0.0665123 -0.0333982 -0.0333982 
475 -0.0664959 -0.0664959 -0.0333898 -0.0333898 
476 -0.0664802 -0.0664802 -0.0333818 -0.0333818 
477 -0.0664651 -0.0664651 -0.0333741 -0.0333741 
478 -0.0664507 -0.0664507 -0.0333667 -0.0333667 
479 -0.0664369 -0.0664369 -0.0333597 -0.0333597 
480 -0.0664237 -0.0664237 -0.0333529 -0.0333529 
481 -0.0664112 -0.0664112 -0.0333465 -0.0333465 
482 -0.0663994 -0.0663994 -0.0333405 -0.0333405 
483 -0.0663882 -0.0663882 -0.0333347 -0.0333347 
484 -0.0663776 -0.0663776 -0.0333293 -0.0333293 
485 -0.0663677 -0.0663677 -0.0333243 -0.0333243 
486 -0.0663584 -0.0663584 -0.0333195 -0.0333195 
487 -0.0663497 -0.0663497 -0.0333151 -0.0333151 
488 -0.0663417 -0.0663417 -0.033311 -0.033311 
489 -0.0663344 -0.0663344 -0.0333073 -0.0333073 
490 -0.0663277 -0.0663277 -0.0333038 -0.0333038 
491 -0.0663216 -0.0663216 -0.0333007 -0.0333007 
492 -0.0663162 -0.0663162 -0.0332979 -0.0332979 
493 -0.0663114 -0.0663114 -0.0332955 -0.0332955 
494 -0.0663072 -0.0663072 -0.0332934 -0.0332934 
495 -0.0663037 -0.0663037 -0.0332916 -0.0332916 
496 -0.0663008 -0.0663008 -0.0332901 -0.0332901 
497 -0.0662986 -0.0662986 -0.033289 -0.033289 
498 -0.066297 -0.066297 -0.0332881 -0.0332881 
499 -0.066296 -0.066296 -0.0332876 -0.0332876 
500 -0.0662957 -0.0662957 -0.0332875 -0.0332875 
501 -0.066296 -0.066296 -0.0332876 -0.0332876 
502 -0.066297 -0.066297 -0.0332881 -0.0332881 
503 -0.0662986 -0.0662986 -0.033289 -0.033289 
504 -0.0663008 -0.0663008 -0.0332901 -0.0332901 
505 -0.0663037 -0.0663037 -0.0332916 -0.0332916 
506 -0.0663072 -0.0663072 -0.0332934 -0.0332934 
507 -0.0663114 -0.0663114 -0.0332955 -0.0332955 
508 -0.0663162 -0.0663162 -0.0332979 -0.0332979 
509 -0.0663216 -0.0663216 -0.0333007 -0.0333007 
510 -0.0663277 -0.0663277 -0.0333038 -0.0333038 
511 -0.0663344 -0.0663344 -0.0333073 -0.0333073 
512 -0.0663417 -0.0663417 -0.033311 -0.033311 
513 -0.0663497 -0.0663497 -0.0333151 -0.0333151 
514 -0.0663584 -0.0663584 -0.0333195 -0.0333195 
515 -0.0663677 -0.0663677 -0.0333243 -0.0333243 
516 -0.0663776 -0.0663776 -0.0333293 -0.0333293 
517 -0.0663882 -0.0663882 -0.0333347 -0.0333347 
518 -0.0663994 -0.0663994 -0.0333405 -0.0333405 
519 -0.0664112 -0.0664112 -0.0333465 -0.0333465 
520 -0.0664237 -0.0664237 -0.0333529 -0.0333529 
521 -0.0664369 -0.0664369 -0.0333597 -0.0333597 
522 -0.0664507 -0.0664507 -0.0333667 -0.0333667 
523 -0.0664651 -0.0664651 -0.0333741 -0.0333741 
524 -0.0664802 -0.0664802 -0.0333818 -0.0333818 
525 -0.0664959 -0.0664959 -0.0333898 -0.0333898 
526 -0.0665123 -0.0665123 -0.0333982 -0.0333982 
527 -0.0665294 -0.0665294 -0.0334069 -0.0334069 
528 -0.066547 -0.066547 -0.033416 -0.033416 
529 -0.0665654 -0.0665654 -0.0334253 -0.0334253 
530 -0.0665844 -0.0665844 -0.033435 -0.033435 
531 -0.066604 -0.066604 -0.0334451 -0.0334451 
532 -0.0666243 -0.0666243 -0.0334555 -0.0334555 
533 -0.0666453 -0.0666453 -0.0334662 -0.0334662 
534 -0.0666669 -0.0666669 -0.0334772 -0.0334772 
535 -0.0666891 -0.0666891 -0.0334886 -0.0334886 
536 -0.066712 -0.066712 -0.0335003 -0.0335003 
537 -0.0667356 -0.0667356 -0.0335124 -0.0335124 
538 -0.0667598 -0.0667598 -0.0335248 -0.0335248 
539 -0.0667847 -0.0667847 -0.0335375 -0.0335375 
540 -0.0668103 -0.0668103 -0.0335506 -0.0335506 
541 -0.0668365 -0.0668365 -0.033564 -0.033564 
542 -0.0668634 -0.0668634 -0.0335777 -0.0335777 
543 -0.066891 -0.066891 -0.0335918 -0.0335918 
544 -0.0669192 -0.0669192 -0.0336063 -0.0336063 
545 -0.0669481 -0.0669481 -0.033621 -0.033621 
546 -0.0669777 -0.0669777 -0.0336361 -0.0336361 
547 -0.0670079 -0.0670079 -0.0336516 -0.0336516 
548 -0.0670388 -0.0670388 -0.0336674 -0.0336674 
549 -0.0670704 -0.0670704 -0.0336836 -0.0336836 
550 -0.0671026 -0.0671026 -0.0337001 -0.0337001 
551 -0.0671356 -0.0671356 -0.0337169 -0.0337169 
552 -0.0671692 -0.0671692 -0.0337341 -0.0337341 
553 -0.0672035 -0.0672035 -0.0337517 -0.0337517 
554 -0.0672385 -0.0672385 -0.0337695 -0.0337695 
555 -0.0672741 -0.0672741 -0.0337878 -0.0337878 
556 -0.0673105 -0.0673105 -0.0338064 -0.0338064 
557 -0.0673475 -0.0673475 -0.0338253 -0.0338253 
558 -0.0673853 -0.0673853 -0.0338446 -0.0338446 
559 -0.0674237 -0.0674237 -0.0338643 -0.0338643 
560 -0.0674628 -0.0674628 -0.0338843 -0.0338843 
561 -0.0675026 -0.0675026 -0.0339047 -0.0339047 
562 -0.0675431 -0.0675431 -0.0339254 -0.0339254 
563 -0.0675843 -0.0675843 -0.0339465 -0.0339465 
564 -0.0676262 -0.0676262 -0.0339679 -0.0339679 
565 -0.0676688 -0.0676688 -0.0339897 -0.0339897 
566 -0.0677121 -0.0677121 -0.0340119 -0.0340119 
567 -0.0677562 -0.0677562 -0.0340344 -0.0340344 
568 -0.0678009 -0.0678009 -0.0340573 -0.0340573 
569 -0.0678463 -0.0678463 -0.0340806 -0.0340806 
570 -0.0678925 -0.0678925 -0.0341042 -0.0341042 
571 -0.0679394 -0.0679394 -0.0341282 -0.0341282 
572 -0.0679869 -0.0679869 -0.0341526 -0.0341526 
573 -0.0680353 -0.0680353 -0.0341773 -0.0341773 
574 -0.0680843 -0.0680843 -0.0342024 -0.0342024 
575 -0.0681341 -0.0681341 -0.0342279 -0.0342279 
576 -0.0681846 -0.0681846 -0.0342537 -0.0342537 
577 -0.0682358 -0.0682358 -0.03428 -0.03428 
578 -0.0682877 -0.0682877 -0.0343066 -0.0343066 
579 -0.0683404 -0.0683404 -0.0343335 -0.0343335 
580 -0.0683939 -0.0683939 -0.0343609 -0.0343609 
581 -0.068448 -0.068448 -0.0343886 -0.0343886 
582 -0.068503 -0.068503 -0.0344168 -0.0344168 
583 -0.0685586 -0.0685586 -0.0344453 -0.0344453 
584 -0.068615 -0.068615 -0.0344742 -0.0344742 
585 -0.0686722 -0.0686722 -0.0345035 -0.0345035 
586 -0.0687301 -0.0687301 -0.0345331 -0.0345331 
587 -0.0687888 -0.0687888 -0.0345632 -0.0345632 
588 -0.0688482 -0.0688482 -0.0345936 -0.0345936 
589 -0.0689085 -0.0689085 -0.0346245 -0.0346245 
590 -0.0689694 -0.0689694 -0.0346557 -0.0346557 
591 -0.0690312 -0.0690312 -0.0346874 -0.0346874 
592 -0.0690937 -0.0690937 -0.0347194 -0.0347194 
593 -0.069157 -0.069157 -0.0347519 -0.0347519 
594 -0.0692211 -0.0692211 -0.0347847 -0.0347847 
595 -0.0692859 -0.0692859 -0.0348179 -0.0348179 
596 -0.0693516 -0.0693516 -0.0348516 -0.0348516 
597 -0.069418 -0.069418 -0.0348856 -0.0348856 
598 -0.0694853 -0.0694853 -0.0349201 -0.0349201 
599 -0.0695533 -0.0695533 -0.034955 -0.034955 
600 -0.0696221 -0.0696221 -0.0349903 -0.0349903 
601 -0.0696918 -0.0696918 -0.035026 -0.035026 
602 -0.0697622 -0.0697622 -0.0350621 -0.0350621 
603 -0.0698335 -0.0698335 -0.0350986 -0.0350986 
604 -0.0699055 -0.0699055 -0.0351356 -0.0351356 
605 -0.0699784 -0.0699784 -0.035173 -0.035173 
606 -0.0700522 -0.0700522 -0.0352108 -0.0352108 
607 -0.0701267 -0.0701267 -0.035249 -0.035249 
608 -0.0702021 -0.0702021 -0.0352877 -0.0352877 
609 -0.0702783 -0.0702783 -0.0353268 -0.0353268 
610 -0.0703553 -0.0703553 -0.0353663 -0.0353663 
611 -0.0704332 -0.0704332 -0.0354063 -0.0354063 
612 -0.070512 -0.070512 -0.0354467 -0.0354467 
613 -0.0705916 -0.0705916 -0.0354876 -0.0354876 
614 -0.070672 -0.070672 -0.0355288 -0.0355288 
615 -0.0707533 -0.0707533 -0.0355706 -0.0355706 
616 -0.0708355 -0.0708355 -0.0356128 -0.0356128 
617 -0.0709185 -0.0709185 -0.0356554 -0.0356554 
618 -0.0710025 -0.0710025 -0.0356985 -0.0356985 
619 -0.0710873 -0.0710873 -0.035742 -0.035742 
620 -0.0711729 -0.0711729 -0.035786 -0.035786 
621 -0.0712595 -0.0712595 -0.0358305 -0.0358305 
622 -0.071347 -0.071347 -0.0358754 -0.0358754 
623 -0.0714353 -0.0714353 -0.0359208 -0.0359208 
624 -0.0715246 -0.0715246 -0.0359666 -0.0359666 
625 -0.0716148 -0.0716148 -0.0360129 -0.0360129 
626 -0.0717059 -0.0717059 -0.0360597 -0.0360597 
627 -0.0717978 -0.0717978 -0.036107 -0.036107 
628 -0.0718908 -0.0718908 -0.0361548 -0.0361548 
629 -0.0719846 -0.0719846 -0.036203 -0.036203 
630 -0.0720794 -0.0720794 -0.0362517 -0.0362517 
631 -0.0721751 -0.0721751 -0.0363009 -0.0363009 
632 -0.0722718 -0.0722718 -0.0363506 -0.0363506 
633 -0.0723694 -0.0723694 -0.0364008 -0.0364008 
634 -0.072468 -0.072468 -0.0364515 -0.0364515 
635 -0.0725675 -0.0725675 -0.0365026 -0.0365026 
636 -0.072668 -0.072668 -0.0365543 -0.0365543 
637 -0.0727695 -0.0727695 -0.0366065 -0.0366065 
638 -0.0728719 -0.0728719 -0.0366592 -0.0366592 
639 -0.0729753 -0.0729753 -0.0367124 -0.0367124 
640 -0.0730798 -0.0730798 -0.0367661 -0.0367661 
641 -0.0731852 -0.0731852 -0.0368204 -0.0368204 
642 -0.0732916 -0.0732916 -0.0368752 -0.0368752 
643 -0.073399 -0.073399 -0.0369304 -0.0369304 
644 -0.0735075 -0.0735075 -0.0369863 -0.0369863 
645 -0.0736169 -0.0736169 -0.0370426 -0.0370426 
646 -0.0737274 -0.0737274 -0.0370995 -0.0370995 
647 -0.0738389 -0.0738389 -0.0371569 -0.0371569 
648 -0.0739515 -0.0739515 -0.0372149 -0.0372149 
649 -0.0740651 -0.0740651 -0.0372734 -0.0372734 
650 -0.0741797 -0.0741797 -0.0373325 -0.0373325 
651 -0.0742955 -0.0742955 -0.0373921 -0.0373921 
652 -0.0744122 -0.0744122 -0.0374523 -0.0374523 
653 -0.0745301 -0.0745301 -0.037513 -0.037513 
654 -0.0746491 -0.0746491 -0.0375743 -0.0375743 
655 -0.0747691 -0.0747691 -0.0376362 -0.0376362 
656 -0.0748902 -0.0748902 -0.0376986 -0.0376986 
657 -0.0750124 -0.0750124 -0.0377616 -0.0377616 
658 -0.0751358 -0.0751358 -0.0378252 -0.0378252 
659 -0.0752602 -0.0752602 -0.0378894 -0.0378894 
660 -0.0753858 -0.0753858 -0.0379542 -0.0379542 
661 -0.0755126 -0.0755126 -0.0380196 -0.0380196 
662 -0.0756404 -0.0756404 -0.0380855 -0.0380855 
663 -0.0757694 -0.0757694 -0.0381521 -0.0381521 
664 -0.0758996 -0.0758996 -0.0382193 -0.0382193 
665 -0.0760309 -0.0760309 -0.0382871 -0.0382871 
666 -0.0761634 -0.0761634 -0.0383555 -0.0383555 
667 -0.0762971 -0.0762971 -0.0384245 -0.0384245 
668 -0.076432 -0.076432 -0.0384942 -0.0384942 
669 -0.0765681 -0.0765681 -0.0385645 -0.0385645 
670 -0.0767054 -0.0767054 -0.0386354 -0.0386354 
671 -0.0768439 -0.0768439 -0.0387069 -0.0387069 
672 -0.0769836 -0.0769836 -0.0387792 -0.0387792 
673 -0.0771246 -0.0771246 -0.038852 -0.038852 
674 -0.0772668 -0.0772668 -0.0389255 -0.0389255 
675 -0.0774103 -0.0774103 -0.0389997 -0.0389997 
676 -0.077555 -0.077555 -0.0390745 -0.0390745 
677 -0.077701 -0.077701 -0.03915 -0.03915 
678 -0.0778483 -0.0778483 -0.0392262 -0.0392262 
679 -0.0779969 -0.0779969 -0.0393031 -0.0393031 
680 -0.0781467 -0.0781467 -0.0393806 -0.0393806 
681 -0.0782979 -0.0782979 -0.0394589 -0.0394589 
682 -0.0784504 -0.0784504 -0.0395378 -0.0395378 
683 -0.0786042 -0.0786042 -0.0396175 -0.0396175 
684 -0.0787594 -0.0787594 -0.0396978 -0.0396978 
685 -0.0789159 -0.0789159 -0.0397789 -0.0397789 
686 -0.0790738 -0.0790738 -0.0398607 -0.0398607 
687 -0.0792331 -0.0792331 -0.0399432 -0.0399432 
688 -0.0793937 -0.0793937 -0.0400265 -0.0400265 
689 -0.0795558 -0.0795558 -0.0401105 -0.0401105 
690 -0.0797192 -0.0797192 -0.0401952 -0.0401952 
691 -0.0798841 -0.0798841 -0.0402807 -0.0402807 
692 -0.0800504 -0.0800504 -0.040367 -0.040367 
693 -0.0802181 -0.0802181 -0.040454 -0.040454 
694 -0.0803873 -0.0803873 -0.0405418 -0.0405418 
695 -0.080558 -0.080558 -0.0406303 -0.0406303 
696 -0.0807301 -0.0807301 -0.0407197 -0.0407197 
697 -0.0809037 -0.0809037 -0.0408098 -0.0408098 
698 -0.0810788 -0.0810788 -0.0409008 -0.0409008 
699 -0.0812554 -0.0812554 -0.0409925 -0.0409925 
700 -0.0814336 -0.0814336 -0.0410851 -0.0410851 
701 -0.0816133 -0.0816133 -0.0411785 -0.0411785 
702 -0.0817945 -0.0817945 -0.0412727 -0.0412727 
703 -0.0819773 -0.0819773 -0.0413677 -0.0413677 
704 -0.0821617 -0.0821617 -0.0414636 -0.0414636 
705 -0.0823477 -0.0823477 -0.0415604 -0.0415604 
706 -0.0825353 -0.0825353 -0.041658 -0.041658 
707 -0.0827244 -0.0827244 -0.0417564 -0.0417564 
708 -0.0829153 -0.0829153 -0.0418558 -0.0418558 
709 -0.0831077 -0.0831077 -0.041956 -0.041956 
710 -0.0833019 -0.0833019 -0.0420571 -0.0420571 
711 -0.0834977 -0.0834977 -0.0421591 -0.0421591 
712 -0.0836952 -0.0836952 -0.0422621 -0.0422621 
713 -0.0838944 -0.0838944 -0.0423659 -0.0423659 
714 -0.0840953 -0.0840953 -0.0424707 -0.0424707 
715 -0.084298 -0.084298 -0.0425764 -0.0425764 
716 -0.0845024 -0.0845024 -0.042683 -0.042683 
717 -0.0847086 -0.0847086 -0.0427906 -0.0427906 
718 -0.0849165 -0.0849165 -0.0428992 -0.0428992 
719 -0.0851263 -0.0851263 -0.0430087 -0.0430087 
720 -0.0853378 -0.0853378 -0.0431192 -0.0431192 
721 -0.0855513 -0.0855513 -0.0432307 -0.0432307 
722 -0.0857665 -0.0857665 -0.0433432 -0.0433432 
723 -0.0859836 -0.0859836 -0.0434567 -0.0434567 
724 -0.0862026 -0.0862026 -0.0435712 -0.0435712 
725 -0.0864235 -0.0864235 -0.0436868 -0.0436868 
726 -0.0866463 -0.0866463 -0.0438034 -0.0438034 
727 -0.0868711 -0.0868711 -0.0439211 -0.0439211 
728 -0.0870978 -0.0870978 -0.0440398 -0.0440398 
729 -0.0873265 -0.0873265 -0.0441596 -0.0441596 
730 -0.0875571 -0.0875571 -0.0442804 -0.0442804 
731 -0.0877898 -0.0877898 -0.0444024 -0.0444024 
732 -0.0880245 -0.0880245 -0.0445255 -0.0445255 
733 -0.0882613 -0.0882613 -0.0446496 -0.0446496 
734 -0.0885001 -0.0885001 -0.044775 -0.044775 
735 -0.088741 -0.088741 -0.0449014 -0.0449014 
736 -0.088984 -0.088984 -0.045029 -0.045029 
737 -0.0892292 -0.0892292 -0.0451578 -0.0451578 
738 -0.0894764 -0.0894764 -0.0452878 -0.0452878 
739 -0.0897259 -0.0897259 -0.0454189 -0.0454189 
740 -0.0899776 -0.0899776 -0.0455512 -0.0455512 
741 -0.0902314 -0.0902314 -0.0456848 -0.0456848 
742 -0.0904875 -0.0904875 -0.0458196 -0.0458196 
743 -0.0907459 -0.0907459 -0.0459556 -0.0459556 
744 -0.0910065 -0.0910065 -0.0460929 -0.0460929 
745 -0.0912695 -0.0912695 -0.0462315 -0.0462315 
746 -0.0915347 -0.0915347 -0.0463713 -0.0463713 
747 -0.0918024 -0.0918024 -0.0465125 -0.0465125 
748 -0.0920723 -0.0920723 -0.0466549 -0.0466549 
749 -0.0923447 -0.0923447 -0.0467987 -0.0467987 
750 -0.0926195 -0.0926195 -0.0469439 -0.0469439 
751 -0.0928968 -0.0928968 -0.0470904 -0.0470904 
752 -0.0931765 -0.0931765 -0.0472382 -0.0472382 
753 -0.0934587 -0.0934587 -0.0473875 -0.0473875 
754 -0.0937435 -0.0937435 -0.0475381 -0.0475381 
755 -0.0940308 -0.0940308 -0.0476902 -0.0476902 
756 -0.0943207 -0.0943207 -0.0478437 -0.0478437 
757 -0.0946131 -0.0946131 -0.0479987 -0.0479987 
758 -0.0949082 -0.0949082 -0.0481551 -0.0481551 
759 -0.095206 -0.095206 -0.0483131 -0.0483131 
760 -0.0955064 -0.0955064 -0.0484725 -0.0484725 
761 -0.0958096 -0.0958096 -0.0486334 -0.0486334 
762 -0.0961155 -0.0961155 -0.0487959 -0.0487959 
763 -0.0964242 -0.0964242 -0.04896 -0.04896 
764 -0.0967357 -0.0967357 -0.0491257 -0.0491257 
765 -0.09705 -0.09705 -0.0492929 -0.0492929 
766 -0.0973672 -0.0973672 -0.0494618 -0.0494618 
767 -0.0976872 -0.0976872 -0.0496322 -0.0496322 
768 -0.0980102 -0.0980102 -0.0498044 -0.0498044 
769 -0.0983362 -0.0983362 -0.0499782 -0.0499782 
770 -0.0986651 -0.0986651 -0.0501538 -0.0501538 
771 -0.0989971 -0.0989971 -0.050331 -0.050331 
772 -0.0993321 -0.0993321 -0.05051 -0.05051 
773 -0.0996703 -0.0996703 -0.0506908 -0.0506908 
774 -0.100012 -0.100012 -0.0508733 -0.0508733 
775 -0.100356 -0.100356 -0.0510577 -0.0510577 
776 -0.100704 -0.100704 -0.0512438 -0.0512438 
777 -0.101054 -0.101054 -0.0514319 -0.0514319 
778 -0.101408 -0.101408 -0.0516218 -0.0516218 
779 -0.101766 -0.101766 -0.0518136 -0.0518136 
780 -0.102127 -0.102127 -0.0520073 -0.0520073 
781 -0.102491 -0.102491 -0.052203 -0.052203 
782 -0.102858 -0.102858 -0.0524007 -0.0524007 
783 -0.103229 -0.103229 -0.0526004 -0.0526004 
784 -0.103604 -0.103604 -0.0528021 -0.0528021 
785 -0.103982 -0.103982 -0.0530058 -0.0530058 
786 -0.104363 -0.104363 -0.0532117 -0.0532117 
787 -0.104749 -0.104749 -0.0534196 -0.0534196 
788 -0.105138 -0.105138 -0.0536297 -0.0536297 
789 -0.10553 -0.10553 -0.053842 -0.053842 
790 -0.105927 -0.105927 -0.0540565 -0.0540565 
791 -0.106327 -0.106327 -0.0542732 -0.0542732 
792 -0.106731 -0.106731 -0.0544921 -0.0544921 
793 -0.107139 -0.107139 -0.0547134 -0.0547134 
794 -0.107551 -0.107551 -0.0549369 -0.0549369 
795 -0.107966 -0.107966 -0.0551629 -0.0551629 
796 -0.108386 -0.108386 -0.0553912 -0.0553912 
797 -0.10881 -0.10881 -0.0556219 -0.0556219 
798 -0.109238 -0.109238 -0.0558551 -0.0558551 
799 -0.10967 -0.10967 -0.0560908 -0.0560908 
800 -0.110107 -0.110107 -0.056329 -0.056329 
801 -0.110547 -0.110547 -0.0565697 -0.0565697 
802 -0.110993 -0.110993 -0.0568131 -0.0568131 
803 -0.111442 -0.111442 -0.0570591 -0.0570591 
804 -0.111896 -0.111896 -0.0573078 -0.0573078 
805 -0.112354 -0.112354 -0.0575592 -0.0575592 
806 -0.112817 -0.112817 -0.0578133 -0.0578133 
807 -0.113285 -0.113285 -0.0580703 -0.0580703 
808 -0.113757 -0.113757 -0.05833 -0.05833 
809 -0.114234 -0.114234 -0.0585927 -0.0585927 
810 -0.114715 -0.114715 -0.0588583 -0.0588583 
811 -0.115202 -0.115202 -0.0591268 -0.0591268 
812 -0.115693 -0.115693 -0.0593984 -0.0593984 
813 -0.11619 -0.11619 -0.059673 -0.059673 
814 -0.116691 -0.116691 -0.0599507 -0.0599507 
815 -0.117197 -0.117197 -0.0602316 -0.0602316 
816 -0.117709 -0.117709 -0.0605156 -0.0605156 
817 -0.118226 -0.118226 -0.0608029 -0.0608029 
818 -0.118748 -0.118748 -0.0610936 -0.0610936 
819 -0.119276 -0.119276 -0.0613875 -0.0613875 
820 -0.119809 -0.119809 -0.0616849 -0.0616849 
821 -0.120347 -0.120347 -0.0619857 -0.0619857 
822 -0.120891 -0.120891 -0.0622901 -0.0622901 
823 -0.121441 -0.121441 -0.062598 -0.062598 
824 -0.121996 -0.121996 -0.0629095 -0.0629095 
825 -0.122557 -0.122557 -0.0632248 -0.0632248 
826 -0.123124 -0.123124 -0.0635438 -0.0635438 
827 -0.123697 -0.123697 -0.0638665 -0.0638665 
828 -0.124276 -0.124276 -0.0641932 -0.0641932 
829 -0.124862 -0.124862 -0.0645238 -0.0645238 
830 -0.125453 -0.125453 -0.0648584 -0.0648584 
831 -0.126051 -0.126051 -0.065197 -0.065197 
832 -0.126655 -0.126655 -0.0655398 -0.0655398 
833 -0.127265 -0.127265 -0.0658868 -0.0658868 
834 -0.127882 -0.127882 -0.0662381 -0.0662381 
835 -0.128505 -0.128505 -0.0665938 -0.0665938 
836 -0.129136 -0.129136 -0.0669538 -0.0669538 
837 -0.129773 -0.129773 -0.0673184 -0.0673184 
838 -0.130417 -0.130417 -0.0676875 -0.0676875 
839 -0.131068 -0.131068 -0.0680613 -0.0680613 
840 -0.131726 -0.131726 -0.0684398 -0.0684398 
841 -0.132391 -0.132391 -0.0688232 -0.0688232 
842 -0.133064 -0.133064 -0.0692115 -0.0692115 
843 -0.133744 -0.133744 -0.0696047 -0.0696047 
844 -0.134431 -0.134431 -0.0700031 -0.0700031 
845 -0.135126 -0.135126 -0.0704066 -0.0704066 
846 -0.135829 -0.135829 -0.0708154 -0.0708154 
847 -0.136539 -0.136539 -0.0712296 -0.0712296 
848 -0.137258 -0.137258 -0.0716492 -0.0716492 
849 -0.137984 -0.137984 -0.0720745 -0.0720745 
850 -0.138719 -0.138719 -0.0725053 -0.0725053 
851 -0.139462 -0.139462 -0.072942 -0.072942 
852 -0.140213 -0.140213 -0.0733846 -0.0733846 
853 -0.140973 -0.140973 -0.0738331 -0.0738331 
854 -0.141742 -0.141742 -0.0742878 -0.0742878 
855 -0.142519 -0.142519 -0.0747487 -0.0747487 
856 -0.143305 -0.143305 -0.0752159 -0.0752159 
857 -0.1441 -0.1441 -0.0756896 -0.0756896 
858 -0.144905 -0.144905 -0.0761699 -0.0761699 
859 -0.145718 -0.145718 -0.0766569 -0.0766569 
860 -0.146541 -0.146541 -0.0771508 -0.0771508 
861 -0.147374 -0.147374 -0.0776517 -0.0776517 
862 -0.148216 -0.148216 -0.0781597 -0.0781597 
863 -0.149068 -0.149068 -0.078675 -0.078675 
864 -0.14993 -0.14993 -0.0791977 -0.0791977 
865 -0.150802 -0.150802 -0.0797279 -0.0797279 
866 -0.151685 -0.151685 -0.0802659 -0.0802659 
867 -0.152578 -0.152578 -0.0808118 -0.0808118 
868 -0.153481 -0.153481 -0.0813657 -0.0813657 
869 -0.154396 -0.154396 -0.0819278 -0.0819278 
870 -0.155321 -0.155321 -0.0824983 -0.0824983 
871 -0.156257 -0.156257 -0.0830773 -0.0830773 
872 -0.157205 -0.157205 -0.0836651 -0.0836651 
873 -0.158164 -0.158164 -0.0842618 -0.0842618 
874 -0.159135 -0.159135 -0.0848677 -0.0848677 
875 -0.160117 -0.160117 -0.0854828 -0.0854828 
876 -0.161111 -0.161111 -0.0861074 -0.0861074 
877 -0.162118 -0.162118 -0.0867417 -0.0867417 
878 -0.163137 -0.163137 -0.087386 -0.087386 
879 -0.164168 -0.164168 -0.0880404 -0.0880404 
880 -0.165212 -0.165212 -0.0887051 -0.0887051 
881 -0.166269 -0.166269 -0.0893805 -0.0893805 
882 -0.16734 -0.16734 -0.0900667 -0.0900667 
883 -0.168423 -0.168423 -0.0907639 -0.0907639 
884 -0.16952 -0.16952 -0.0914725 -0.0914725 
885 -0.170631 -0.170631 -0.0921927 -0.0921927 
886 -0.171756 -0.171756 -0.0929247 -0.0929247 
887 -0.172895 -0.172895 -0.0936688 -0.0936688 
888 -0.174048 -0.174048 -0.0944254 -0.0944254 
889 -0.175216 -0.175216 -0.0951946 -0.0951946 
890 -0.176399 -0.176399 -0.0959768 -0.0959768 
891 -0.177597 -0.177597 -0.0967723 -0.0967723 
892 -0.178811 -0.178811 -0.0975813 -0.0975813 
893 -0.18004 -0.18004 -0.0984044 -0.0984044 
894 -0.181285 -0.181285 -0.0992417 -0.0992417 
895 -0.182546 -0.182546 -0.100094 -0.100094 
896 -0.183824 -0.183824 -0.10096 -0.10096 
897 -0.185118 -0.185118 -0.101843 -0.101843 
898 -0.186429 -0.186429 -0.10274 -0.10274 
899 -0.187757 -0.187757 -0.103654 -0.103654 
900 -0.189103 -0.189103 -0.104585 -0.104585 
901 -0.190467 -0.190467 -0.105532 -0.105532 
902 -0.191848 -0.191848 -0.106497 -0.106497 
903 -0.193248 -0.193248 -0.107479 -0.107479 
904 -0.194667 -0.194667 -0.10848 -0.10848 
905 -0.196105 -0.196105 -0.1095 -0.1095 
906 -0.197562 -0.197562 -0.110538 -0.110538 
907 -0.199039 -0.199039 -0.111596 -0.111596 
908 -0.200535 -0.200535 -0.112675 -0.112675 
909 -0.202052 -0.202052 -0.113774 -0.113774 
910 -0.20359 -0.20359 -0.114894 -0.114894 
911 -0.205149 -0.205149 -0.116036 -0.116036 
912 -0.206729 -0.206729 -0.117201 -0.117201 
913 -0.20833 -0.20833 -0.118388 -0.118388 
914 -0.209954 -0.209954 -0.1196 -0.1196 
915 -0.2116 -0.2116 -0.120835 -0.120835 
916 -0.213269 -0.213269 -0.122096 -0.122096 
917 -0.214962 -0.214962 -0.123382 -0.123382 
918 -0.216678 -0.216678 -0.124694 -0.124694 
919 -0.218418 -0.218418 -0.126033 -0.126033 
920 -0.220182 -0.220182 -0.127401 -0.127401 
921 -0.221972 -0.221972 -0.128796 -0.128796 
922 -0.223786 -0.223786 -0.130222 -0.130222 
923 -0.225627 -0.225627 -0.131677 -0.131677 
924 -0.227494 -0.227494 -0.133164 -0.133164 
925 -0.229387 -0.229387 -0.134682 -0.134682 
926 -0.231308 -0.231308 -0.136234 -0.136234 
927 -0.233256 -0.233256 -0.137819 -0.137819 
928 -0.235232 -0.235232 -0.13944 -0.13944 
929 -0.237237 -0.237237 -0.141096 -0.141096 
930 -0.239271 -0.239271 -0.142789 -0.142789 
931 -0.241335 -0.241335 -0.144521 -0.144521 
932 -0.243429 -0.243429 -0.146291 -0.146291 
933 -0.245553 -0.245553 -0.148102 -0.148102 
934 -0.247709 -0.247709 -0.149955 -0.149955 
935 -0.249897 -0.249897 -0.151851 -0.151851 
936 -0.252117 -0.252117 -0.153791 -0.153791 
937 -0.25437 -0.25437 -0.155776 -0.155776 
938 -0.256657 -0.256657 -0.157809 -0.157809 
939 -0.258977 -0.258977 -0.15989 -0.15989 
940 -0.261333 -0.261333 -0.162021 -0.162021 
941 -0.263724 -0.263724 -0.164203 -0.164203 
942 -0.266151 -0.266151 -0.166439 -0.166439 
943 -0.268615 -0.268615 -0.16873 -0.16873 
944 -0.271117 -0.271117 -0.171077 -0.171077 
945 -0.273656 -0.273656 -0.173483 -0.173483 
946 -0.276234 -0.276234 -0.17595 -0.17595 
947 -0.278852 -0.278852 -0.178478 -0.178478 
948 -0.28151 -0.28151 -0.181072 -0.181072 
949 -0.284209 -0.284209 -0.183732 -0.183732 
950 -0.28695 -0.28695 -0.18646 -0.18646 
951 -0.289733 -0.289733 -0.18926 -0.18926 
952 -0.29256 -0.29256 -0.192133 -0.192133 
953 -0.295431 -0.295431 -0.195082 -0.195082 
954 -0.298347 -0.298347 -0.198109 -0.198109 
955 -0.301308 -0.301308 -0.201218 -0.201218 
956 -0.304317 -0.304317 -0.20441 -0.20441 
957 -0.307373 -0.307373 -0.20769 -0.20769 
958 -0.310477 -0.310477 -0.211059 -0.211059 
959 -0.313631 -0.313631 -0.214521 -0.214521 
960 -0.316835 -0.316835 -0.218079 -0.218079 
961 -0.320091 -0.320091 -0.221736 -0.221736 
962 -0.323398 -0.323398 -0.225497 -0.225497 
963 -0.326759 -0.326759 -0.229365 -0.229365 
964 -0.330174 -0.330174 -0.233342 -0.233342 
965 -0.333645 -0.333645 -0.237435 -0.237435 
966 -0.337172 -0.337172 -0.241645 -0.241645 
967 -0.340757 -0.340757 -0.245979 -0.245979 
968 -0.3444 -0.3444 -0.25044 -0.25044 
969 -0.348102 -0.348102 -0.255032 -0.255032 
970 -0.351866 -0.351866 -0.259762 -0.259762 
971 -0.355692 -0.355692 -0.264633 -0.264633 
972 -0.359581 -0.359581 -0.269651 -0.269651 
973 -0.363534 -0.363534 -0.274821 -0.274821 
974 -0.367553 -0.367553 -0.28015 -0.28015 
975 -0.37164 -0.37164 -0.285643 -0.285643 
976 -0.375795 -0.375795 -0.291305 -0.291305 
977 -0.380019 -0.380019 -0.297145 -0.297145 
978 -0.384314 -0.384314 -0.303167 -0.303167 
979 -0.388682 -0.388682 -0.30938 -0.30938 
980 -0.393124 -0.393124 -0.315791 -0.315791 
981 -0.397642 -0.397642 -0.322406 -0.322406 
982 -0.402236 -0.402236 -0.329235 -0.329235 
983 -0.406909 -0.406909 -0.336285 -0.336285 
984 -0.411661 -0.411661 -0.343565 -0.343565 
985 -0.416496 -0.416496 -0.351083 -0.351083 
986 -0.421413 -0.421413 -0.35885 -0.35885 
987 -0.426415 -0.426415 -0.366875 -0.366875 
988 -0.431504 -0.431504 -0.375169 -0.375169 
989 -0.436682 -0.436682 -0.383741 -0.383741 
990 -0.441949 -0.441949 -0.392603 -0.392603 
991 -0.447308 -0.447308 -0.401767 -0.401767 
992 -0.452761 -0.452761 -0.411244 -0.411244 
993 -0.45831 -0.45831 -0.421048 -0.421048 
994 -0.463956 -0.463956 -0.431192 -0.431192 
995 -0.469702 -0.469702 -0.441688 -0.441688 
996 -0.47555 -0.47555 -0.452553 -0.452553 
997 -0.481502 -0.481502 -0.4638 -0.4638 
998 -0.487559 -0.487559 -0.475446 -0.475446 
999 -0.493724 -0.493724 -0.487507 -0.487507 
1000 -0.5 -0.5 -0.5 -0.5 
