0 -0.411134 -0.588866 
1 -0.409023 -0.58496 
2 -0.407021 -0.580998 
3 -0.405036 -0.577073 
4 -0.403066 -0.573184 
5 -0.401111 -0.569334 
6 -0.39917 -0.56552 
7 -0.397244 -0.561743 
8 -0.395331 -0.558002 
9 -0.393432 -0.554297 
10 -0.391548 -0.550628 
11 -0.389677 -0.546993 
12 -0.387819 -0.543394 
13 -0.385976 -0.539829 
14 -0.384145 -0.536298 
15 -0.382328 -0.5328 
16 -0.380524 -0.529336 
17 -0.378733 -0.525905 
18 -0.376955 -0.522506 
19 -0.37519 -0.519139 
20 -0.373438 -0.515805 
21 -0.371699 -0.512502 
22 -0.369972 -0.50923 
23 -0.368257 -0.505988 
24 -0.366555 -0.502778 
25 -0.364865 -0.499597 
26 -0.363188 -0.496447 
27 -0.361522 -0.493326 
28 -0.359869 -0.490234 
29 -0.358227 -0.487171 
30 -0.356597 -0.484137 
31 -0.354979 -0.481131 
32 -0.353372 -0.478154 
33 -0.351777 -0.475203 
34 -0.350193 -0.472281 
35 -0.348621 -0.469385 
36 -0.34706 -0.466516 
37 -0.34551 -0.463674 
38 -0.343971 -0.460858 
39 -0.342443 -0.458069 
40 -0.340926 -0.455304 
41 -0.33942 -0.452566 
42 -0.337924 -0.449852 
43 -0.336439 -0.447164 
44 -0.334965 -0.4445 
45 -0.333501 -0.44186 
46 -0.332048 -0.439245 
47 -0.330604 -0.436654 
48 -0.329171 -0.434086 
49 -0.327748 -0.431542 
50 -0.326336 -0.42902 
51 -0.324933 -0.426522 
52 -0.32354 -0.424046 
53 -0.322157 -0.421593 
54 -0.320784 -0.419162 
55 -0.31942 -0.416753 
56 -0.318066 -0.414366 
57 -0.316721 -0.412001 
58 -0.315386 -0.409656 
59 -0.314061 -0.407333 
60 -0.312744 -0.405031 
61 -0.311437 -0.402749 
62 -0.310139 -0.400488 
63 -0.30885 -0.398247 
64 -0.30757 -0.396026 
65 -0.306299 -0.393824 
66 -0.305037 -0.391643 
67 -0.303784 -0.389481 
68 -0.302539 -0.387338 
69 -0.301303 -0.385214 
70 -0.300076 -0.383109 
71 -0.298857 -0.381022 
72 -0.297647 -0.378954 
73 -0.296445 -0.376905 
74 -0.295252 -0.374873 
75 -0.294067 -0.372859 
76 -0.29289 -0.370863 
77 -0.291721 -0.368885 
78 -0.29056 -0.366923 
79 -0.289408 -0.36498 
80 -0.288263 -0.363053 
81 -0.287126 -0.361142 
82 -0.285997 -0.359249 
83 -0.284876 -0.357372 
84 -0.283763 -0.355511 
85 -0.282657 -0.353667 
86 -0.281559 -0.351839 
87 -0.280468 -0.350026 
88 -0.279385 -0.348229 
89 -0.278309 -0.346448 
90 -0.277241 -0.344682 
91 -0.27618 -0.342931 
92 -0.275127 -0.341196 
93 -0.27408 -0.339475 
94 -0.273041 -0.337769 
95 -0.272009 -0.336078 
96 -0.270984 -0.334401 
97 -0.269966 -0.332738 
98 -0.268955 -0.33109 
99 -0.267951 -0.329456 
100 -0.266953 -0.327836 
101 -0.265963 -0.326229 
102 -0.264979 -0.324636 
103 -0.264002 -0.323057 
104 -0.263032 -0.321491 
105 -0.262068 -0.319939 
106 -0.26111 -0.318399 
107 -0.26016 -0.316873 
108 -0.259215 -0.315359 
109 -0.258278 -0.313858 
110 -0.257346 -0.31237 
111 -0.256421 -0.310894 
112 -0.255502 -0.309431 
113 -0.254589 -0.30798 
114 -0.253683 -0.306541 
115 -0.252782 -0.305114 
116 -0.251888 -0.303699 
117 -0.251 -0.302296 
118 -0.250117 -0.300904 
119 -0.249241 -0.299525 
120 -0.248371 -0.298156 
121 -0.247506 -0.296799 
122 -0.246647 -0.295453 
123 -0.245794 -0.294118 
124 -0.244947 -0.292795 
125 -0.244106 -0.291482 
126 -0.24327 -0.29018 
127 -0.24244 -0.288889 
128 -0.241615 -0.287608 
129 -0.240796 -0.286338 
130 -0.239982 -0.285079 
131 -0.239174 -0.283829 
132 -0.238371 -0.28259 
133 -0.237574 -0.281361 
134 -0.236782 -0.280142 
135 -0.235995 -0.278933 
136 -0.235214 -0.277734 
137 -0.234438 -0.276545 
138 -0.233667 -0.275365 
139 -0.232901 -0.274195 
140 -0.23214 -0.273034 
141 -0.231384 -0.271883 
142 -0.230634 -0.270741 
143 -0.229888 -0.269609 
144 -0.229147 -0.268485 
145 -0.228412 -0.267371 
146 -0.227681 -0.266265 
147 -0.226955 -0.265168 
148 -0.226234 -0.26408 
149 -0.225517 -0.263001 
150 -0.224806 -0.261931 
151 -0.224099 -0.260869 
152 -0.223397 -0.259816 
153 -0.222699 -0.258771 
154 -0.222007 -0.257734 
155 -0.221318 -0.256705 
156 -0.220635 -0.255685 
157 -0.219956 -0.254673 
158 -0.219281 -0.253669 
159 -0.218611 -0.252673 
160 -0.217945 -0.251685 
161 -0.217284 -0.250704 
162 -0.216627 -0.249732 
163 -0.215975 -0.248767 
164 -0.215326 -0.247809 
165 -0.214682 -0.246859 
166 -0.214043 -0.245917 
167 -0.213407 -0.244982 
168 -0.212776 -0.244054 
169 -0.212149 -0.243134 
170 -0.211526 -0.242221 
171 -0.210907 -0.241315 
172 -0.210293 -0.240416 
173 -0.209682 -0.239524 
174 -0.209076 -0.238639 
175 -0.208473 -0.237761 
176 -0.207875 -0.23689 
177 -0.20728 -0.236026 
178 -0.206689 -0.235168 
179 -0.206102 -0.234317 
180 -0.20552 -0.233473 
181 -0.20494 -0.232635 
182 -0.204365 -0.231804 
183 -0.203794 -0.230979 
184 -0.203226 -0.23016 
185 -0.202662 -0.229348 
186 -0.202102 -0.228542 
187 -0.201546 -0.227742 
188 -0.200993 -0.226949 
189 -0.200444 -0.226161 
190 -0.199898 -0.22538 
191 -0.199356 -0.224604 
192 -0.198818 -0.223835 
193 -0.198283 -0.223071 
194 -0.197752 -0.222314 
195 -0.197224 -0.221562 
196 -0.1967 -0.220816 
197 -0.196179 -0.220075 
198 -0.195662 -0.21934 
199 -0.195148 -0.218611 
200 -0.194637 -0.217887 
201 -0.19413 -0.217169 
202 -0.193626 -0.216457 
203 -0.193126 -0.215749 
204 -0.192629 -0.215047 
205 -0.192135 -0.214351 
206 -0.191644 -0.21366 
207 -0.191157 -0.212974 
208 -0.190673 -0.212293 
209 -0.190192 -0.211617 
210 -0.189714 -0.210947 
211 -0.189239 -0.210281 
212 -0.188768 -0.209621 
213 -0.188299 -0.208965 
214 -0.187834 -0.208315 
215 -0.187372 -0.207669 
216 -0.186913 -0.207028 
217 -0.186457 -0.206392 
218 -0.186004 -0.205761 
219 -0.185554 -0.205135 
220 -0.185107 -0.204513 
221 -0.184663 -0.203896 
222 -0.184222 -0.203283 
223 -0.183784 -0.202676 
224 -0.183349 -0.202072 
225 -0.182916 -0.201474 
226 -0.182487 -0.200879 
227 -0.18206 -0.20029 
228 -0.181637 -0.199704 
229 -0.181216 -0.199123 
230 -0.180798 -0.198547 
231 -0.180382 -0.197974 
232 -0.17997 -0.197406 
233 -0.17956 -0.196842 
234 -0.179153 -0.196283 
235 -0.178749 -0.195727 
236 -0.178347 -0.195176 
237 -0.177948 -0.194629 
238 -0.177552 -0.194086 
239 -0.177158 -0.193546 
240 -0.176767 -0.193011 
241 -0.176379 -0.19248 
242 -0.175993 -0.191953 
243 -0.17561 -0.19143 
244 -0.17523 -0.190911 
245 -0.174852 -0.190395 
246 -0.174477 -0.189884 
247 -0.174104 -0.189376 
248 -0.173734 -0.188872 
249 -0.173366 -0.188371 
250 -0.173 -0.187875 
251 -0.172638 -0.187382 
252 -0.172277 -0.186893 
253 -0.171919 -0.186407 
254 -0.171564 -0.185925 
255 -0.171211 -0.185447 
256 -0.17086 -0.184972 
257 -0.170512 -0.1845 
258 -0.170166 -0.184033 
259 -0.169823 -0.183568 
260 -0.169481 -0.183107 
261 -0.169143 -0.18265 
262 -0.168806 -0.182196 
263 -0.168472 -0.181745 
264 -0.16814 -0.181297 
265 -0.16781 -0.180853 
266 -0.167483 -0.180413 
267 -0.167158 -0.179975 
268 -0.166835 -0.179541 
269 -0.166515 -0.17911 
270 -0.166196 -0.178682 
271 -0.16588 -0.178257 
272 -0.165566 -0.177836 
273 -0.165255 -0.177417 
274 -0.164945 -0.177002 
275 -0.164638 -0.17659 
276 -0.164333 -0.176181 
277 -0.164029 -0.175775 
278 -0.163729 -0.175372 
279 -0.16343 -0.174972 
280 -0.163133 -0.174575 
281 -0.162838 -0.174181 
282 -0.162546 -0.17379 
283 -0.162255 -0.173401 
284 -0.161967 -0.173016 
285 -0.161681 -0.172634 
286 -0.161396 -0.172254 
287 -0.161114 -0.171877 
288 -0.160834 -0.171503 
289 -0.160555 -0.171132 
290 -0.160279 -0.170764 
291 -0.160005 -0.170398 
292 -0.159733 -0.170036 
293 -0.159462 -0.169675 
294 -0.159194 -0.169318 
295 -0.158927 -0.168963 
296 -0.158663 -0.168611 
297 -0.1584 -0.168262 
298 -0.15814 -0.167915 
299 -0.157881 -0.167571 
300 -0.157624 -0.167229 
301 -0.157369 -0.16689 
302 -0.157116 -0.166554 
303 -0.156865 -0.16622 
304 -0.156616 -0.165889 
305 -0.156368 -0.16556 
306 -0.156123 -0.165234 
307 -0.155879 -0.16491 
308 -0.155637 -0.164589 
309 -0.155397 -0.16427 
310 -0.155159 -0.163953 
311 -0.154922 -0.163639 
312 -0.154687 -0.163327 
313 -0.154454 -0.163018 
314 -0.154223 -0.162711 
315 -0.153994 -0.162407 
316 -0.153766 -0.162105 
317 -0.15354 -0.161805 
318 -0.153316 -0.161507 
319 -0.153094 -0.161212 
320 -0.152873 -0.160919 
321 -0.152654 -0.160628 
322 -0.152437 -0.16034 
323 -0.152221 -0.160054 
324 -0.152007 -0.15977 
325 -0.151795 -0.159488 
326 -0.151584 -0.159208 
327 -0.151376 -0.158931 
328 -0.151168 -0.158656 
329 -0.150963 -0.158383 
330 -0.150759 -0.158112 
331 -0.150557 -0.157843 
332 -0.150356 -0.157577 
333 -0.150157 -0.157312 
334 -0.14996 -0.15705 
335 -0.149764 -0.15679 
336 -0.14957 -0.156531 
337 -0.149378 -0.156275 
338 -0.149187 -0.156021 
339 -0.148997 -0.155769 
340 -0.14881 -0.155519 
341 -0.148623 -0.155271 
342 -0.148439 -0.155025 
343 -0.148256 -0.154781 
344 -0.148074 -0.154539 
345 -0.147894 -0.154299 
346 -0.147716 -0.154061 
347 -0.147539 -0.153824 
348 -0.147364 -0.15359 
349 -0.14719 -0.153358 
350 -0.147018 -0.153128 
351 -0.146847 -0.152899 
352 -0.146678 -0.152673 
353 -0.14651 -0.152448 
354 -0.146344 -0.152225 
355 -0.146179 -0.152004 
356 -0.146015 -0.151785 
357 -0.145854 -0.151568 
358 -0.145693 -0.151352 
359 -0.145534 -0.151139 
360 -0.145377 -0.150927 
361 -0.145221 -0.150717 
362 -0.145067 -0.150509 
363 -0.144913 -0.150302 
364 -0.144762 -0.150098 
365 -0.144612 -0.149895 
366 -0.144463 -0.149694 
367 -0.144315 -0.149495 
368 -0.14417 -0.149297 
369 -0.144025 -0.149101 
370 -0.143882 -0.148907 
371 -0.14374 -0.148715 
372 -0.1436 -0.148524 
373 -0.143461 -0.148335 
374 -0.143324 -0.148148 
375 -0.143187 -0.147962 
376 -0.143053 -0.147778 
377 -0.142919 -0.147596 
378 -0.142787 -0.147415 
379 -0.142657 -0.147236 
380 -0.142528 -0.147059 
381 -0.1424 -0.146883 
382 -0.142273 -0.146709 
383 -0.142148 -0.146537 
384 -0.142024 -0.146366 
385 -0.141902 -0.146197 
386 -0.141781 -0.146029 
387 -0.141661 -0.145863 
388 -0.141542 -0.145699 
389 -0.141425 -0.145536 
390 -0.141309 -0.145375 
391 -0.141195 -0.145215 
392 -0.141082 -0.145057 
393 -0.14097 -0.1449 
394 -0.140859 -0.144745 
395 -0.14075 -0.144591 
396 -0.140642 -0.144439 
397 -0.140535 -0.144289 
398 -0.14043 -0.14414 
399 -0.140326 -0.143993 
400 -0.140223 -0.143847 
401 -0.140122 -0.143702 
402 -0.140021 -0.143559 
403 -0.139922 -0.143418 
404 -0.139825 -0.143278 
405 -0.139728 -0.143139 
406 -0.139633 -0.143002 
407 -0.139539 -0.142867 
408 -0.139447 -0.142733 
409 -0.139356 -0.1426 
410 -0.139265 -0.142469 
411 -0.139177 -0.142339 
412 -0.139089 -0.142211 
413 -0.139003 -0.142084 
414 -0.138918 -0.141958 
415 -0.138834 -0.141834 
416 -0.138751 -0.141711 
417 -0.13867 -0.14159 
418 -0.13859 -0.14147 
419 -0.138511 -0.141352 
420 -0.138433 -0.141235 
421 -0.138357 -0.141119 
422 -0.138282 -0.141005 
423 -0.138208 -0.140892 
424 -0.138135 -0.140781 
425 -0.138064 -0.14067 
426 -0.137993 -0.140562 
427 -0.137924 -0.140454 
428 -0.137856 -0.140348 
429 -0.13779 -0.140244 
430 -0.137724 -0.14014 
431 -0.13766 -0.140038 
432 -0.137597 -0.139937 
433 -0.137535 -0.139838 
434 -0.137474 -0.13974 
435 -0.137415 -0.139643 
436 -0.137357 -0.139548 
437 -0.1373 -0.139454 
438 -0.137244 -0.139361 
439 -0.137189 -0.13927 
440 -0.137136 -0.13918 
441 -0.137083 -0.139091 
442 -0.137032 -0.139004 
443 -0.136982 -0.138917 
444 -0.136934 -0.138832 
445 -0.136886 -0.138749 
446 -0.13684 -0.138667 
447 -0.136795 -0.138586 
448 -0.136751 -0.138506 
449 -0.136708 -0.138427 
450 -0.136666 -0.13835 
451 -0.136626 -0.138274 
452 -0.136587 -0.138199 
453 -0.136548 -0.138126 
454 -0.136512 -0.138054 
455 -0.136476 -0.137983 
456 -0.136441 -0.137913 
457 -0.136408 -0.137845 
458 -0.136376 -0.137778 
459 -0.136344 -0.137712 
460 -0.136315 -0.137647 
461 -0.136286 -0.137584 
462 -0.136258 -0.137522 
463 -0.136232 -0.137461 
464 -0.136207 -0.137401 
465 -0.136182 -0.137343 
466 -0.13616 -0.137285 
467 -0.136138 -0.137229 
468 -0.136117 -0.137175 
469 -0.136098 -0.137121 
470 -0.13608 -0.137069 
471 -0.136062 -0.137017 
472 -0.136046 -0.136968 
473 -0.136032 -0.136919 
474 -0.136018 -0.136871 
475 -0.136006 -0.136825 
476 -0.135994 -0.13678 
477 -0.135984 -0.136736 
478 -0.135975 -0.136693 
479 -0.135967 -0.136652 
480 -0.135961 -0.136612 
481 -0.135955 -0.136573 
482 -0.135951 -0.136535 
483 -0.135948 -0.136498 
484 -0.135946 -0.136462 
485 -0.135945 -0.136428 
486 -0.135945 -0.136395 
487 -0.135947 -0.136363 
488 -0.135949 -0.136332 
489 -0.135953 -0.136303 
490 -0.135958 -0.136274 
491 -0.135964 -0.136247 
492 -0.135971 -0.136221 
493 -0.13598 -0.136196 
494 -0.13599 -0.136173 
495 -0.136 -0.13615 
496 -0.136012 -0.136129 
497 -0.136025 -0.136109 
498 -0.13604 -0.13609 
499 -0.136055 -0.136072 
500 -0.136072 -0.136055 
501 -0.13609 -0.13604 
502 -0.136109 -0.136025 
503 -0.136129 -0.136012 
504 -0.13615 -0.136 
505 -0.136173 -0.13599 
506 -0.136196 -0.13598 
507 -0.136221 -0.135971 
508 -0.136247 -0.135964 
509 -0.136274 -0.135958 
510 -0.136303 -0.135953 
511 -0.136332 -0.135949 
512 -0.136363 -0.135947 
513 -0.136395 -0.135945 
514 -0.136428 -0.135945 
515 -0.136462 -0.135946 
516 -0.136498 -0.135948 
517 -0.136535 -0.135951 
518 -0.136573 -0.135955 
519 -0.136612 -0.135961 
520 -0.136652 -0.135967 
521 -0.136693 -0.135975 
522 -0.136736 -0.135984 
523 -0.13678 -0.135994 
524 -0.136825 -0.136006 
525 -0.136871 -0.136018 
526 -0.136919 -0.136032 
527 -0.136968 -0.136046 
528 -0.137017 -0.136062 
529 -0.137069 -0.13608 
530 -0.137121 -0.136098 
531 -0.137175 -0.136117 
532 -0.137229 -0.136138 
533 -0.137285 -0.13616 
534 -0.137343 -0.136182 
535 -0.137401 -0.136207 
536 -0.137461 -0.136232 
537 -0.137522 -0.136258 
538 -0.137584 -0.136286 
539 -0.137647 -0.136315 
540 -0.137712 -0.136344 
541 -0.137778 -0.136376 
542 -0.137845 -0.136408 
543 -0.137913 -0.136441 
544 -0.137983 -0.136476 
545 -0.138054 -0.136512 
546 -0.138126 -0.136548 
547 -0.138199 -0.136587 
548 -0.138274 -0.136626 
549 -0.13835 -0.136666 
550 -0.138427 -0.136708 
551 -0.138506 -0.136751 
552 -0.138586 -0.136795 
553 -0.138667 -0.13684 
554 -0.138749 -0.136886 
555 -0.138832 -0.136934 
556 -0.138917 -0.136982 
557 -0.139004 -0.137032 
558 -0.139091 -0.137083 
559 -0.13918 -0.137136 
560 -0.13927 -0.137189 
561 -0.139361 -0.137244 
562 -0.139454 -0.1373 
563 -0.139548 -0.137357 
564 -0.139643 -0.137415 
565 -0.13974 -0.137474 
566 -0.139838 -0.137535 
567 -0.139937 -0.137597 
568 -0.140038 -0.13766 
569 -0.14014 -0.137724 
570 -0.140244 -0.13779 
571 -0.140348 -0.137856 
572 -0.140454 -0.137924 
573 -0.140562 -0.137993 
574 -0.14067 -0.138064 
575 -0.140781 -0.138135 
576 -0.140892 -0.138208 
577 -0.141005 -0.138282 
578 -0.141119 -0.138357 
579 -0.141235 -0.138433 
580 -0.141352 -0.138511 
581 -0.14147 -0.13859 
582 -0.14159 -0.13867 
583 -0.141711 -0.138751 
584 -0.141834 -0.138834 
585 -0.141958 -0.138918 
586 -0.142084 -0.139003 
587 -0.142211 -0.139089 
588 -0.142339 -0.139177 
589 -0.142469 -0.139265 
590 -0.1426 -0.139356 
591 -0.142733 -0.139447 
592 -0.142867 -0.139539 
593 -0.143002 -0.139633 
594 -0.143139 -0.139728 
595 -0.143278 -0.139825 
596 -0.143418 -0.139922 
597 -0.143559 -0.140021 
598 -0.143702 -0.140122 
599 -0.143847 -0.140223 
600 -0.143993 -0.140326 
601 -0.14414 -0.14043 
602 -0.144289 -0.140535 
603 -0.144439 -0.140642 
604 -0.144591 -0.14075 
605 -0.144745 -0.140859 
606 -0.1449 -0.14097 
607 -0.145057 -0.141082 
608 -0.145215 -0.141195 
609 -0.145375 -0.141309 
610 -0.145536 -0.141425 
611 -0.145699 -0.141542 
612 -0.145863 -0.141661 
613 -0.146029 -0.141781 
614 -0.146197 -0.141902 
615 -0.146366 -0.142024 
616 -0.146537 -0.142148 
617 -0.146709 -0.142273 
618 -0.146883 -0.1424 
619 -0.147059 -0.142528 
620 -0.147236 -0.142657 
621 -0.147415 -0.142787 
622 -0.147596 -0.142919 
623 -0.147778 -0.143053 
624 -0.147962 -0.143187 
625 -0.148148 -0.143324 
626 -0.148335 -0.143461 
627 -0.148524 -0.1436 
628 -0.148715 -0.14374 
629 -0.148907 -0.143882 
630 -0.149101 -0.144025 
631 -0.149297 -0.14417 
632 -0.149495 -0.144315 
633 -0.149694 -0.144463 
634 -0.149895 -0.144612 
635 -0.150098 -0.144762 
636 -0.150302 -0.144913 
637 -0.150509 -0.145067 
638 -0.150717 -0.145221 
639 -0.150927 -0.145377 
640 -0.151139 -0.145534 
641 -0.151352 -0.145693 
642 -0.151568 -0.145854 
643 -0.151785 -0.146015 
644 -0.152004 -0.146179 
645 -0.152225 -0.146344 
646 -0.152448 -0.14651 
647 -0.152673 -0.146678 
648 -0.152899 -0.146847 
649 -0.153128 -0.147018 
650 -0.153358 -0.14719 
651 -0.15359 -0.147364 
652 -0.153824 -0.147539 
653 -0.154061 -0.147716 
654 -0.154299 -0.147894 
655 -0.154539 -0.148074 
656 -0.154781 -0.148256 
657 -0.155025 -0.148439 
658 -0.155271 -0.148623 
659 -0.155519 -0.14881 
660 -0.155769 -0.148997 
661 -0.156021 -0.149187 
662 -0.156275 -0.149378 
663 -0.156531 -0.14957 
664 -0.15679 -0.149764 
665 -0.15705 -0.14996 
666 -0.157312 -0.150157 
667 -0.157577 -0.150356 
668 -0.157843 -0.150557 
669 -0.158112 -0.150759 
670 -0.158383 -0.150963 
671 -0.158656 -0.151168 
672 -0.158931 -0.151376 
673 -0.159208 -0.151584 
674 -0.159488 -0.151795 
675 -0.15977 -0.152007 
676 -0.160054 -0.152221 
677 -0.16034 -0.152437 
678 -0.160628 -0.152654 
679 -0.160919 -0.152873 
680 -0.161212 -0.153094 
681 -0.161507 -0.153316 
682 -0.161805 -0.15354 
683 -0.162105 -0.153766 
684 -0.162407 -0.153994 
685 -0.162711 -0.154223 
686 -0.163018 -0.154454 
687 -0.163327 -0.154687 
688 -0.163639 -0.154922 
689 -0.163953 -0.155159 
690 -0.16427 -0.155397 
691 -0.164589 -0.155637 
692 -0.16491 -0.155879 
693 -0.165234 -0.156123 
694 -0.16556 -0.156368 
695 -0.165889 -0.156616 
696 -0.16622 -0.156865 
697 -0.166554 -0.157116 
698 -0.16689 -0.157369 
699 -0.167229 -0.157624 
700 -0.167571 -0.157881 
701 -0.167915 -0.15814 
702 -0.168262 -0.1584 
703 -0.168611 -0.158663 
704 -0.168963 -0.158927 
705 -0.169318 -0.159194 
706 -0.169675 -0.159462 
707 -0.170036 -0.159733 
708 -0.170398 -0.160005 
709 -0.170764 -0.160279 
710 -0.171132 -0.160555 
711 -0.171503 -0.160834 
712 -0.171877 -0.161114 
713 -0.172254 -0.161396 
714 -0.172634 -0.161681 
715 -0.173016 -0.161967 
716 -0.173401 -0.162255 
717 -0.17379 -0.162546 
718 -0.174181 -0.162838 
719 -0.174575 -0.163133 
720 -0.174972 -0.16343 
721 -0.175372 -0.163729 
722 -0.175775 -0.164029 
723 -0.176181 -0.164333 
724 -0.17659 -0.164638 
725 -0.177002 -0.164945 
726 -0.177417 -0.165255 
727 -0.177836 -0.165566 
728 -0.178257 -0.16588 
729 -0.178682 -0.166196 
730 -0.17911 -0.166515 
731 -0.179541 -0.166835 
732 -0.179975 -0.167158 
733 -0.180413 -0.167483 
734 -0.180853 -0.16781 
735 -0.181297 -0.16814 
736 -0.181745 -0.168472 
737 -0.182196 -0.168806 
738 -0.18265 -0.169143 
739 -0.183107 -0.169481 
740 -0.183568 -0.169823 
741 -0.184033 -0.170166 
742 -0.1845 -0.170512 
743 -0.184972 -0.17086 
744 -0.185447 -0.171211 
745 -0.185925 -0.171564 
746 -0.186407 -0.171919 
747 -0.186893 -0.172277 
748 -0.187382 -0.172638 
749 -0.187875 -0.173 
750 -0.188371 -0.173366 
751 -0.188872 -0.173734 
752 -0.189376 -0.174104 
753 -0.189884 -0.174477 
754 -0.190395 -0.174852 
755 -0.190911 -0.17523 
756 -0.19143 -0.17561 
757 -0.191953 -0.175993 
758 -0.19248 -0.176379 
759 -0.193011 -0.176767 
760 -0.193546 -0.177158 
761 -0.194086 -0.177552 
762 -0.194629 -0.177948 
763 -0.195176 -0.178347 
764 -0.195727 -0.178749 
765 -0.196283 -0.179153 
766 -0.196842 -0.17956 
767 -0.197406 -0.17997 
768 -0.197974 -0.180382 
769 -0.198547 -0.180798 
770 -0.199123 -0.181216 
771 -0.199704 -0.181637 
772 -0.20029 -0.18206 
773 -0.200879 -0.182487 
774 -0.201474 -0.182916 
775 -0.202072 -0.183349 
776 -0.202676 -0.183784 
777 -0.203283 -0.184222 
778 -0.203896 -0.184663 
779 -0.204513 -0.185107 
780 -0.205135 -0.185554 
781 -0.205761 -0.186004 
782 -0.206392 -0.186457 
783 -0.207028 -0.186913 
784 -0.207669 -0.187372 
785 -0.208315 -0.187834 
786 -0.208965 -0.188299 
787 -0.209621 -0.188768 
788 -0.210281 -0.189239 
789 -0.210947 -0.189714 
790 -0.211617 -0.190192 
791 -0.212293 -0.190673 
792 -0.212974 -0.191157 
793 -0.21366 -0.191644 
794 -0.214351 -0.192135 
795 -0.215047 -0.192629 
796 -0.215749 -0.193126 
797 -0.216457 -0.193626 
798 -0.217169 -0.19413 
799 -0.217887 -0.194637 
800 -0.218611 -0.195148 
801 -0.21934 -0.195662 
802 -0.220075 -0.196179 
803 -0.220816 -0.1967 
804 -0.221562 -0.197224 
805 -0.222314 -0.197752 
806 -0.223071 -0.198283 
807 -0.223835 -0.198818 
808 -0.224604 -0.199356 
809 -0.22538 -0.199898 
810 -0.226161 -0.200444 
811 -0.226949 -0.200993 
812 -0.227742 -0.201546 
813 -0.228542 -0.202102 
814 -0.229348 -0.202662 
815 -0.23016 -0.203226 
816 -0.230979 -0.203794 
817 -0.231804 -0.204365 
818 -0.232635 -0.20494 
819 -0.233473 -0.20552 
820 -0.234317 -0.206102 
821 -0.235168 -0.206689 
822 -0.236026 -0.20728 
823 -0.23689 -0.207875 
824 -0.237761 -0.208473 
825 -0.238639 -0.209076 
826 -0.239524 -0.209682 
827 -0.240416 -0.210293 
828 -0.241315 -0.210907 
829 -0.242221 -0.211526 
830 -0.243134 -0.212149 
831 -0.244054 -0.212776 
832 -0.244982 -0.213407 
833 -0.245917 -0.214043 
834 -0.246859 -0.214682 
835 -0.247809 -0.215326 
836 -0.248767 -0.215975 
837 -0.249732 -0.216627 
838 -0.250704 -0.217284 
839 -0.251685 -0.217945 
840 -0.252673 -0.218611 
841 -0.253669 -0.219281 
842 -0.254673 -0.219956 
843 -0.255685 -0.220635 
844 -0.256705 -0.221318 
845 -0.257734 -0.222007 
846 -0.258771 -0.222699 
847 -0.259816 -0.223397 
848 -0.260869 -0.224099 
849 -0.261931 -0.224806 
850 -0.263001 -0.225517 
851 -0.26408 -0.226234 
852 -0.265168 -0.226955 
853 -0.266265 -0.227681 
854 -0.267371 -0.228412 
855 -0.268485 -0.229147 
856 -0.269609 -0.229888 
857 -0.270741 -0.230634 
858 -0.271883 -0.231384 
859 -0.273034 -0.23214 
860 -0.274195 -0.232901 
861 -0.275365 -0.233667 
862 -0.276545 -0.234438 
863 -0.277734 -0.235214 
864 -0.278933 -0.235995 
865 -0.280142 -0.236782 
866 -0.281361 -0.237574 
867 -0.28259 -0.238371 
868 -0.283829 -0.239174 
869 -0.285079 -0.239982 
870 -0.286338 -0.240796 
871 -0.287608 -0.241615 
872 -0.288889 -0.24244 
873 -0.29018 -0.24327 
874 -0.291482 -0.244106 
875 -0.292795 -0.244947 
876 -0.294118 -0.245794 
877 -0.295453 -0.246647 
878 -0.296799 -0.247506 
879 -0.298156 -0.248371 
880 -0.299525 -0.249241 
881 -0.300904 -0.250117 
882 -0.302296 -0.251 
883 -0.303699 -0.251888 
884 -0.305114 -0.252782 
885 -0.306541 -0.253683 
886 -0.30798 -0.254589 
887 -0.309431 -0.255502 
888 -0.310894 -0.256421 
889 -0.31237 -0.257346 
890 -0.313858 -0.258278 
891 -0.315359 -0.259215 
892 -0.316873 -0.26016 
893 -0.318399 -0.26111 
894 -0.319939 -0.262068 
895 -0.321491 -0.263032 
896 -0.323057 -0.264002 
897 -0.324636 -0.264979 
898 -0.326229 -0.265963 
899 -0.327836 -0.266953 
900 -0.329456 -0.267951 
901 -0.33109 -0.268955 
902 -0.332738 -0.269966 
903 -0.334401 -0.270984 
904 -0.336078 -0.272009 
905 -0.337769 -0.273041 
906 -0.339475 -0.27408 
907 -0.341196 -0.275127 
908 -0.342931 -0.27618 
909 -0.344682 -0.277241 
910 -0.346448 -0.278309 
911 -0.348229 -0.279385 
912 -0.350026 -0.280468 
913 -0.351839 -0.281559 
914 -0.353667 -0.282657 
915 -0.355511 -0.283763 
916 -0.357372 -0.284876 
917 -0.359249 -0.285997 
918 -0.361142 -0.287126 
919 -0.363053 -0.288263 
920 -0.36498 -0.289408 
921 -0.366923 -0.29056 
922 -0.368885 -0.291721 
923 -0.370863 -0.29289 
924 -0.372859 -0.294067 
925 -0.374873 -0.295252 
926 -0.376905 -0.296445 
927 -0.378954 -0.297647 
928 -0.381022 -0.298857 
929 -0.383109 -0.300076 
930 -0.385214 -0.301303 
931 -0.387338 -0.302539 
932 -0.389481 -0.303784 
933 -0.391643 -0.305037 
934 -0.393824 -0.306299 
935 -0.396026 -0.30757 
936 -0.398247 -0.30885 
937 -0.400488 -0.310139 
938 -0.402749 -0.311437 
939 -0.405031 -0.312744 
940 -0.407333 -0.314061 
941 -0.409656 -0.315386 
942 -0.412001 -0.316721 
943 -0.414366 -0.318066 
944 -0.416753 -0.31942 
945 -0.419162 -0.320784 
946 -0.421593 -0.322157 
947 -0.424046 -0.32354 
948 -0.426522 -0.324933 
949 -0.42902 -0.326336 
950 -0.431542 -0.327748 
951 -0.434086 -0.329171 
952 -0.436654 -0.330604 
953 -0.439245 -0.332048 
954 -0.44186 -0.333501 
955 -0.4445 -0.334965 
956 -0.447164 -0.336439 
957 -0.449852 -0.337924 
958 -0.452566 -0.33942 
959 -0.455304 -0.340926 
960 -0.458069 -0.342443 
961 -0.460858 -0.343971 
962 -0.463674 -0.34551 
963 -0.466516 -0.34706 
964 -0.469385 -0.348621 
965 -0.472281 -0.350193 
966 -0.475203 -0.351777 
967 -0.478154 -0.353372 
968 -0.481131 -0.354979 
969 -0.484137 -0.356597 
970 -0.487171 -0.358227 
971 -0.490234 -0.359869 
972 -0.493326 -0.361522 
973 -0.496447 -0.363188 
974 -0.499597 -0.364865 
975 -0.502778 -0.366555 
976 -0.505988 -0.368257 
977 -0.50923 -0.369972 
978 -0.512502 -0.371699 
979 -0.515805 -0.373438 
980 -0.519139 -0.37519 
981 -0.522506 -0.376955 
982 -0.525905 -0.378733 
983 -0.529336 -0.380524 
984 -0.5328 -0.382328 
985 -0.536298 -0.384145 
986 -0.539829 -0.385976 
987 -0.543394 -0.387819 
988 -0.546993 -0.389677 
989 -0.550628 -0.391548 
990 -0.554297 -0.393432 
991 -0.558002 -0.395331 
992 -0.561743 -0.397244 
993 -0.56552 -0.39917 
994 -0.569334 -0.401111 
995 -0.573184 -0.403066 
996 -0.577073 -0.405036 
997 -0.580998 -0.407021 
998 -0.58496 -0.409023 
999 -0.588866 -0.411134 
