0 (0.436566,-1.59886) (-0.436371,-1.59883) 
1 (0.0432911,-0.726314) (-0.0434045,-0.726348) 
2 (0.0106099,-0.46938) (-0.0106399,-0.469373) 
3 (0.00368171,-0.346106) (-0.00366041,-0.346164) 
4 (0.00155283,-0.273759) (-0.00155452,-0.273754) 
5 (0.000754029,-0.226159) (-0.000777501,-0.226143) 
6 (0.000421884,-0.19252) (-0.000410894,-0.192523) 
7 (0.000248528,-0.167515) (-0.000246944,-0.16752) 
8 (0.00014363,-0.148215) (-0.000150561,-0.148219) 
9 (9.55525e-05,-0.132882) (-8.9652e-05,-0.132889) 
10 (6.82281e-05,-0.120406) (-6.62514e-05,-0.120409) 
11 (4.54255e-05,-0.110064) (-5.15929e-05,-0.110066) 
12 (3.34509e-05,-0.101347) (-3.15457e-05,-0.101344) 
13 (2.34848e-05,-0.0939054) (-2.45554e-05,-0.0939064) 
14 (1.65154e-05,-0.0874765) (-1.90239e-05,-0.0874758) 
15 (1.24632e-05,-0.0818772) (-1.47199e-05,-0.0818711) 
16 (1.02048e-05,-0.076944) (-9.03982e-06,-0.0769383) 
17 (7.0147e-06,-0.0725692) (-6.82335e-06,-0.0725659) 
18 (7.34621e-06,-0.0686643) (-5.37993e-06,-0.0686628) 
19 (5.51611e-06,-0.0651577) (-6.00001e-06,-0.0651562) 
20 (5.44172e-06,-0.0619911) (-4.07993e-06,-0.0619905) 
21 (3.91564e-06,-0.0591168) (-3.18047e-06,-0.0591179) 
22 (3.15457e-06,-0.0564989) (-3.26338e-06,-0.0565) 
23 (2.89369e-06,-0.054102) (-3.74833e-06,-0.0541027) 
24 (2.55511e-06,-0.0518987) (-3.96882e-06,-0.0518994) 
25 (2.25999e-06,-0.0498687) (-2.42723e-06,-0.0498699) 
26 (1.1076e-06,-0.0479924) (-2.32945e-06,-0.0479917) 
27 (1.26838e-06,-0.04625) (-1.61186e-06,-0.0462505) 
28 (1.23257e-06,-0.0446315) (-1.13612e-06,-0.0446308) 
29 (1.44329e-06,-0.0431211) (-8.40108e-07,-0.0431211) 
30 (1.38662e-06,-0.0417091) (-4.44586e-07,-0.04171) 
31 (9.07774e-07,-0.0403875) (-3.79598e-07,-0.0403876) 
32 (1.08225e-06,-0.0391467) (-8.15275e-07,-0.0391467) 
33 (1.0238e-06,-0.0379796) (-1.1977e-06,-0.0379801) 
34 (7.75812e-07,-0.0368795) (-7.01562e-07,-0.0368815) 
35 (7.46681e-07,-0.0358426) (-7.27939e-07,-0.0358431) 
36 (2.03202e-07,-0.0348621) (-4.59134e-07,-0.0348628) 
37 (-2.72004e-07,-0.0339334) (-7.41891e-07,-0.0339333) 
38 (4.24804e-07,-0.0330533) (-5.28661e-07,-0.0330532) 
39 (4.17151e-07,-0.0322177) (-1.64372e-07,-0.0322172) 
40 (4.73049e-07,-0.0314228) (-2.51935e-07,-0.0314223) 
41 (5.96194e-07,-0.0306658) (-3.18568e-07,-0.0306661) 
42 (1.53297e-07,-0.0299451) (-3.23325e-07,-0.0299455) 
43 (5.35668e-07,-0.0292573) (-2.63553e-07,-0.0292572) 
44 (3.3815e-07,-0.0286005) (-1.24512e-07,-0.0286001) 
45 (4.59756e-07,-0.0279724) (1.70365e-07,-0.0279722) 
46 (4.91025e-07,-0.0273708) (-2.03851e-07,-0.0273713) 
47 (1.54704e-07,-0.0267953) (6.03571e-08,-0.0267957) 
48 (2.47954e-07,-0.0262433) (-8.62806e-08,-0.0262434) 
49 (2.23333e-07,-0.0257134) (-9.6623e-08,-0.0257134) 
50 (2.44533e-07,-0.0252049) (-1.7875e-07,-0.0252047) 
51 (2.04619e-07,-0.0247153) (-1.54688e-07,-0.0247157) 
52 (1.97176e-07,-0.0242449) (-2.5614e-07,-0.0242452) 
53 (2.71888e-07,-0.0237921) (-2.71016e-07,-0.0237923) 
54 (2.83548e-07,-0.0233558) (-2.32475e-07,-0.0233558) 
55 (2.1974e-07,-0.0229351) (-1.56168e-07,-0.0229353) 
56 (1.31424e-07,-0.0225293) (-2.03434e-07,-0.0225296) 
57 (3.37841e-07,-0.022138) (-2.65064e-07,-0.0221379) 
58 (1.85061e-07,-0.0217596) (-2.90285e-07,-0.0217597) 
59 (6.52022e-08,-0.0213942) (-2.94684e-07,-0.0213941) 
60 (1.95126e-07,-0.0210407) (-1.4275e-07,-0.0210407) 
61 (-2.57524e-08,-0.0206986) (-1.66293e-07,-0.0206986) 
62 (8.35485e-08,-0.0203675) (-1.45696e-07,-0.0203676) 
63 (3.63047e-08,-0.0200468) (-2.2027e-07,-0.0200469) 
64 (5.78715e-08,-0.0197363) (-2.10056e-07,-0.0197362) 
65 (-4.38664e-08,-0.0194349) (-9.80944e-08,-0.0194351) 
66 (-3.46346e-09,-0.0191428) (-1.21513e-07,-0.019143) 
67 (-3.335e-08,-0.0188594) (-2.11605e-07,-0.0188595) 
68 (2.04531e-07,-0.0185843) (-1.60087e-07,-0.0185842) 
69 (6.0015e-08,-0.0183168) (-1.08119e-07,-0.0183169) 
70 (3.69364e-08,-0.0180571) (-1.6546e-07,-0.0180572) 
71 (5.55073e-08,-0.0178047) (-9.22517e-11,-0.0178047) 
72 (-2.54227e-08,-0.0175592) (-9.96254e-09,-0.0175592) 
73 (-2.21015e-08,-0.0173204) (-1.82254e-08,-0.0173204) 
74 (3.79691e-08,-0.0170879) (8.92515e-08,-0.017088) 
75 (9.17217e-08,-0.0168616) (7.4943e-08,-0.0168616) 
76 (1.05038e-08,-0.0166413) (3.77456e-08,-0.0166414) 
77 (7.43108e-08,-0.0164267) (-2.15459e-08,-0.0164267) 
78 (3.25202e-08,-0.0162175) (6.7518e-09,-0.0162175) 
79 (6.95078e-08,-0.0160135) (3.6653e-08,-0.0160136) 
80 (-2.37266e-08,-0.0158146) (-1.10324e-08,-0.0158147) 
81 (2.51421e-08,-0.0156207) (-2.25463e-08,-0.0156205) 
82 (1.01775e-07,-0.0154313) (7.23749e-10,-0.0154315) 
83 (3.28466e-08,-0.0152465) (-7.03375e-09,-0.0152466) 
84 (-6.68447e-08,-0.0150662) (-6.30833e-08,-0.0150662) 
85 (-7.6178e-08,-0.01489) (-2.65206e-08,-0.01489) 
86 (-2.90393e-08,-0.0147179) (7.41637e-10,-0.014718) 
87 (1.98647e-09,-0.0145498) (-3.39342e-10,-0.0145498) 
88 (6.76633e-09,-0.0143854) (-3.9335e-08,-0.0143853) 
89 (2.2981e-08,-0.0142248) (5.16791e-08,-0.0142247) 
90 (6.39313e-08,-0.0140676) (-2.07603e-08,-0.0140675) 
91 (6.56153e-08,-0.0139138) (-5.73135e-08,-0.0139138) 
92 (-9.13782e-09,-0.0137634) (-2.23715e-08,-0.0137635) 
93 (-5.66413e-08,-0.0136163) (-5.50792e-08,-0.0136163) 
94 (4.35136e-08,-0.0134722) (-8.4962e-09,-0.0134721) 
95 (-7.4207e-09,-0.0133311) (4.29066e-08,-0.0133312) 
96 (2.60022e-08,-0.013193) (-6.0563e-08,-0.013193) 
97 (-8.51403e-08,-0.0130577) (4.03816e-08,-0.0130578) 
98 (3.11676e-08,-0.0129252) (7.84946e-08,-0.0129252) 
99 (1.78354e-08,-0.0127953) (5.1923e-08,-0.0127954) 
100 (3.77956e-08,-0.012668) (-4.89893e-08,-0.0126681) 
101 (3.48986e-09,-0.0125432) (-4.95429e-08,-0.0125433) 
102 (-3.75691e-08,-0.0124209) (-3.31284e-08,-0.0124209) 
103 (-6.37192e-08,-0.0123008) (-7.71136e-08,-0.0123009) 
104 (-4.44092e-09,-0.0121832) (-3.02893e-08,-0.0121832) 
105 (-3.78096e-08,-0.0120677) (-7.95299e-08,-0.0120677) 
106 (7.10084e-09,-0.0119544) (-3.28365e-09,-0.0119544) 
107 (-5.4207e-09,-0.0118432) (-2.31459e-08,-0.0118432) 
108 (2.32387e-08,-0.0117341) (-1.6865e-08,-0.0117341) 
109 (4.08616e-08,-0.011627) (4.04232e-08,-0.011627) 
110 (3.79224e-08,-0.0115218) (4.78669e-08,-0.0115217) 
111 (1.10668e-08,-0.0114184) (-2.91407e-08,-0.0114184) 
112 (5.52484e-08,-0.0113169) (4.49033e-08,-0.011317) 
113 (2.46114e-08,-0.0112173) (1.06966e-08,-0.0112173) 
114 (3.10497e-08,-0.0111193) (2.70282e-08,-0.0111193) 
115 (-2.50893e-08,-0.011023) (5.18406e-08,-0.011023) 
116 (-2.26939e-09,-0.0109284) (7.14249e-08,-0.0109284) 
117 (1.16303e-08,-0.0108354) (5.62296e-08,-0.0108355) 
118 (3.74286e-09,-0.010744) (5.52342e-09,-0.010744) 
119 (-6.64833e-09,-0.0106541) (5.54932e-08,-0.0106541) 
120 (-1.04355e-08,-0.0105657) (3.38782e-08,-0.0105657) 
121 (-3.75392e-08,-0.0104787) (1.42778e-09,-0.0104788) 
122 (5.34174e-09,-0.0103932) (4.7584e-08,-0.0103932) 
123 (-1.21008e-08,-0.0103091) (8.37578e-09,-0.0103091) 
124 (3.28335e-08,-0.0102263) (1.61762e-08,-0.0102263) 
125 (1.72344e-08,-0.0101448) (8.08492e-09,-0.0101448) 
126 (1.04078e-08,-0.0100646) (-4.13718e-08,-0.0100646) 
127 (5.11424e-08,-0.0099857) (-1.045e-08,-0.0099857) 
128 (1.24238e-08,-0.00990798) (-4.03186e-08,-0.00990799) 
129 (4.30209e-08,-0.0098315) (8.17391e-09,-0.0098315) 
130 (-1.66537e-08,-0.00975616) (-1.86222e-08,-0.0097562) 
131 (3.51718e-08,-0.009682) (-3.01345e-08,-0.00968195) 
132 (3.11748e-08,-0.00960892) (-4.4153e-09,-0.00960889) 
133 (3.33151e-08,-0.00953695) (-7.85251e-09,-0.00953695) 
134 (2.34868e-08,-0.00946605) (-1.73722e-08,-0.00946606) 
135 (4.66023e-09,-0.00939618) (-1.71375e-08,-0.00939618) 
136 (5.29846e-09,-0.00932735) (-2.17373e-08,-0.00932735) 
137 (-1.13066e-08,-0.00925954) (-4.99419e-10,-0.00925956) 
138 (-1.75073e-08,-0.00919266) (-3.99593e-08,-0.00919265) 
139 (-3.53612e-08,-0.00912679) (-1.39895e-08,-0.00912673) 
140 (-4.59457e-09,-0.00906184) (-9.57436e-09,-0.00906183) 
141 (-4.82747e-09,-0.00899779) (-5.94927e-09,-0.00899778) 
142 (-1.2577e-08,-0.00893467) (1.24584e-08,-0.00893464) 
143 (-6.51969e-09,-0.00887239) (-4.0603e-09,-0.00887238) 
144 (1.23839e-09,-0.00881101) (5.47299e-09,-0.00881097) 
145 (2.58771e-08,-0.00875045) (3.9918e-09,-0.00875044) 
146 (-2.30809e-08,-0.00869074) (-2.04893e-08,-0.00869072) 
147 (1.0828e-08,-0.00863185) (1.83324e-08,-0.0086318) 
148 (8.12028e-09,-0.00857368) (-2.95483e-09,-0.00857369) 
149 (1.13964e-08,-0.00851636) (-4.24593e-09,-0.00851632) 
150 (-7.11506e-09,-0.00845979) (2.4957e-08,-0.00845975) 
151 (1.6885e-08,-0.00840393) (1.51004e-08,-0.00840392) 
152 (5.49083e-09,-0.00834886) (1.54814e-08,-0.00834884) 
153 (7.48649e-09,-0.00829445) (1.43995e-08,-0.00829446) 
154 (1.23144e-08,-0.00824076) (-1.10242e-08,-0.00824078) 
155 (2.61556e-08,-0.00818777) (-1.76089e-08,-0.00818778) 
156 (3.79277e-08,-0.00813545) (-1.35246e-09,-0.00813547) 
157 (1.18333e-08,-0.00808379) (-1.99456e-08,-0.00808379) 
158 (6.78029e-09,-0.00803279) (5.36466e-09,-0.00803281) 
159 (2.32995e-08,-0.00798245) (4.9668e-09,-0.00798243) 
160 (1.99818e-08,-0.00793268) (1.35886e-08,-0.00793271) 
161 (9.34015e-09,-0.00788361) (9.08881e-10,-0.0078836) 
162 (5.18498e-09,-0.00783507) (1.08572e-08,-0.00783511) 
163 (2.33761e-09,-0.00778716) (1.4024e-08,-0.00778716) 
164 (-7.93552e-09,-0.00773982) (1.94963e-08,-0.00773984) 
165 (7.28937e-09,-0.00769308) (-8.9507e-09,-0.00769308) 
166 (1.7701e-09,-0.00764686) (-1.56117e-10,-0.00764687) 
167 (-8.35391e-09,-0.00760122) (2.19551e-08,-0.00760123) 
168 (-2.84122e-09,-0.0075561) (-1.34396e-08,-0.00755615) 
169 (3.01459e-09,-0.0075115) (-1.49812e-09,-0.00751154) 
170 (-6.76271e-10,-0.00746747) (-5.97225e-09,-0.0074675) 
171 (-5.61503e-09,-0.00742392) (6.40832e-09,-0.00742394) 
172 (5.32618e-09,-0.00738089) (5.35783e-09,-0.0073809) 
173 (-7.39277e-09,-0.00733837) (1.21886e-09,-0.00733834) 
174 (1.67089e-09,-0.00729633) (-7.62422e-09,-0.00729628) 
175 (-6.0149e-09,-0.00725474) (1.79774e-11,-0.00725472) 
176 (-2.15022e-08,-0.00721362) (1.53813e-08,-0.00721363) 
177 (-2.32023e-09,-0.00717298) (-8.3703e-09,-0.00717299) 
178 (-1.23678e-08,-0.0071328) (-1.59972e-09,-0.00713282) 
179 (-1.18475e-09,-0.00709308) (1.91418e-09,-0.00709306) 
180 (-5.92048e-09,-0.00705378) (-6.38418e-09,-0.00705377) 
181 (6.23787e-09,-0.0070149) (1.38642e-08,-0.0070149) 
182 (6.82185e-09,-0.00697648) (6.3705e-09,-0.00697647) 
183 (1.09476e-08,-0.00693847) (-1.0818e-08,-0.00693846) 
184 (-1.60431e-08,-0.00690084) (-1.97301e-10,-0.00690086) 
185 (-3.02879e-09,-0.00686366) (-2.75835e-09,-0.00686365) 
186 (-1.70832e-08,-0.00682685) (8.7421e-09,-0.00682685) 
187 (-1.32373e-08,-0.00679045) (5.59954e-09,-0.00679044) 
188 (-3.82668e-11,-0.00675444) (3.2118e-09,-0.00675445) 
189 (-1.10541e-08,-0.00671878) (-1.68746e-09,-0.00671879) 
190 (-2.20836e-09,-0.00668353) (1.30489e-08,-0.00668354) 
191 (-4.15064e-09,-0.00664863) (-7.23971e-09,-0.00664863) 
192 (9.8492e-10,-0.00661408) (-2.73572e-09,-0.0066141) 
193 (1.60678e-09,-0.0065799) (1.57884e-08,-0.00657991) 
194 (2.18315e-09,-0.00654608) (1.63258e-08,-0.00654608) 
195 (-1.73569e-09,-0.00651259) (2.98398e-09,-0.00651259) 
196 (-9.13505e-09,-0.00647945) (-6.8081e-09,-0.00647945) 
197 (-1.3701e-08,-0.00644665) (-4.06797e-09,-0.00644664) 
198 (4.61818e-09,-0.00641416) (-1.30333e-08,-0.00641417) 
199 (-8.77531e-10,-0.00638202) (4.60295e-09,-0.00638203) 
200 (-7.10741e-09,-0.00635019) (-2.56794e-09,-0.00635019) 
201 (-6.92547e-09,-0.00631868) (4.09095e-10,-0.00631868) 
202 (8.50361e-09,-0.00628749) (-1.12789e-08,-0.00628748) 
203 (-1.67099e-08,-0.00625658) (-2.2857e-09,-0.00625658) 
204 (5.94122e-10,-0.00622599) (-1.2934e-08,-0.00622599) 
205 (-2.1325e-10,-0.00619571) (1.5026e-08,-0.00619569) 
206 (9.6672e-09,-0.00616569) (-4.33921e-09,-0.0061657) 
207 (-5.05292e-09,-0.00613599) (-6.33921e-09,-0.00613598) 
208 (1.36505e-09,-0.00610655) (-7.23537e-09,-0.00610655) 
209 (-5.57994e-09,-0.00607741) (8.34772e-09,-0.0060774) 
210 (-6.08539e-09,-0.00604853) (-2.50503e-09,-0.00604853) 
211 (-1.104e-08,-0.00601993) (-2.36805e-09,-0.00601994) 
212 (-2.75001e-09,-0.00599162) (3.06917e-09,-0.00599161) 
213 (2.18421e-09,-0.00596355) (-6.79922e-09,-0.00596355) 
214 (-1.16926e-08,-0.00593575) (1.06588e-08,-0.00593575) 
215 (-1.5139e-09,-0.00590821) (-9.22417e-09,-0.00590821) 
216 (-3.188e-09,-0.00588092) (4.9705e-09,-0.00588092) 
217 (4.76795e-09,-0.00585387) (-1.84444e-09,-0.00585388) 
218 (-9.28941e-09,-0.00582709) (7.14833e-09,-0.00582708) 
219 (-2.07336e-09,-0.00580054) (4.91171e-09,-0.00580054) 
220 (2.343e-09,-0.00577425) (-7.81375e-09,-0.00577424) 
221 (8.46808e-10,-0.00574817) (1.64921e-09,-0.00574817) 
222 (-5.02801e-09,-0.00572234) (-3.39556e-09,-0.00572233) 
223 (-3.00689e-09,-0.00569674) (3.06665e-09,-0.00569673) 
224 (2.99908e-09,-0.00567136) (2.35112e-09,-0.00567135) 
225 (-5.37858e-10,-0.00564621) (9.03056e-09,-0.00564621) 
226 (-6.86295e-10,-0.00562129) (3.80844e-09,-0.00562128) 
227 (-7.41757e-09,-0.00559658) (-1.07609e-08,-0.00559657) 
228 (7.98852e-09,-0.00557208) (-5.86133e-09,-0.00557208) 
229 (-2.40844e-09,-0.0055478) (3.69986e-09,-0.00554781) 
230 (1.34568e-09,-0.00552373) (-2.91603e-09,-0.00552374) 
231 (4.91436e-09,-0.00549987) (-3.16934e-09,-0.00549987) 
232 (5.85812e-10,-0.00547621) (-9.24718e-09,-0.00547622) 
233 (-3.14227e-09,-0.00545276) (-2.07923e-09,-0.00545276) 
234 (-6.21111e-09,-0.00542951) (-2.42716e-09,-0.00542951) 
235 (-3.91522e-09,-0.00540645) (-1.66537e-09,-0.00540646) 
236 (-1.91874e-09,-0.0053836) (1.57486e-09,-0.00538359) 
237 (-7.12247e-10,-0.00536093) (-2.00028e-10,-0.00536093) 
238 (-3.71229e-09,-0.00533846) (1.22038e-08,-0.00533845) 
239 (-4.08533e-09,-0.00531617) (4.87471e-09,-0.00531617) 
240 (6.3756e-09,-0.00529406) (-4.01454e-09,-0.00529406) 
241 (1.53346e-09,-0.00527214) (3.03668e-09,-0.00527214) 
242 (1.02789e-09,-0.0052504) (1.71224e-09,-0.0052504) 
243 (-1.76047e-09,-0.00522884) (-2.24238e-09,-0.00522884) 
244 (1.29052e-09,-0.00520745) (-5.70888e-09,-0.00520745) 
245 (-1.57748e-09,-0.00518624) (5.24834e-10,-0.00518624) 
246 (4.69438e-09,-0.0051652) (-4.37124e-09,-0.00516521) 
247 (4.16997e-09,-0.00514433) (1.57654e-09,-0.00514433) 
248 (6.43261e-10,-0.00512363) (-2.47453e-09,-0.00512364) 
249 (-2.90166e-10,-0.0051031) (1.39519e-09,-0.0051031) 
250 (-2.81535e-10,-0.00508272) (1.36036e-09,-0.00508273) 
251 (6.03697e-10,-0.00506252) (-2.30775e-09,-0.00506252) 
252 (3.70677e-09,-0.00504247) (1.38992e-09,-0.00504247) 
253 (3.97977e-09,-0.00502258) (-3.7066e-09,-0.00502257) 
254 (-1.25669e-09,-0.00500284) (4.08551e-10,-0.00500284) 
255 (1.00813e-09,-0.00498326) (-4.40118e-09,-0.00498326) 
256 (-1.26882e-09,-0.00496383) (-1.661e-09,-0.00496383) 
257 (7.39296e-10,-0.00494456) (1.17222e-09,-0.00494456) 
258 (1.04418e-09,-0.00492543) (1.99439e-09,-0.00492543) 
259 (4.06695e-09,-0.00490645) (-2.57082e-09,-0.00490645) 
260 (-2.43822e-09,-0.00488762) (2.91495e-09,-0.00488762) 
261 (-2.10561e-09,-0.00486892) (6.99315e-09,-0.00486893) 
262 (-3.57678e-10,-0.00485038) (-1.42755e-10,-0.00485038) 
263 (-9.68196e-10,-0.00483197) (7.88413e-10,-0.00483197) 
264 (-1.91393e-09,-0.00481371) (-8.66278e-10,-0.0048137) 
265 (-2.91054e-09,-0.00479558) (-1.19058e-09,-0.00479557) 
266 (-1.38182e-09,-0.00477758) (-9.80501e-10,-0.00477758) 
267 (2.93834e-10,-0.00475972) (-4.02794e-09,-0.00475972) 
268 (2.06155e-09,-0.00474199) (-1.34469e-09,-0.00474199) 
269 (5.7075e-10,-0.0047244) (-1.18548e-09,-0.0047244) 
270 (-8.53099e-10,-0.00470693) (1.33476e-09,-0.00470693) 
271 (2.8854e-09,-0.00468959) (-2.12946e-09,-0.0046896) 
272 (-2.46413e-09,-0.00467239) (-3.69122e-09,-0.00467239) 
273 (-1.72879e-10,-0.0046553) (1.18007e-09,-0.0046553) 
274 (-1.15818e-10,-0.00463834) (2.72601e-09,-0.00463834) 
275 (9.28532e-10,-0.00462151) (6.37991e-10,-0.00462151) 
276 (-7.87466e-10,-0.00460479) (8.04116e-10,-0.00460479) 
277 (-1.28394e-09,-0.0045882) (-9.54298e-10,-0.0045882) 
278 (2.67113e-10,-0.00457173) (3.6461e-10,-0.00457173) 
279 (6.18327e-10,-0.00455537) (-1.93725e-09,-0.00455537) 
280 (-4.21977e-10,-0.00453913) (1.07371e-09,-0.00453913) 
281 (-1.97686e-09,-0.00452301) (1.50859e-09,-0.00452301) 
282 (1.04833e-09,-0.004507) (-4.39442e-10,-0.004507) 
283 (-5.7658e-10,-0.0044911) (9.30119e-10,-0.0044911) 
284 (-2.29726e-10,-0.00447531) (-1.79855e-09,-0.00447531) 
285 (-2.04637e-09,-0.00445964) (1.86041e-09,-0.00445964) 
286 (4.31095e-10,-0.00444407) (-1.22147e-09,-0.00444407) 
287 (-3.91013e-10,-0.00442861) (4.4303e-10,-0.00442862) 
288 (-1.65612e-09,-0.00441327) (-4.25335e-10,-0.00441326) 
289 (-8.41342e-10,-0.00439802) (-4.28215e-10,-0.00439802) 
290 (-7.26754e-10,-0.00438288) (1.1161e-09,-0.00438288) 
291 (2.41249e-10,-0.00436785) (-1.02737e-09,-0.00436785) 
292 (-5.85378e-10,-0.00435291) (-8.66645e-10,-0.00435291) 
293 (1.23149e-09,-0.00433808) (-5.85204e-10,-0.00433808) 
294 (3.43285e-11,-0.00432335) (1.67568e-09,-0.00432335) 
295 (1.24326e-10,-0.00430872) (-1.47996e-09,-0.00430872) 
296 (-1.68757e-09,-0.00429419) (-2.98098e-10,-0.00429419) 
297 (9.04953e-10,-0.00427976) (-1.18101e-09,-0.00427976) 
298 (-5.96054e-10,-0.00426542) (-2.05656e-11,-0.00426542) 
299 (-5.80505e-10,-0.00425118) (-2.90449e-10,-0.00425118) 
300 (-1.58685e-11,-0.00423703) (3.34832e-10,-0.00423703) 
301 (4.35366e-10,-0.00422298) (-1.12074e-09,-0.00422298) 
302 (-1.00202e-09,-0.00420902) (-3.74332e-10,-0.00420902) 
303 (-6.13734e-10,-0.00419515) (-5.60671e-10,-0.00419515) 
304 (-6.24878e-11,-0.00418137) (1.49897e-10,-0.00418137) 
305 (2.04392e-10,-0.00416769) (1.02824e-09,-0.00416769) 
306 (1.6063e-10,-0.00415409) (9.40741e-10,-0.00415409) 
307 (1.1806e-10,-0.00414058) (-2.23465e-10,-0.00414058) 
308 (-1.78823e-10,-0.00412716) (-4.72874e-10,-0.00412716) 
309 (-6.15833e-11,-0.00411382) (6.51036e-10,-0.00411382) 
310 (-5.12903e-10,-0.00410058) (-1.45572e-10,-0.00410058) 
311 (5.62962e-11,-0.00408741) (9.95166e-11,-0.00408741) 
312 (-5.59623e-10,-0.00407433) (2.03241e-10,-0.00407433) 
313 (-6.9943e-10,-0.00406134) (3.29676e-10,-0.00406134) 
314 (-6.99294e-11,-0.00404842) (-1.73774e-10,-0.00404842) 
315 (-5.84242e-10,-0.00403559) (-6.53082e-11,-0.00403559) 
316 (4.72995e-10,-0.00402284) (-4.68097e-10,-0.00402284) 
317 (3.02999e-10,-0.00401017) (1.72807e-10,-0.00401017) 
318 (2.70336e-10,-0.00399758) (4.18071e-10,-0.00399758) 
319 (-1.36027e-10,-0.00398507) (-2.64056e-10,-0.00398507) 
320 (1.9648e-11,-0.00397263) (2.8403e-12,-0.00397264) 
321 (-3.06332e-10,-0.00396028) (-1.02838e-10,-0.00396028) 
322 (-8.81055e-12,-0.003948) (-2.88398e-10,-0.003948) 
323 (-5.11765e-10,-0.0039358) (3.50285e-10,-0.0039358) 
324 (-9.53867e-11,-0.00392367) (-5.47154e-11,-0.00392367) 
325 (9.45265e-11,-0.00391161) (-2.35885e-10,-0.00391161) 
326 (-1.11891e-10,-0.00389963) (-2.71506e-11,-0.00389963) 
327 (1.68018e-10,-0.00388773) (6.01081e-11,-0.00388772) 
328 (-5.97109e-11,-0.00387589) (7.57499e-11,-0.00387589) 
329 (4.0702e-11,-0.00386413) (-1.68355e-10,-0.00386413) 
330 (1.08238e-10,-0.00385244) (-8.06645e-11,-0.00385244) 
331 (4.06955e-12,-0.00384082) (-2.84887e-10,-0.00384081) 
332 (-8.37743e-11,-0.00382926) (3.06047e-10,-0.00382926) 
333 (7.98587e-11,-0.00381778) (-5.48874e-11,-0.00381778) 
334 (1.59065e-10,-0.00380637) (-1.83459e-10,-0.00380637) 
335 (-5.84532e-11,-0.00379502) (2.19067e-10,-0.00379502) 
336 (8.22497e-11,-0.00378375) (1.33027e-10,-0.00378375) 
337 (1.15768e-10,-0.00377253) (8.40853e-11,-0.00377253) 
338 (1.61008e-10,-0.00376139) (-4.01412e-11,-0.00376139) 
339 (2.73597e-10,-0.00375031) (1.01173e-10,-0.00375031) 
340 (2.96349e-10,-0.0037393) (2.27128e-12,-0.0037393) 
341 (1.17633e-10,-0.00372835) (3.75412e-12,-0.00372835) 
342 (1.61426e-10,-0.00371746) (-2.38163e-10,-0.00371746) 
343 (3.88427e-10,-0.00370664) (-6.13064e-11,-0.00370664) 
344 (2.7008e-10,-0.00369588) (-1.97812e-10,-0.00369588) 
345 (1.46994e-10,-0.00368518) (-1.36698e-10,-0.00368518) 
346 (1.04775e-10,-0.00367455) (6.06362e-11,-0.00367455) 
347 (8.70745e-11,-0.00366397) (6.27204e-11,-0.00366397) 
348 (1.61483e-10,-0.00365346) (5.43875e-11,-0.00365346) 
349 (1.81283e-12,-0.00364301) (1.11931e-10,-0.00364301) 
350 (1.15474e-10,-0.00363261) (-7.24331e-11,-0.00363261) 
351 (9.26828e-11,-0.00362228) (-6.333e-11,-0.00362228) 
352 (1.04298e-10,-0.003612) (5.22192e-11,-0.003612) 
353 (-7.11039e-11,-0.00360179) (-1.49668e-10,-0.00360179) 
354 (1.69218e-10,-0.00359163) (-2.64373e-11,-0.00359163) 
355 (5.07532e-11,-0.00358152) (-2.05025e-11,-0.00358152) 
356 (1.71e-11,-0.00357148) (-6.2125e-11,-0.00357148) 
357 (-5.94671e-12,-0.00356149) (5.45212e-12,-0.00356149) 
358 (2.59143e-11,-0.00355155) (-6.66826e-11,-0.00355155) 
359 (2.7463e-11,-0.00354167) (-7.79748e-11,-0.00354167) 
360 (-7.52272e-11,-0.00353185) (-9.04977e-11,-0.00353185) 
361 (-1.21978e-11,-0.00352208) (-1.69581e-10,-0.00352208) 
362 (9.16992e-12,-0.00351236) (-4.43526e-11,-0.00351236) 
363 (5.73767e-11,-0.0035027) (-1.03492e-10,-0.0035027) 
364 (5.4492e-11,-0.00349309) (-8.74409e-11,-0.00349309) 
365 (1.00193e-10,-0.00348353) (-8.50266e-11,-0.00348353) 
366 (1.19368e-10,-0.00347403) (-5.99042e-11,-0.00347403) 
367 (1.09704e-10,-0.00346458) (-5.09371e-11,-0.00346458) 
368 (1.13535e-10,-0.00345517) (-1.03151e-10,-0.00345517) 
369 (8.25446e-12,-0.00344582) (-7.67401e-11,-0.00344582) 
370 (1.18712e-10,-0.00343652) (-2.53712e-11,-0.00343652) 
371 (6.1222e-11,-0.00342727) (-1.09017e-10,-0.00342727) 
372 (1.21874e-10,-0.00341807) (-5.64499e-11,-0.00341807) 
373 (5.50238e-11,-0.00340892) (-1.01781e-10,-0.00340892) 
374 (6.34118e-11,-0.00339982) (-2.75657e-11,-0.00339982) 
375 (8.23128e-11,-0.00339076) (-1.72146e-11,-0.00339076) 
376 (2.33055e-11,-0.00338176) (-2.79626e-11,-0.00338176) 
377 (4.43114e-11,-0.0033728) (1.74774e-11,-0.0033728) 
378 (-3.30846e-12,-0.00336389) (-3.62217e-11,-0.00336389) 
379 (2.67681e-11,-0.00335503) (-2.75725e-12,-0.00335503) 
380 (3.07816e-11,-0.00334621) (1.6078e-11,-0.00334621) 
381 (4.02234e-11,-0.00333744) (-3.19159e-11,-0.00333744) 
382 (4.63371e-11,-0.00332871) (1.06764e-11,-0.00332871) 
383 (3.44826e-11,-0.00332003) (1.98565e-11,-0.00332003) 
384 (1.75361e-11,-0.0033114) (2.10518e-12,-0.0033114) 
385 (5.69988e-11,-0.00330281) (-1.71348e-11,-0.00330281) 
386 (5.11732e-11,-0.00329426) (-2.85419e-11,-0.00329426) 
387 (6.81853e-11,-0.00328576) (-8.22204e-12,-0.00328576) 
388 (4.09967e-11,-0.0032773) (-5.11136e-11,-0.0032773) 
389 (5.4299e-11,-0.00326889) (-9.58202e-12,-0.00326889) 
390 (5.41093e-11,-0.00326052) (-1.46033e-11,-0.00326052) 
391 (4.44917e-11,-0.00325219) (-4.16179e-11,-0.00325219) 
392 (3.13931e-11,-0.00324391) (-4.34671e-11,-0.00324391) 
393 (3.61952e-11,-0.00323566) (-3.4709e-11,-0.00323566) 
394 (1.9296e-11,-0.00322746) (-6.22378e-11,-0.00322746) 
395 (3.13435e-11,-0.0032193) (-4.31767e-11,-0.0032193) 
396 (1.24217e-11,-0.00321118) (-5.69963e-11,-0.00321118) 
397 (2.12673e-11,-0.0032031) (-4.20678e-11,-0.0032031) 
398 (3.29988e-11,-0.00319506) (-4.55885e-11,-0.00319506) 
399 (4.1361e-11,-0.00318707) (-4.42119e-11,-0.00318707) 
400 (3.57108e-11,-0.00317911) (-1.93189e-11,-0.00317911) 
401 (3.8051e-11,-0.00317119) (-1.41517e-11,-0.00317119) 
402 (1.37904e-11,-0.00316331) (-2.28482e-11,-0.00316331) 
403 (3.56032e-11,-0.00315547) (-4.20842e-11,-0.00315547) 
404 (2.91958e-11,-0.00314767) (-2.30623e-11,-0.00314767) 
405 (3.71991e-11,-0.00313991) (-3.16016e-11,-0.00313991) 
406 (2.15864e-11,-0.00313219) (-3.8146e-11,-0.00313219) 
407 (2.84753e-11,-0.0031245) (-3.27992e-11,-0.0031245) 
408 (3.77658e-11,-0.00311685) (-3.67298e-11,-0.00311685) 
409 (3.66817e-11,-0.00310924) (-3.16633e-11,-0.00310924) 
410 (3.14564e-11,-0.00310166) (-2.34478e-11,-0.00310166) 
411 (2.94151e-11,-0.00309413) (-3.26509e-11,-0.00309413) 
412 (2.86862e-11,-0.00308663) (-2.85483e-11,-0.00308663) 
413 (2.5833e-11,-0.00307916) (-2.82169e-11,-0.00307916) 
414 (2.21615e-11,-0.00307173) (-3.00859e-11,-0.00307173) 
415 (2.30661e-11,-0.00306434) (-3.22722e-11,-0.00306434) 
416 (2.9697e-11,-0.00305698) (-2.80324e-11,-0.00305698) 
417 (3.3394e-11,-0.00304966) (-2.73018e-11,-0.00304966) 
418 (2.84763e-11,-0.00304237) (-2.83463e-11,-0.00304237) 
419 (2.56927e-11,-0.00303512) (-2.74403e-11,-0.00303512) 
420 (2.98279e-11,-0.0030279) (-2.499e-11,-0.0030279) 
421 (2.77872e-11,-0.00302072) (-2.61593e-11,-0.00302072) 
422 (2.90401e-11,-0.00301357) (-2.70408e-11,-0.00301357) 
423 (2.63543e-11,-0.00300646) (-2.46887e-11,-0.00300646) 
424 (2.86759e-11,-0.00299937) (-2.341e-11,-0.00299937) 
425 (2.66503e-11,-0.00299232) (-2.2995e-11,-0.00299232) 
426 (2.47632e-11,-0.00298531) (-2.58307e-11,-0.00298531) 
427 (2.45252e-11,-0.00297832) (-2.53781e-11,-0.00297832) 
428 (2.61185e-11,-0.00297137) (-2.49327e-11,-0.00297137) 
429 (2.54343e-11,-0.00296446) (-2.79595e-11,-0.00296446) 
430 (2.55678e-11,-0.00295757) (-2.64302e-11,-0.00295757) 
431 (2.75747e-11,-0.00295072) (-2.68735e-11,-0.00295072) 
432 (2.36148e-11,-0.00294389) (-2.71662e-11,-0.00294389) 
433 (2.38504e-11,-0.0029371) (-2.54898e-11,-0.0029371) 
434 (2.31809e-11,-0.00293034) (-2.48577e-11,-0.00293034) 
435 (2.4109e-11,-0.00292361) (-2.57259e-11,-0.00292361) 
436 (2.3646e-11,-0.00291692) (-2.54004e-11,-0.00291692) 
437 (2.38177e-11,-0.00291025) (-2.4356e-11,-0.00291025) 
438 (2.27184e-11,-0.00290361) (-2.41904e-11,-0.00290361) 
439 (2.40516e-11,-0.00289701) (-2.37047e-11,-0.00289701) 
440 (2.293e-11,-0.00289043) (-2.4334e-11,-0.00289043) 
441 (2.3348e-11,-0.00288388) (-2.39273e-11,-0.00288388) 
442 (2.3787e-11,-0.00287737) (-2.3446e-11,-0.00287737) 
443 (2.25374e-11,-0.00287088) (-2.28548e-11,-0.00287088) 
444 (2.26254e-11,-0.00286442) (-2.23937e-11,-0.00286442) 
445 (2.2562e-11,-0.00285799) (-2.24e-11,-0.00285799) 
446 (2.22364e-11,-0.00285159) (-2.2243e-11,-0.00285159) 
447 (2.17676e-11,-0.00284522) (-2.19305e-11,-0.00284522) 
448 (2.1546e-11,-0.00283887) (-2.14405e-11,-0.00283887) 
449 (2.13936e-11,-0.00283256) (-2.12702e-11,-0.00283256) 
450 (2.11215e-11,-0.00282627) (-2.09072e-11,-0.00282627) 
451 (2.09375e-11,-0.00282001) (-2.06977e-11,-0.00282001) 
452 (2.0593e-11,-0.00281378) (-2.03138e-11,-0.00281378) 
453 (2.07881e-11,-0.00280757) (-2.04627e-11,-0.00280757) 
454 (2.05128e-11,-0.0028014) (-1.98865e-11,-0.0028014) 
455 (2.01779e-11,-0.00279525) (-2.00005e-11,-0.00279525) 
456 (2.01207e-11,-0.00278912) (-1.99252e-11,-0.00278912) 
457 (1.96549e-11,-0.00278303) (-1.97727e-11,-0.00278303) 
458 (1.9723e-11,-0.00277696) (-1.95784e-11,-0.00277696) 
459 (1.94567e-11,-0.00277091) (-1.93612e-11,-0.00277091) 
460 (1.92424e-11,-0.0027649) (-1.91498e-11,-0.0027649) 
461 (1.90622e-11,-0.00275891) (-1.91054e-11,-0.00275891) 
462 (1.86857e-11,-0.00275294) (-1.89821e-11,-0.00275294) 
463 (1.86572e-11,-0.002747) (-1.87262e-11,-0.002747) 
464 (1.86046e-11,-0.00274109) (-1.86088e-11,-0.00274109) 
465 (1.84327e-11,-0.0027352) (-1.84282e-11,-0.0027352) 
466 (1.82943e-11,-0.00272934) (-1.83259e-11,-0.00272934) 
467 (1.8127e-11,-0.0027235) (-1.81045e-11,-0.0027235) 
468 (1.79411e-11,-0.00271768) (-1.78998e-11,-0.00271768) 
469 (1.78151e-11,-0.0027119) (-1.77518e-11,-0.0027119) 
470 (1.76536e-11,-0.00270613) (-1.76244e-11,-0.00270613) 
471 (1.74823e-11,-0.00270039) (-1.7485e-11,-0.00270039) 
472 (1.73291e-11,-0.00269468) (-1.73498e-11,-0.00269468) 
473 (1.71726e-11,-0.00268899) (-1.72176e-11,-0.00268899) 
474 (1.70532e-11,-0.00268332) (-1.70646e-11,-0.00268332) 
475 (1.6908e-11,-0.00267768) (-1.69417e-11,-0.00267768) 
476 (1.67645e-11,-0.00267206) (-1.6784e-11,-0.00267206) 
477 (1.66212e-11,-0.00266646) (-1.66295e-11,-0.00266646) 
478 (1.6484e-11,-0.00266089) (-1.6485e-11,-0.00266089) 
479 (1.63514e-11,-0.00265534) (-1.635e-11,-0.00265534) 
480 (1.62103e-11,-0.00264981) (-1.62194e-11,-0.00264981) 
481 (1.6078e-11,-0.00264431) (-1.60785e-11,-0.00264431) 
482 (1.59402e-11,-0.00263883) (-1.59465e-11,-0.00263883) 
483 (1.58114e-11,-0.00263337) (-1.58163e-11,-0.00263337) 
484 (1.56808e-11,-0.00262794) (-1.569e-11,-0.00262794) 
485 (1.55525e-11,-0.00262252) (-1.5561e-11,-0.00262252) 
486 (1.54261e-11,-0.00261713) (-1.54331e-11,-0.00261713) 
487 (1.53005e-11,-0.00261176) (-1.53065e-11,-0.00261176) 
488 (1.51754e-11,-0.00260642) (-1.5183e-11,-0.00260642) 
489 (1.50522e-11,-0.00260109) (-1.50584e-11,-0.00260109) 
490 (1.49295e-11,-0.00259579) (-1.49356e-11,-0.00259579) 
491 (1.48084e-11,-0.00259051) (-1.48149e-11,-0.00259051) 
492 (1.46887e-11,-0.00258525) (-1.4695e-11,-0.00258525) 
493 (1.457e-11,-0.00258001) (-1.45762e-11,-0.00258001) 
494 (1.44525e-11,-0.00257479) (-1.44587e-11,-0.00257479) 
495 (1.43362e-11,-0.0025696) (-1.43423e-11,-0.0025696) 
496 (1.42211e-11,-0.00256442) (-1.42272e-11,-0.00256442) 
497 (1.41071e-11,-0.00255927) (-1.41132e-11,-0.00255927) 
498 (1.39944e-11,-0.00255413) (-1.40003e-11,-0.00255413) 
499 (1.38827e-11,-0.00254902) (-1.38886e-11,-0.00254902) 
