0 (0,-1.23143) (0,-1.23143) 
1 (0,-0.942937) (0,-0.942937) 
2 (0,-0.73983) (0,-0.73983) 
3 (0,-0.597634) (0,-0.597634) 
4 (0,-0.496215) (0,-0.496215) 
5 (0,-0.421808) (0,-0.421808) 
6 (0,-0.365586) (0,-0.365586) 
7 (0,-0.321936) (0,-0.321936) 
8 (0,-0.287228) (0,-0.287228) 
9 (0,-0.259056) (0,-0.259056) 
10 (0,-0.235781) (0,-0.235781) 
11 (0,-0.216255) (0,-0.216255) 
12 (0,-0.199658) (0,-0.199658) 
13 (0,-0.185387) (0,-0.185387) 
14 (0,-0.172991) (0,-0.172991) 
15 (0,-0.16213) (0,-0.16213) 
16 (0,-0.152537) (0,-0.152537) 
17 (0,-0.144004) (0,-0.144004) 
18 (0,-0.136368) (0,-0.136368) 
19 (0,-0.129494) (0,-0.129494) 
20 (0,-0.123275) (0,-0.123275) 
21 (0,-0.117622) (0,-0.117622) 
22 (0,-0.112461) (0,-0.112461) 
23 (0,-0.107732) (0,-0.107732) 
24 (0,-0.103382) (0,-0.103382) 
25 (0,-0.0993689) (0,-0.0993689) 
26 (0,-0.0956539) (0,-0.0956539) 
27 (0,-0.0922056) (0,-0.0922056) 
28 (0,-0.0889963) (0,-0.0889963) 
29 (0,-0.0860021) (0,-0.0860021) 
30 (0,-0.0832021) (0,-0.0832021) 
31 (0,-0.0805782) (0,-0.0805782) 
32 (0,-0.0781142) (0,-0.0781142) 
33 (0,-0.0757959) (0,-0.0757959) 
34 (0,-0.073611) (0,-0.073611) 
35 (0,-0.0715482) (0,-0.0715482) 
36 (0,-0.0695976) (0,-0.0695976) 
37 (0,-0.0677503) (0,-0.0677503) 
38 (0,-0.0659983) (0,-0.0659983) 
39 (0,-0.0643344) (0,-0.0643344) 
40 (0,-0.0627522) (0,-0.0627522) 
41 (0,-0.0612459) (0,-0.0612459) 
42 (0,-0.05981) (0,-0.05981) 
43 (0,-0.0584398) (0,-0.0584398) 
44 (0,-0.0571309) (0,-0.0571309) 
45 (0,-0.0558792) (0,-0.0558792) 
46 (0,-0.0546811) (0,-0.0546811) 
47 (0,-0.0535333) (0,-0.0535333) 
48 (0,-0.0524326) (0,-0.0524326) 
49 (0,-0.0513761) (0,-0.0513761) 
50 (0,-0.0503614) (0,-0.0503614) 
51 (0,-0.0493859) (0,-0.0493859) 
52 (0,-0.0484474) (0,-0.0484474) 
53 (0,-0.0475439) (0,-0.0475439) 
54 (0,-0.0466735) (0,-0.0466735) 
55 (0,-0.0458343) (0,-0.0458343) 
56 (0,-0.0450247) (0,-0.0450247) 
57 (0,-0.0442432) (0,-0.0442432) 
58 (0,-0.0434884) (0,-0.0434884) 
59 (0,-0.0427588) (0,-0.0427588) 
60 (0,-0.0420533) (0,-0.0420533) 
61 (0,-0.0413707) (0,-0.0413707) 
62 (0,-0.0407099) (0,-0.0407099) 
63 (0,-0.0400698) (0,-0.0400698) 
64 (0,-0.0394496) (0,-0.0394496) 
65 (0,-0.0388482) (0,-0.0388482) 
66 (0,-0.0382649) (0,-0.0382649) 
67 (0,-0.0376988) (0,-0.0376988) 
68 (0,-0.0371492) (0,-0.0371492) 
69 (0,-0.0366154) (0,-0.0366154) 
70 (0,-0.0360967) (0,-0.0360967) 
71 (0,-0.0355925) (0,-0.0355925) 
72 (0,-0.0351022) (0,-0.0351022) 
73 (0,-0.0346252) (0,-0.0346252) 
74 (0,-0.034161) (0,-0.034161) 
75 (0,-0.033709) (0,-0.033709) 
76 (0,-0.0332689) (0,-0.0332689) 
77 (0,-0.0328401) (0,-0.0328401) 
78 (0,-0.0324222) (0,-0.0324222) 
79 (0,-0.0320148) (0,-0.0320148) 
80 (0,-0.0316175) (0,-0.0316175) 
81 (0,-0.0312299) (0,-0.0312299) 
82 (0,-0.0308517) (0,-0.0308517) 
83 (0,-0.0304826) (0,-0.0304826) 
84 (0,-0.0301222) (0,-0.0301222) 
85 (0,-0.0297702) (0,-0.0297702) 
86 (0,-0.0294263) (0,-0.0294263) 
87 (0,-0.0290903) (0,-0.0290903) 
88 (0,-0.0287619) (0,-0.0287619) 
89 (0,-0.0284408) (0,-0.0284408) 
90 (0,-0.0281268) (0,-0.0281268) 
91 (0,-0.0278196) (0,-0.0278196) 
92 (0,-0.0275191) (0,-0.0275191) 
93 (0,-0.027225) (0,-0.027225) 
94 (0,-0.0269371) (0,-0.0269371) 
95 (0,-0.0266552) (0,-0.0266552) 
96 (0,-0.0263792) (0,-0.0263792) 
97 (0,-0.0261088) (0,-0.0261088) 
98 (0,-0.0258439) (0,-0.0258439) 
99 (0,-0.0255844) (0,-0.0255844) 
100 (0,-0.02533) (0,-0.02533) 
101 (0,-0.0250806) (0,-0.0250806) 
102 (0,-0.024836) (0,-0.024836) 
103 (0,-0.0245962) (0,-0.0245962) 
104 (0,-0.024361) (0,-0.024361) 
105 (0,-0.0241302) (0,-0.0241302) 
106 (0,-0.0239038) (0,-0.0239038) 
107 (0,-0.0236815) (0,-0.0236815) 
108 (0,-0.0234634) (0,-0.0234634) 
109 (0,-0.0232492) (0,-0.0232492) 
110 (0,-0.0230389) (0,-0.0230389) 
111 (0,-0.0228324) (0,-0.0228324) 
112 (0,-0.0226296) (0,-0.0226296) 
113 (0,-0.0224303) (0,-0.0224303) 
114 (0,-0.0222345) (0,-0.0222345) 
115 (0,-0.0220421) (0,-0.0220421) 
116 (0,-0.021853) (0,-0.021853) 
117 (0,-0.0216671) (0,-0.0216671) 
118 (0,-0.0214843) (0,-0.0214843) 
119 (0,-0.0213046) (0,-0.0213046) 
120 (0,-0.0211279) (0,-0.0211279) 
121 (0,-0.0209541) (0,-0.0209541) 
122 (0,-0.0207831) (0,-0.0207831) 
123 (0,-0.0206149) (0,-0.0206149) 
124 (0,-0.0204494) (0,-0.0204494) 
125 (0,-0.0202865) (0,-0.0202865) 
126 (0,-0.0201262) (0,-0.0201262) 
127 (0,-0.0199684) (0,-0.0199684) 
128 (0,-0.0198131) (0,-0.0198131) 
129 (0,-0.0196601) (0,-0.0196601) 
130 (0,-0.0195095) (0,-0.0195095) 
131 (0,-0.0193612) (0,-0.0193612) 
132 (0,-0.0192152) (0,-0.0192152) 
133 (0,-0.0190713) (0,-0.0190713) 
134 (0,-0.0189295) (0,-0.0189295) 
135 (0,-0.0187899) (0,-0.0187899) 
136 (0,-0.0186523) (0,-0.0186523) 
137 (0,-0.0185167) (0,-0.0185167) 
138 (0,-0.018383) (0,-0.018383) 
139 (0,-0.0182513) (0,-0.0182513) 
140 (0,-0.0181214) (0,-0.0181214) 
141 (0,-0.0179934) (0,-0.0179934) 
142 (0,-0.0178672) (0,-0.0178672) 
143 (0,-0.0177427) (0,-0.0177427) 
144 (0,-0.01762) (0,-0.01762) 
145 (0,-0.0174989) (0,-0.0174989) 
146 (0,-0.0173795) (0,-0.0173795) 
147 (0,-0.0172617) (0,-0.0172617) 
148 (0,-0.0171455) (0,-0.0171455) 
149 (0,-0.0170308) (0,-0.0170308) 
150 (0,-0.0169177) (0,-0.0169177) 
151 (0,-0.0168061) (0,-0.0168061) 
152 (0,-0.0166959) (0,-0.0166959) 
153 (0,-0.0165872) (0,-0.0165872) 
154 (0,-0.0164798) (0,-0.0164798) 
155 (0,-0.0163739) (0,-0.0163739) 
156 (0,-0.0162693) (0,-0.0162693) 
157 (0,-0.016166) (0,-0.016166) 
158 (0,-0.016064) (0,-0.016064) 
159 (0,-0.0159634) (0,-0.0159634) 
160 (0,-0.0158639) (0,-0.0158639) 
161 (0,-0.0157657) (0,-0.0157657) 
162 (0,-0.0156687) (0,-0.0156687) 
163 (0,-0.0155729) (0,-0.0155729) 
164 (0,-0.0154783) (0,-0.0154783) 
165 (0,-0.0153848) (0,-0.0153848) 
166 (0,-0.0152924) (0,-0.0152924) 
167 (0,-0.0152011) (0,-0.0152011) 
168 (0,-0.0151109) (0,-0.0151109) 
169 (0,-0.0150218) (0,-0.0150218) 
170 (0,-0.0149337) (0,-0.0149337) 
171 (0,-0.0148466) (0,-0.0148466) 
172 (0,-0.0147606) (0,-0.0147606) 
173 (0,-0.0146755) (0,-0.0146755) 
174 (0,-0.0145914) (0,-0.0145914) 
175 (0,-0.0145083) (0,-0.0145083) 
176 (0,-0.0144261) (0,-0.0144261) 
177 (0,-0.0143449) (0,-0.0143449) 
178 (0,-0.0142645) (0,-0.0142645) 
179 (0,-0.0141851) (0,-0.0141851) 
180 (0,-0.0141065) (0,-0.0141065) 
181 (0,-0.0140288) (0,-0.0140288) 
182 (0,-0.013952) (0,-0.013952) 
183 (0,-0.0138759) (0,-0.0138759) 
184 (0,-0.0138007) (0,-0.0138007) 
185 (0,-0.0137264) (0,-0.0137264) 
186 (0,-0.0136528) (0,-0.0136528) 
187 (0,-0.01358) (0,-0.01358) 
188 (0,-0.0135079) (0,-0.0135079) 
189 (0,-0.0134367) (0,-0.0134367) 
190 (0,-0.0133662) (0,-0.0133662) 
191 (0,-0.0132964) (0,-0.0132964) 
192 (0,-0.0132273) (0,-0.0132273) 
193 (0,-0.013159) (0,-0.013159) 
194 (0,-0.0130913) (0,-0.0130913) 
195 (0,-0.0130244) (0,-0.0130244) 
196 (0,-0.0129581) (0,-0.0129581) 
197 (0,-0.0128925) (0,-0.0128925) 
198 (0,-0.0128276) (0,-0.0128276) 
199 (0,-0.0127633) (0,-0.0127633) 
200 (0,-0.0126996) (0,-0.0126996) 
201 (0,-0.0126366) (0,-0.0126366) 
202 (0,-0.0125742) (0,-0.0125742) 
203 (0,-0.0125124) (0,-0.0125124) 
204 (0,-0.0124513) (0,-0.0124513) 
205 (0,-0.0123907) (0,-0.0123907) 
206 (0,-0.0123307) (0,-0.0123307) 
207 (0,-0.0122713) (0,-0.0122713) 
208 (0,-0.0122124) (0,-0.0122124) 
209 (0,-0.0121541) (0,-0.0121541) 
210 (0,-0.0120964) (0,-0.0120964) 
211 (0,-0.0120392) (0,-0.0120392) 
212 (0,-0.0119826) (0,-0.0119826) 
213 (0,-0.0119265) (0,-0.0119265) 
214 (0,-0.0118709) (0,-0.0118709) 
215 (0,-0.0118158) (0,-0.0118158) 
216 (0,-0.0117612) (0,-0.0117612) 
217 (0,-0.0117071) (0,-0.0117071) 
218 (0,-0.0116536) (0,-0.0116536) 
219 (0,-0.0116005) (0,-0.0116005) 
220 (0,-0.0115479) (0,-0.0115479) 
221 (0,-0.0114958) (0,-0.0114958) 
222 (0,-0.0114441) (0,-0.0114441) 
223 (0,-0.0113929) (0,-0.0113929) 
224 (0,-0.0113422) (0,-0.0113422) 
225 (0,-0.0112919) (0,-0.0112919) 
226 (0,-0.011242) (0,-0.011242) 
227 (0,-0.0111926) (0,-0.0111926) 
228 (0,-0.0111436) (0,-0.0111436) 
229 (0,-0.0110951) (0,-0.0110951) 
230 (0,-0.011047) (0,-0.011047) 
231 (0,-0.0109992) (0,-0.0109992) 
232 (0,-0.0109519) (0,-0.0109519) 
233 (0,-0.010905) (0,-0.010905) 
234 (0,-0.0108585) (0,-0.0108585) 
235 (0,-0.0108124) (0,-0.0108124) 
236 (0,-0.0107667) (0,-0.0107667) 
237 (0,-0.0107214) (0,-0.0107214) 
238 (0,-0.0106765) (0,-0.0106765) 
239 (0,-0.0106319) (0,-0.0106319) 
240 (0,-0.0105877) (0,-0.0105877) 
241 (0,-0.0105438) (0,-0.0105438) 
242 (0,-0.0105004) (0,-0.0105004) 
243 (0,-0.0104572) (0,-0.0104572) 
244 (0,-0.0104145) (0,-0.0104145) 
245 (0,-0.0103721) (0,-0.0103721) 
246 (0,-0.01033) (0,-0.01033) 
247 (0,-0.0102883) (0,-0.0102883) 
248 (0,-0.0102469) (0,-0.0102469) 
249 (0,-0.0102058) (0,-0.0102058) 
250 (0,-0.0101651) (0,-0.0101651) 
251 (0,-0.0101246) (0,-0.0101246) 
252 (0,-0.0100846) (0,-0.0100846) 
253 (0,-0.0100448) (0,-0.0100448) 
254 (0,-0.0100053) (0,-0.0100053) 
255 (0,-0.00996616) (0,-0.00996616) 
256 (0,-0.0099273) (0,-0.0099273) 
257 (0,-0.00988876) (0,-0.00988876) 
258 (0,-0.00985051) (0,-0.00985051) 
259 (0,-0.00981255) (0,-0.00981255) 
260 (0,-0.00977488) (0,-0.00977488) 
261 (0,-0.00973751) (0,-0.00973751) 
262 (0,-0.00970042) (0,-0.00970042) 
263 (0,-0.00966361) (0,-0.00966361) 
264 (0,-0.00962707) (0,-0.00962707) 
265 (0,-0.00959082) (0,-0.00959082) 
266 (0,-0.00955483) (0,-0.00955483) 
267 (0,-0.00951912) (0,-0.00951912) 
268 (0,-0.00948367) (0,-0.00948367) 
269 (0,-0.00944848) (0,-0.00944848) 
270 (0,-0.00941355) (0,-0.00941355) 
271 (0,-0.00937888) (0,-0.00937888) 
272 (0,-0.00934447) (0,-0.00934447) 
273 (0,-0.00931031) (0,-0.00931031) 
274 (0,-0.00927639) (0,-0.00927639) 
275 (0,-0.00924272) (0,-0.00924272) 
276 (0,-0.0092093) (0,-0.0092093) 
277 (0,-0.00917611) (0,-0.00917611) 
278 (0,-0.00914317) (0,-0.00914317) 
279 (0,-0.00911046) (0,-0.00911046) 
280 (0,-0.00907798) (0,-0.00907798) 
281 (0,-0.00904574) (0,-0.00904574) 
282 (0,-0.00901372) (0,-0.00901372) 
283 (0,-0.00898193) (0,-0.00898193) 
284 (0,-0.00895036) (0,-0.00895036) 
285 (0,-0.00891901) (0,-0.00891901) 
286 (0,-0.00888788) (0,-0.00888788) 
287 (0,-0.00885697) (0,-0.00885697) 
288 (0,-0.00882627) (0,-0.00882627) 
289 (0,-0.00879579) (0,-0.00879579) 
290 (0,-0.00876551) (0,-0.00876551) 
291 (0,-0.00873544) (0,-0.00873544) 
292 (0,-0.00870558) (0,-0.00870558) 
293 (0,-0.00867592) (0,-0.00867592) 
294 (0,-0.00864646) (0,-0.00864646) 
295 (0,-0.00861721) (0,-0.00861721) 
296 (0,-0.00858815) (0,-0.00858815) 
297 (0,-0.00855928) (0,-0.00855928) 
298 (0,-0.00853061) (0,-0.00853061) 
299 (0,-0.00850213) (0,-0.00850213) 
300 (0,-0.00847384) (0,-0.00847384) 
301 (0,-0.00844573) (0,-0.00844573) 
302 (0,-0.00841781) (0,-0.00841781) 
303 (0,-0.00839008) (0,-0.00839008) 
304 (0,-0.00836253) (0,-0.00836253) 
305 (0,-0.00833516) (0,-0.00833516) 
306 (0,-0.00830796) (0,-0.00830796) 
307 (0,-0.00828095) (0,-0.00828095) 
308 (0,-0.00825411) (0,-0.00825411) 
309 (0,-0.00822744) (0,-0.00822744) 
310 (0,-0.00820095) (0,-0.00820095) 
311 (0,-0.00817462) (0,-0.00817462) 
312 (0,-0.00814846) (0,-0.00814846) 
313 (0,-0.00812247) (0,-0.00812247) 
314 (0,-0.00809665) (0,-0.00809665) 
315 (0,-0.00807099) (0,-0.00807099) 
316 (0,-0.00804549) (0,-0.00804549) 
317 (0,-0.00802015) (0,-0.00802015) 
318 (0,-0.00799497) (0,-0.00799497) 
319 (0,-0.00796995) (0,-0.00796995) 
320 (0,-0.00794508) (0,-0.00794508) 
321 (0,-0.00792037) (0,-0.00792037) 
322 (0,-0.00789581) (0,-0.00789581) 
323 (0,-0.00787141) (0,-0.00787141) 
324 (0,-0.00784715) (0,-0.00784715) 
325 (0,-0.00782305) (0,-0.00782305) 
326 (0,-0.00779909) (0,-0.00779909) 
327 (0,-0.00777527) (0,-0.00777527) 
328 (0,-0.00775161) (0,-0.00775161) 
329 (0,-0.00772808) (0,-0.00772808) 
330 (0,-0.0077047) (0,-0.0077047) 
331 (0,-0.00768146) (0,-0.00768146) 
332 (0,-0.00765836) (0,-0.00765836) 
333 (0,-0.0076354) (0,-0.0076354) 
334 (0,-0.00761257) (0,-0.00761257) 
335 (0,-0.00758988) (0,-0.00758988) 
336 (0,-0.00756733) (0,-0.00756733) 
337 (0,-0.00754491) (0,-0.00754491) 
338 (0,-0.00752262) (0,-0.00752262) 
339 (0,-0.00750046) (0,-0.00750046) 
340 (0,-0.00747844) (0,-0.00747844) 
341 (0,-0.00745654) (0,-0.00745654) 
342 (0,-0.00743477) (0,-0.00743477) 
343 (0,-0.00741313) (0,-0.00741313) 
344 (0,-0.00739161) (0,-0.00739161) 
345 (0,-0.00737022) (0,-0.00737022) 
346 (0,-0.00734895) (0,-0.00734895) 
347 (0,-0.0073278) (0,-0.0073278) 
348 (0,-0.00730678) (0,-0.00730678) 
349 (0,-0.00728587) (0,-0.00728587) 
350 (0,-0.00726508) (0,-0.00726508) 
351 (0,-0.00724442) (0,-0.00724442) 
352 (0,-0.00722387) (0,-0.00722387) 
353 (0,-0.00720343) (0,-0.00720343) 
354 (0,-0.00718311) (0,-0.00718311) 
355 (0,-0.00716291) (0,-0.00716291) 
356 (0,-0.00714282) (0,-0.00714282) 
357 (0,-0.00712284) (0,-0.00712284) 
358 (0,-0.00710297) (0,-0.00710297) 
359 (0,-0.00708321) (0,-0.00708321) 
360 (0,-0.00706357) (0,-0.00706357) 
361 (0,-0.00704403) (0,-0.00704403) 
362 (0,-0.0070246) (0,-0.0070246) 
363 (0,-0.00700527) (0,-0.00700527) 
364 (0,-0.00698605) (0,-0.00698605) 
365 (0,-0.00696694) (0,-0.00696694) 
366 (0,-0.00694793) (0,-0.00694793) 
367 (0,-0.00692903) (0,-0.00692903) 
368 (0,-0.00691023) (0,-0.00691023) 
369 (0,-0.00689153) (0,-0.00689153) 
370 (0,-0.00687293) (0,-0.00687293) 
371 (0,-0.00685443) (0,-0.00685443) 
372 (0,-0.00683603) (0,-0.00683603) 
373 (0,-0.00681772) (0,-0.00681772) 
374 (0,-0.00679952) (0,-0.00679952) 
375 (0,-0.00678141) (0,-0.00678141) 
376 (0,-0.0067634) (0,-0.0067634) 
377 (0,-0.00674549) (0,-0.00674549) 
378 (0,-0.00672767) (0,-0.00672767) 
379 (0,-0.00670994) (0,-0.00670994) 
380 (0,-0.00669231) (0,-0.00669231) 
381 (0,-0.00667476) (0,-0.00667476) 
382 (0,-0.00665731) (0,-0.00665731) 
383 (0,-0.00663996) (0,-0.00663996) 
384 (0,-0.00662269) (0,-0.00662269) 
385 (0,-0.00660551) (0,-0.00660551) 
386 (0,-0.00658842) (0,-0.00658842) 
387 (0,-0.00657142) (0,-0.00657142) 
388 (0,-0.0065545) (0,-0.0065545) 
389 (0,-0.00653768) (0,-0.00653768) 
390 (0,-0.00652093) (0,-0.00652093) 
391 (0,-0.00650428) (0,-0.00650428) 
392 (0,-0.00648771) (0,-0.00648771) 
393 (0,-0.00647122) (0,-0.00647122) 
394 (0,-0.00645482) (0,-0.00645482) 
395 (0,-0.0064385) (0,-0.0064385) 
396 (0,-0.00642226) (0,-0.00642226) 
397 (0,-0.00640611) (0,-0.00640611) 
398 (0,-0.00639003) (0,-0.00639003) 
399 (0,-0.00637404) (0,-0.00637404) 
400 (0,-0.00635812) (0,-0.00635812) 
401 (0,-0.00634229) (0,-0.00634229) 
402 (0,-0.00632653) (0,-0.00632653) 
403 (0,-0.00631085) (0,-0.00631085) 
404 (0,-0.00629525) (0,-0.00629525) 
405 (0,-0.00627973) (0,-0.00627973) 
406 (0,-0.00626428) (0,-0.00626428) 
407 (0,-0.00624891) (0,-0.00624891) 
408 (0,-0.00623361) (0,-0.00623361) 
409 (0,-0.00621839) (0,-0.00621839) 
410 (0,-0.00620324) (0,-0.00620324) 
411 (0,-0.00618817) (0,-0.00618817) 
412 (0,-0.00617317) (0,-0.00617317) 
413 (0,-0.00615824) (0,-0.00615824) 
414 (0,-0.00614338) (0,-0.00614338) 
415 (0,-0.0061286) (0,-0.0061286) 
416 (0,-0.00611388) (0,-0.00611388) 
417 (0,-0.00609924) (0,-0.00609924) 
418 (0,-0.00608466) (0,-0.00608466) 
419 (0,-0.00607016) (0,-0.00607016) 
420 (0,-0.00605573) (0,-0.00605573) 
421 (0,-0.00604136) (0,-0.00604136) 
422 (0,-0.00602706) (0,-0.00602706) 
423 (0,-0.00601283) (0,-0.00601283) 
424 (0,-0.00599866) (0,-0.00599866) 
425 (0,-0.00598457) (0,-0.00598457) 
426 (0,-0.00597054) (0,-0.00597054) 
427 (0,-0.00595657) (0,-0.00595657) 
428 (0,-0.00594267) (0,-0.00594267) 
429 (0,-0.00592883) (0,-0.00592883) 
430 (0,-0.00591506) (0,-0.00591506) 
431 (0,-0.00590136) (0,-0.00590136) 
432 (0,-0.00588771) (0,-0.00588771) 
433 (0,-0.00587413) (0,-0.00587413) 
434 (0,-0.00586061) (0,-0.00586061) 
435 (0,-0.00584715) (0,-0.00584715) 
436 (0,-0.00583376) (0,-0.00583376) 
437 (0,-0.00582043) (0,-0.00582043) 
438 (0,-0.00580715) (0,-0.00580715) 
439 (0,-0.00579394) (0,-0.00579394) 
440 (0,-0.00578079) (0,-0.00578079) 
441 (0,-0.00576769) (0,-0.00576769) 
442 (0,-0.00575466) (0,-0.00575466) 
443 (0,-0.00574168) (0,-0.00574168) 
444 (0,-0.00572877) (0,-0.00572877) 
445 (0,-0.00571591) (0,-0.00571591) 
446 (0,-0.00570311) (0,-0.00570311) 
447 (0,-0.00569036) (0,-0.00569036) 
448 (0,-0.00567768) (0,-0.00567768) 
449 (0,-0.00566505) (0,-0.00566505) 
450 (0,-0.00565247) (0,-0.00565247) 
451 (0,-0.00563995) (0,-0.00563995) 
452 (0,-0.00562749) (0,-0.00562749) 
453 (0,-0.00561508) (0,-0.00561508) 
454 (0,-0.00560273) (0,-0.00560273) 
455 (0,-0.00559043) (0,-0.00559043) 
456 (0,-0.00557818) (0,-0.00557818) 
457 (0,-0.00556599) (0,-0.00556599) 
458 (0,-0.00555385) (0,-0.00555385) 
459 (0,-0.00554176) (0,-0.00554176) 
460 (0,-0.00552973) (0,-0.00552973) 
461 (0,-0.00551775) (0,-0.00551775) 
462 (0,-0.00550582) (0,-0.00550582) 
463 (0,-0.00549394) (0,-0.00549394) 
464 (0,-0.00548211) (0,-0.00548211) 
465 (0,-0.00547034) (0,-0.00547034) 
466 (0,-0.00545861) (0,-0.00545861) 
467 (0,-0.00544693) (0,-0.00544693) 
468 (0,-0.00543531) (0,-0.00543531) 
469 (0,-0.00542373) (0,-0.00542373) 
470 (0,-0.0054122) (0,-0.0054122) 
471 (0,-0.00540073) (0,-0.00540073) 
472 (0,-0.0053893) (0,-0.0053893) 
473 (0,-0.00537791) (0,-0.00537791) 
474 (0,-0.00536658) (0,-0.00536658) 
475 (0,-0.00535529) (0,-0.00535529) 
476 (0,-0.00534406) (0,-0.00534406) 
477 (0,-0.00533286) (0,-0.00533286) 
478 (0,-0.00532172) (0,-0.00532172) 
479 (0,-0.00531062) (0,-0.00531062) 
480 (0,-0.00529957) (0,-0.00529957) 
481 (0,-0.00528856) (0,-0.00528856) 
482 (0,-0.0052776) (0,-0.0052776) 
483 (0,-0.00526669) (0,-0.00526669) 
484 (0,-0.00525582) (0,-0.00525582) 
485 (0,-0.00524499) (0,-0.00524499) 
486 (0,-0.00523421) (0,-0.00523421) 
487 (0,-0.00522348) (0,-0.00522348) 
488 (0,-0.00521278) (0,-0.00521278) 
489 (0,-0.00520213) (0,-0.00520213) 
490 (0,-0.00519153) (0,-0.00519153) 
491 (0,-0.00518097) (0,-0.00518097) 
492 (0,-0.00517045) (0,-0.00517045) 
493 (0,-0.00515997) (0,-0.00515997) 
494 (0,-0.00514954) (0,-0.00514954) 
495 (0,-0.00513914) (0,-0.00513914) 
496 (0,-0.00512879) (0,-0.00512879) 
497 (0,-0.00511848) (0,-0.00511848) 
498 (0,-0.00510822) (0,-0.00510822) 
499 (0,-0.00509799) (0,-0.00509799) 
