0 (0.161531,-1.57219) (-0.161531,-1.57219) 
1 (0.0392674,-1.05751) (-0.0392674,-1.05751) 
2 (0.0132652,-0.744511) (-0.0132652,-0.744511) 
3 (0.00557634,-0.567924) (-0.00557634,-0.567924) 
4 (0.00270141,-0.457485) (-0.00270141,-0.457485) 
5 (0.00144355,-0.382421) (-0.00144355,-0.382421) 
6 (0.000839523,-0.328223) (-0.000839523,-0.328223) 
7 (0.000525213,-0.287245) (-0.000525213,-0.287245) 
8 (0.00035181,-0.255143) (-0.00035181,-0.255143) 
9 (0.000246185,-0.229349) (-0.000246185,-0.229349) 
10 (0.000176135,-0.208216) (-0.000176135,-0.208216) 
11 (0.000128355,-0.190619) (-0.000128355,-0.190619) 
12 (9.51713e-05,-0.175749) (-9.51713e-05,-0.175749) 
13 (7.17728e-05,-0.163019) (-7.17728e-05,-0.163019) 
14 (5.49246e-05,-0.152) (-5.49246e-05,-0.152) 
15 (4.2509e-05,-0.142368) (-4.2509e-05,-0.142368) 
16 (3.31764e-05,-0.133879) (-3.31764e-05,-0.133879) 
17 (2.61262e-05,-0.126342) (-2.61262e-05,-0.126342) 
18 (2.08112e-05,-0.119605) (-2.08112e-05,-0.119605) 
19 (1.67822e-05,-0.113547) (-1.67822e-05,-0.113547) 
20 (1.3692e-05,-0.108071) (-1.3692e-05,-0.108071) 
21 (1.1288e-05,-0.103097) (-1.1288e-05,-0.103097) 
22 (9.39744e-06,-0.0985586) (-9.39744e-06,-0.0985586) 
23 (7.89866e-06,-0.0944016) (-7.89866e-06,-0.0944016) 
24 (6.70683e-06,-0.0905798) (-6.70683e-06,-0.0905798) 
25 (5.74574e-06,-0.0870543) (-5.74574e-06,-0.0870543) 
26 (4.95414e-06,-0.0837919) (-4.95414e-06,-0.0837919) 
27 (4.2943e-06,-0.0807644) (-4.2943e-06,-0.0807644) 
28 (3.73985e-06,-0.0779475) (-3.73985e-06,-0.0779475) 
29 (3.27139e-06,-0.0753199) (-3.27139e-06,-0.0753199) 
30 (2.87268e-06,-0.0728633) (-2.87268e-06,-0.0728633) 
31 (2.53026e-06,-0.0705615) (-2.53026e-06,-0.0705615) 
32 (2.23361e-06,-0.0684003) (-2.23361e-06,-0.0684003) 
33 (1.97625e-06,-0.0663674) (-1.97625e-06,-0.0663674) 
34 (1.7538e-06,-0.0644517) (-1.7538e-06,-0.0644517) 
35 (1.56168e-06,-0.0626432) (-1.56168e-06,-0.0626432) 
36 (1.39537e-06,-0.0609333) (-1.39537e-06,-0.0609333) 
37 (1.25078e-06,-0.0593141) (-1.25078e-06,-0.0593141) 
38 (1.12473e-06,-0.0577786) (-1.12473e-06,-0.0577786) 
39 (1.01468e-06,-0.0563205) (-1.01468e-06,-0.0563205) 
40 (9.18731e-07,-0.0549341) (-9.18731e-07,-0.0549341) 
41 (8.34651e-07,-0.0536142) (-8.34651e-07,-0.0536142) 
42 (7.60215e-07,-0.0523561) (-7.60215e-07,-0.0523561) 
43 (6.93938e-07,-0.0511557) (-6.93938e-07,-0.0511557) 
44 (6.34704e-07,-0.050009) (-6.34704e-07,-0.050009) 
45 (5.81635e-07,-0.0489125) (-5.81635e-07,-0.0489125) 
46 (5.33912e-07,-0.047863) (-5.33912e-07,-0.047863) 
47 (4.90775e-07,-0.0468576) (-4.90775e-07,-0.0468576) 
48 (4.51576e-07,-0.0458935) (-4.51576e-07,-0.0458935) 
49 (4.15931e-07,-0.0449682) (-4.15931e-07,-0.0449682) 
50 (3.83617e-07,-0.0440795) (-3.83617e-07,-0.0440795) 
51 (3.54365e-07,-0.0432252) (-3.54365e-07,-0.0432252) 
52 (3.27867e-07,-0.0424033) (-3.27867e-07,-0.0424033) 
53 (3.03817e-07,-0.0416121) (-3.03817e-07,-0.0416121) 
54 (2.81964e-07,-0.0408499) (-2.81964e-07,-0.0408499) 
55 (2.62106e-07,-0.040115) (-2.62106e-07,-0.040115) 
56 (2.44096e-07,-0.0394061) (-2.44096e-07,-0.0394061) 
57 (2.2772e-07,-0.0387218) (-2.2772e-07,-0.0387218) 
58 (2.12732e-07,-0.0380609) (-2.12732e-07,-0.0380609) 
59 (1.98967e-07,-0.0374221) (-1.98967e-07,-0.0374221) 
60 (1.86295e-07,-0.0368044) (-1.86295e-07,-0.0368044) 
61 (1.74614e-07,-0.0362067) (-1.74614e-07,-0.0362067) 
62 (1.63822e-07,-0.0356281) (-1.63822e-07,-0.0356281) 
63 (1.53815e-07,-0.0350678) (-1.53815e-07,-0.0350678) 
64 (1.44502e-07,-0.0345247) (-1.44502e-07,-0.0345247) 
65 (1.3583e-07,-0.0339982) (-1.3583e-07,-0.0339982) 
66 (1.27776e-07,-0.0334876) (-1.27776e-07,-0.0334876) 
67 (1.20306e-07,-0.032992) (-1.20306e-07,-0.032992) 
68 (1.13378e-07,-0.0325109) (-1.13378e-07,-0.0325109) 
69 (1.06944e-07,-0.0320436) (-1.06944e-07,-0.0320436) 
70 (1.00967e-07,-0.0315895) (-1.00967e-07,-0.0315895) 
71 (9.54157e-08,-0.0311481) (-9.54157e-08,-0.0311481) 
72 (9.02696e-08,-0.0307189) (-9.02696e-08,-0.0307189) 
73 (8.54919e-08,-0.0303013) (-8.54919e-08,-0.0303013) 
74 (8.10352e-08,-0.029895) (-8.10352e-08,-0.029895) 
75 (7.68677e-08,-0.0294994) (-7.68677e-08,-0.0294994) 
76 (7.29646e-08,-0.0291141) (-7.29646e-08,-0.0291141) 
77 (6.93059e-08,-0.0287387) (-6.93059e-08,-0.0287387) 
78 (6.58706e-08,-0.0283729) (-6.58706e-08,-0.0283729) 
79 (6.26365e-08,-0.0280163) (-6.26365e-08,-0.0280163) 
80 (5.95829e-08,-0.0276685) (-5.95829e-08,-0.0276685) 
81 (5.66989e-08,-0.0273293) (-5.66989e-08,-0.0273293) 
82 (5.3981e-08,-0.0269983) (-5.3981e-08,-0.0269983) 
83 (5.14228e-08,-0.0266752) (-5.14228e-08,-0.0266752) 
84 (4.90152e-08,-0.0263597) (-4.90152e-08,-0.0263597) 
85 (4.67477e-08,-0.0260516) (-4.67477e-08,-0.0260516) 
86 (4.46117e-08,-0.0257507) (-4.46117e-08,-0.0257507) 
87 (4.26004e-08,-0.0254566) (-4.26004e-08,-0.0254566) 
88 (4.07098e-08,-0.0251691) (-4.07098e-08,-0.0251691) 
89 (3.89311e-08,-0.024888) (-3.89311e-08,-0.024888) 
90 (3.72513e-08,-0.0246132) (-3.72513e-08,-0.0246132) 
91 (3.5662e-08,-0.0243444) (-3.5662e-08,-0.0243444) 
92 (3.41565e-08,-0.0240813) (-3.41565e-08,-0.0240813) 
93 (3.27297e-08,-0.0238239) (-3.27297e-08,-0.0238239) 
94 (3.13756e-08,-0.023572) (-3.13756e-08,-0.023572) 
95 (3.00879e-08,-0.0233253) (-3.00879e-08,-0.0233253) 
96 (2.88603e-08,-0.0230837) (-2.88603e-08,-0.0230837) 
97 (2.76899e-08,-0.0228471) (-2.76899e-08,-0.0228471) 
98 (2.6576e-08,-0.0226152) (-2.6576e-08,-0.0226152) 
99 (2.55171e-08,-0.0223881) (-2.55171e-08,-0.0223881) 
100 (2.45107e-08,-0.0221654) (-2.45107e-08,-0.0221654) 
101 (2.35537e-08,-0.0219471) (-2.35537e-08,-0.0219471) 
102 (2.26436e-08,-0.0217331) (-2.26436e-08,-0.0217331) 
103 (2.17785e-08,-0.0215232) (-2.17785e-08,-0.0215232) 
104 (2.09576e-08,-0.0213174) (-2.09576e-08,-0.0213174) 
105 (2.01779e-08,-0.0211154) (-2.01779e-08,-0.0211154) 
106 (1.94353e-08,-0.0209172) (-1.94353e-08,-0.0209172) 
107 (1.87269e-08,-0.0207227) (-1.87269e-08,-0.0207227) 
108 (1.80505e-08,-0.0205318) (-1.80505e-08,-0.0205318) 
109 (1.74043e-08,-0.0203444) (-1.74043e-08,-0.0203444) 
110 (1.67865e-08,-0.0201603) (-1.67865e-08,-0.0201603) 
111 (1.61947e-08,-0.0199796) (-1.61947e-08,-0.0199796) 
112 (1.56266e-08,-0.0198021) (-1.56266e-08,-0.0198021) 
113 (1.50813e-08,-0.0196277) (-1.50813e-08,-0.0196277) 
114 (1.45587e-08,-0.0194563) (-1.45587e-08,-0.0194563) 
115 (1.40583e-08,-0.0192879) (-1.40583e-08,-0.0192879) 
116 (1.35793e-08,-0.0191224) (-1.35793e-08,-0.0191224) 
117 (1.31207e-08,-0.0189597) (-1.31207e-08,-0.0189597) 
118 (1.26816e-08,-0.0187998) (-1.26816e-08,-0.0187998) 
119 (1.22612e-08,-0.0186425) (-1.22612e-08,-0.0186425) 
120 (1.18596e-08,-0.0184879) (-1.18596e-08,-0.0184879) 
121 (1.14755e-08,-0.0183358) (-1.14755e-08,-0.0183358) 
122 (1.11073e-08,-0.0181861) (-1.11073e-08,-0.0181861) 
123 (1.07539e-08,-0.0180389) (-1.07539e-08,-0.0180389) 
124 (1.04145e-08,-0.0178941) (-1.04145e-08,-0.0178941) 
125 (1.00884e-08,-0.0177515) (-1.00884e-08,-0.0177515) 
126 (9.77473e-09,-0.0176113) (-9.77473e-09,-0.0176113) 
127 (9.47269e-09,-0.0174732) (-9.47269e-09,-0.0174732) 
128 (9.18129e-09,-0.0173372) (-9.18129e-09,-0.0173372) 
129 (8.90013e-09,-0.0172034) (-8.90013e-09,-0.0172034) 
130 (8.62924e-09,-0.0170716) (-8.62924e-09,-0.0170716) 
131 (8.36849e-09,-0.0169418) (-8.36849e-09,-0.0169418) 
132 (8.11756e-09,-0.016814) (-8.11756e-09,-0.016814) 
133 (7.87601e-09,-0.0166881) (-7.87601e-09,-0.0166881) 
134 (7.64351e-09,-0.016564) (-7.64351e-09,-0.016564) 
135 (7.4198e-09,-0.0164418) (-7.4198e-09,-0.0164418) 
136 (7.20487e-09,-0.0163214) (-7.20487e-09,-0.0163214) 
137 (6.99828e-09,-0.0162027) (-6.99828e-09,-0.0162027) 
138 (6.79927e-09,-0.0160858) (-6.79927e-09,-0.0160858) 
139 (6.60736e-09,-0.0159705) (-6.60736e-09,-0.0159705) 
140 (6.42218e-09,-0.0158569) (-6.42218e-09,-0.0158569) 
141 (6.24345e-09,-0.0157448) (-6.24345e-09,-0.0157448) 
142 (6.07081e-09,-0.0156344) (-6.07081e-09,-0.0156344) 
143 (5.90386e-09,-0.0155254) (-5.90386e-09,-0.0155254) 
144 (5.74214e-09,-0.015418) (-5.74214e-09,-0.015418) 
145 (5.58548e-09,-0.0153121) (-5.58548e-09,-0.0153121) 
146 (5.43392e-09,-0.0152076) (-5.43392e-09,-0.0152076) 
147 (5.28742e-09,-0.0151045) (-5.28742e-09,-0.0151045) 
148 (5.14585e-09,-0.0150028) (-5.14585e-09,-0.0150028) 
149 (5.00901e-09,-0.0149025) (-5.00901e-09,-0.0149025) 
150 (4.87675e-09,-0.0148035) (-4.87675e-09,-0.0148035) 
151 (4.74897e-09,-0.0147058) (-4.74897e-09,-0.0147058) 
152 (4.62569e-09,-0.0146094) (-4.62569e-09,-0.0146094) 
153 (4.50669e-09,-0.0145142) (-4.50669e-09,-0.0145142) 
154 (4.39162e-09,-0.0144203) (-4.39162e-09,-0.0144203) 
155 (4.28023e-09,-0.0143276) (-4.28023e-09,-0.0143276) 
156 (4.17236e-09,-0.0142361) (-4.17236e-09,-0.0142361) 
157 (4.06787e-09,-0.0141457) (-4.06787e-09,-0.0141457) 
158 (3.96659e-09,-0.0140565) (-3.96659e-09,-0.0140565) 
159 (3.86831e-09,-0.0139684) (-3.86831e-09,-0.0139684) 
160 (3.77281e-09,-0.0138813) (-3.77281e-09,-0.0138813) 
161 (3.68001e-09,-0.0137954) (-3.68001e-09,-0.0137954) 
162 (3.58993e-09,-0.0137105) (-3.58993e-09,-0.0137105) 
163 (3.50256e-09,-0.0136267) (-3.50256e-09,-0.0136267) 
164 (3.41785e-09,-0.0135439) (-3.41785e-09,-0.0135439) 
165 (3.3357e-09,-0.013462) (-3.3357e-09,-0.013462) 
166 (3.25603e-09,-0.0133812) (-3.25603e-09,-0.0133812) 
167 (3.17881e-09,-0.0133013) (-3.17881e-09,-0.0133013) 
168 (3.10404e-09,-0.0132224) (-3.10404e-09,-0.0132224) 
169 (3.03164e-09,-0.0131444) (-3.03164e-09,-0.0131444) 
170 (2.9614e-09,-0.0130673) (-2.9614e-09,-0.0130673) 
171 (2.89321e-09,-0.0129911) (-2.89321e-09,-0.0129911) 
172 (2.82697e-09,-0.0129158) (-2.82697e-09,-0.0129158) 
173 (2.76261e-09,-0.0128414) (-2.76261e-09,-0.0128414) 
174 (2.70006e-09,-0.0127678) (-2.70006e-09,-0.0127678) 
175 (2.63919e-09,-0.0126951) (-2.63919e-09,-0.0126951) 
176 (2.57989e-09,-0.0126232) (-2.57989e-09,-0.0126232) 
177 (2.52212e-09,-0.0125521) (-2.52212e-09,-0.0125521) 
178 (2.46588e-09,-0.0124818) (-2.46588e-09,-0.0124818) 
179 (2.4112e-09,-0.0124122) (-2.4112e-09,-0.0124122) 
180 (2.35802e-09,-0.0123435) (-2.35802e-09,-0.0123435) 
181 (2.30631e-09,-0.0122755) (-2.30631e-09,-0.0122755) 
182 (2.25603e-09,-0.0122082) (-2.25603e-09,-0.0122082) 
183 (2.20716e-09,-0.0121417) (-2.20716e-09,-0.0121417) 
184 (2.15971e-09,-0.0120759) (-2.15971e-09,-0.0120759) 
185 (2.11363e-09,-0.0120108) (-2.11363e-09,-0.0120108) 
186 (2.06882e-09,-0.0119464) (-2.06882e-09,-0.0119464) 
187 (2.02519e-09,-0.0118827) (-2.02519e-09,-0.0118827) 
188 (1.98271e-09,-0.0118197) (-1.98271e-09,-0.0118197) 
189 (1.94135e-09,-0.0117573) (-1.94135e-09,-0.0117573) 
190 (1.90104e-09,-0.0116956) (-1.90104e-09,-0.0116956) 
191 (1.86173e-09,-0.0116346) (-1.86173e-09,-0.0116346) 
192 (1.82335e-09,-0.0115741) (-1.82335e-09,-0.0115741) 
193 (1.78587e-09,-0.0115143) (-1.78587e-09,-0.0115143) 
194 (1.74931e-09,-0.0114551) (-1.74931e-09,-0.0114551) 
195 (1.71368e-09,-0.0113965) (-1.71368e-09,-0.0113965) 
196 (1.67895e-09,-0.0113386) (-1.67895e-09,-0.0113386) 
197 (1.6451e-09,-0.0112812) (-1.6451e-09,-0.0112812) 
198 (1.61211e-09,-0.0112243) (-1.61211e-09,-0.0112243) 
199 (1.57997e-09,-0.0111681) (-1.57997e-09,-0.0111681) 
200 (1.54869e-09,-0.0111124) (-1.54869e-09,-0.0111124) 
201 (1.51825e-09,-0.0110572) (-1.51825e-09,-0.0110572) 
202 (1.48857e-09,-0.0110026) (-1.48857e-09,-0.0110026) 
203 (1.45962e-09,-0.0109486) (-1.45962e-09,-0.0109486) 
204 (1.43138e-09,-0.010895) (-1.43138e-09,-0.010895) 
205 (1.40381e-09,-0.010842) (-1.40381e-09,-0.010842) 
206 (1.3769e-09,-0.0107895) (-1.3769e-09,-0.0107895) 
207 (1.3506e-09,-0.0107375) (-1.3506e-09,-0.0107375) 
208 (1.32488e-09,-0.0106861) (-1.32488e-09,-0.0106861) 
209 (1.29972e-09,-0.0106351) (-1.29972e-09,-0.0106351) 
210 (1.27513e-09,-0.0105845) (-1.27513e-09,-0.0105845) 
211 (1.25111e-09,-0.0105345) (-1.25111e-09,-0.0105345) 
212 (1.22765e-09,-0.0104849) (-1.22765e-09,-0.0104849) 
213 (1.20475e-09,-0.0104358) (-1.20475e-09,-0.0104358) 
214 (1.18238e-09,-0.0103872) (-1.18238e-09,-0.0103872) 
215 (1.16055e-09,-0.010339) (-1.16055e-09,-0.010339) 
216 (1.13926e-09,-0.0102912) (-1.13926e-09,-0.0102912) 
217 (1.1185e-09,-0.0102439) (-1.1185e-09,-0.0102439) 
218 (1.09822e-09,-0.010197) (-1.09822e-09,-0.010197) 
219 (1.07841e-09,-0.0101506) (-1.07841e-09,-0.0101506) 
220 (1.05904e-09,-0.0101046) (-1.05904e-09,-0.0101046) 
221 (1.0401e-09,-0.0100589) (-1.0401e-09,-0.0100589) 
222 (1.02158e-09,-0.0100137) (-1.02158e-09,-0.0100137) 
223 (1.00345e-09,-0.00996894) (-1.00345e-09,-0.00996894) 
224 (9.85696e-10,-0.00992454) (-9.85696e-10,-0.00992454) 
225 (9.68296e-10,-0.00988053) (-9.68296e-10,-0.00988053) 
226 (9.51264e-10,-0.00983692) (-9.51264e-10,-0.00983692) 
227 (9.34601e-10,-0.00979368) (-9.34601e-10,-0.00979368) 
228 (9.18303e-10,-0.00975082) (-9.18303e-10,-0.00975082) 
229 (9.0236e-10,-0.00970834) (-9.0236e-10,-0.00970834) 
230 (8.86766e-10,-0.00966623) (-8.86766e-10,-0.00966623) 
231 (8.71519e-10,-0.00962448) (-8.71519e-10,-0.00962448) 
232 (8.56624e-10,-0.00958308) (-8.56624e-10,-0.00958308) 
233 (8.42072e-10,-0.00954205) (-8.42072e-10,-0.00954205) 
234 (8.27837e-10,-0.00950136) (-8.27837e-10,-0.00950136) 
235 (8.13906e-10,-0.00946102) (-8.13906e-10,-0.00946102) 
236 (8.00267e-10,-0.00942102) (-8.00267e-10,-0.00942102) 
237 (7.86913e-10,-0.00938135) (-7.86913e-10,-0.00938135) 
238 (7.73833e-10,-0.00934202) (-7.73833e-10,-0.00934202) 
239 (7.61012e-10,-0.00930302) (-7.61012e-10,-0.00930302) 
240 (7.48434e-10,-0.00926434) (-7.48434e-10,-0.00926434) 
241 (7.36094e-10,-0.00922598) (-7.36094e-10,-0.00922598) 
242 (7.23997e-10,-0.00918794) (-7.23997e-10,-0.00918794) 
243 (7.12146e-10,-0.00915021) (-7.12146e-10,-0.00915021) 
244 (7.00536e-10,-0.00911279) (-7.00536e-10,-0.00911279) 
245 (6.89164e-10,-0.00907567) (-6.89164e-10,-0.00907567) 
246 (6.78024e-10,-0.00903886) (-6.78024e-10,-0.00903886) 
247 (6.67116e-10,-0.00900234) (-6.67116e-10,-0.00900234) 
248 (6.56444e-10,-0.00896612) (-6.56444e-10,-0.00896612) 
249 (6.46002e-10,-0.00893018) (-6.46002e-10,-0.00893018) 
250 (6.35774e-10,-0.00889454) (-6.35774e-10,-0.00889454) 
251 (6.25749e-10,-0.00885917) (-6.25749e-10,-0.00885917) 
252 (6.15922e-10,-0.00882409) (-6.15922e-10,-0.00882409) 
253 (6.06287e-10,-0.00878928) (-6.06287e-10,-0.00878928) 
254 (5.96837e-10,-0.00875475) (-5.96837e-10,-0.00875475) 
255 (5.87564e-10,-0.00872049) (-5.87564e-10,-0.00872049) 
256 (5.78455e-10,-0.00868649) (-5.78455e-10,-0.00868649) 
257 (5.69507e-10,-0.00865276) (-5.69507e-10,-0.00865276) 
258 (5.60725e-10,-0.00861929) (-5.60725e-10,-0.00861929) 
259 (5.5211e-10,-0.00858608) (-5.5211e-10,-0.00858608) 
260 (5.43661e-10,-0.00855312) (-5.43661e-10,-0.00855312) 
261 (5.35373e-10,-0.00852041) (-5.35373e-10,-0.00852041) 
262 (5.27245e-10,-0.00848796) (-5.27245e-10,-0.00848796) 
263 (5.19275e-10,-0.00845575) (-5.19275e-10,-0.00845575) 
264 (5.11468e-10,-0.00842378) (-5.11468e-10,-0.00842378) 
265 (5.03818e-10,-0.00839206) (-5.03818e-10,-0.00839206) 
266 (4.96316e-10,-0.00836057) (-4.96316e-10,-0.00836057) 
267 (4.88955e-10,-0.00832932) (-4.88955e-10,-0.00832932) 
268 (4.8173e-10,-0.0082983) (-4.8173e-10,-0.0082983) 
269 (4.74638e-10,-0.00826751) (-4.74638e-10,-0.00826751) 
270 (4.67674e-10,-0.00823695) (-4.67674e-10,-0.00823695) 
271 (4.60833e-10,-0.00820661) (-4.60833e-10,-0.00820661) 
272 (4.54105e-10,-0.00817649) (-4.54105e-10,-0.00817649) 
273 (4.47491e-10,-0.0081466) (-4.47491e-10,-0.0081466) 
274 (4.40991e-10,-0.00811692) (-4.40991e-10,-0.00811692) 
275 (4.34608e-10,-0.00808746) (-4.34608e-10,-0.00808746) 
276 (4.2834e-10,-0.00805822) (-4.2834e-10,-0.00805822) 
277 (4.22186e-10,-0.00802918) (-4.22186e-10,-0.00802918) 
278 (4.16143e-10,-0.00800035) (-4.16143e-10,-0.00800035) 
279 (4.10211e-10,-0.00797173) (-4.10211e-10,-0.00797173) 
280 (4.04394e-10,-0.00794331) (-4.04394e-10,-0.00794331) 
281 (3.98687e-10,-0.0079151) (-3.98687e-10,-0.0079151) 
282 (3.93084e-10,-0.00788708) (-3.93084e-10,-0.00788708) 
283 (3.8758e-10,-0.00785926) (-3.8758e-10,-0.00785926) 
284 (3.82172e-10,-0.00783164) (-3.82172e-10,-0.00783164) 
285 (3.76859e-10,-0.00780421) (-3.76859e-10,-0.00780421) 
286 (3.71636e-10,-0.00777697) (-3.71636e-10,-0.00777697) 
287 (3.665e-10,-0.00774992) (-3.665e-10,-0.00774992) 
288 (3.61445e-10,-0.00772306) (-3.61445e-10,-0.00772306) 
289 (3.5647e-10,-0.00769638) (-3.5647e-10,-0.00769638) 
290 (3.51577e-10,-0.00766989) (-3.51577e-10,-0.00766989) 
291 (3.46767e-10,-0.00764358) (-3.46767e-10,-0.00764358) 
292 (3.42038e-10,-0.00761745) (-3.42038e-10,-0.00761745) 
293 (3.37391e-10,-0.0075915) (-3.37391e-10,-0.0075915) 
294 (3.32823e-10,-0.00756572) (-3.32823e-10,-0.00756572) 
295 (3.28335e-10,-0.00754012) (-3.28335e-10,-0.00754012) 
296 (3.23929e-10,-0.00751469) (-3.23929e-10,-0.00751469) 
297 (3.19602e-10,-0.00748943) (-3.19602e-10,-0.00748943) 
298 (3.15349e-10,-0.00746435) (-3.15349e-10,-0.00746435) 
299 (3.11168e-10,-0.00743942) (-3.11168e-10,-0.00743942) 
300 (3.07056e-10,-0.00741467) (-3.07056e-10,-0.00741467) 
301 (3.03012e-10,-0.00739008) (-3.03012e-10,-0.00739008) 
302 (2.99033e-10,-0.00736565) (-2.99033e-10,-0.00736565) 
303 (2.95117e-10,-0.00734138) (-2.95117e-10,-0.00734138) 
304 (2.91259e-10,-0.00731727) (-2.91259e-10,-0.00731727) 
305 (2.87459e-10,-0.00729332) (-2.87459e-10,-0.00729332) 
306 (2.83719e-10,-0.00726953) (-2.83719e-10,-0.00726953) 
307 (2.80038e-10,-0.00724589) (-2.80038e-10,-0.00724589) 
308 (2.76417e-10,-0.0072224) (-2.76417e-10,-0.0072224) 
309 (2.72855e-10,-0.00719907) (-2.72855e-10,-0.00719907) 
310 (2.69351e-10,-0.00717588) (-2.69351e-10,-0.00717588) 
311 (2.65904e-10,-0.00715285) (-2.65904e-10,-0.00715285) 
312 (2.62518e-10,-0.00712996) (-2.62518e-10,-0.00712996) 
313 (2.59189e-10,-0.00710722) (-2.59189e-10,-0.00710722) 
314 (2.55914e-10,-0.00708462) (-2.55914e-10,-0.00708462) 
315 (2.52692e-10,-0.00706217) (-2.52692e-10,-0.00706217) 
316 (2.4952e-10,-0.00703985) (-2.4952e-10,-0.00703985) 
317 (2.46398e-10,-0.00701768) (-2.46398e-10,-0.00701768) 
318 (2.43325e-10,-0.00699565) (-2.43325e-10,-0.00699565) 
319 (2.40297e-10,-0.00697376) (-2.40297e-10,-0.00697376) 
320 (2.37312e-10,-0.006952) (-2.37312e-10,-0.006952) 
321 (2.34369e-10,-0.00693038) (-2.34369e-10,-0.00693038) 
322 (2.3147e-10,-0.00690889) (-2.3147e-10,-0.00690889) 
323 (2.28616e-10,-0.00688753) (-2.28616e-10,-0.00688753) 
324 (2.25805e-10,-0.00686631) (-2.25805e-10,-0.00686631) 
325 (2.23038e-10,-0.00684521) (-2.23038e-10,-0.00684521) 
326 (2.20313e-10,-0.00682425) (-2.20313e-10,-0.00682425) 
327 (2.17631e-10,-0.00680341) (-2.17631e-10,-0.00680341) 
328 (2.14994e-10,-0.0067827) (-2.14994e-10,-0.0067827) 
329 (2.12399e-10,-0.00676212) (-2.12399e-10,-0.00676212) 
330 (2.09845e-10,-0.00674166) (-2.09845e-10,-0.00674166) 
331 (2.07329e-10,-0.00672132) (-2.07329e-10,-0.00672132) 
332 (2.04851e-10,-0.00670111) (-2.04851e-10,-0.00670111) 
333 (2.02411e-10,-0.00668102) (-2.02411e-10,-0.00668102) 
334 (2.00006e-10,-0.00666105) (-2.00006e-10,-0.00666105) 
335 (1.97635e-10,-0.00664119) (-1.97635e-10,-0.00664119) 
336 (1.95296e-10,-0.00662146) (-1.95296e-10,-0.00662146) 
337 (1.92989e-10,-0.00660184) (-1.92989e-10,-0.00660184) 
338 (1.90714e-10,-0.00658234) (-1.90714e-10,-0.00658234) 
339 (1.88473e-10,-0.00656295) (-1.88473e-10,-0.00656295) 
340 (1.86264e-10,-0.00654368) (-1.86264e-10,-0.00654368) 
341 (1.84088e-10,-0.00652451) (-1.84088e-10,-0.00652451) 
342 (1.81944e-10,-0.00650547) (-1.81944e-10,-0.00650547) 
343 (1.79832e-10,-0.00648653) (-1.79832e-10,-0.00648653) 
344 (1.77754e-10,-0.0064677) (-1.77754e-10,-0.0064677) 
345 (1.75707e-10,-0.00644898) (-1.75707e-10,-0.00644898) 
346 (1.73691e-10,-0.00643037) (-1.73691e-10,-0.00643037) 
347 (1.71704e-10,-0.00641187) (-1.71704e-10,-0.00641187) 
348 (1.69746e-10,-0.00639347) (-1.69746e-10,-0.00639347) 
349 (1.67815e-10,-0.00637518) (-1.67815e-10,-0.00637518) 
350 (1.65912e-10,-0.00635699) (-1.65912e-10,-0.00635699) 
351 (1.64034e-10,-0.0063389) (-1.64034e-10,-0.0063389) 
352 (1.6218e-10,-0.00632092) (-1.6218e-10,-0.00632092) 
353 (1.60351e-10,-0.00630304) (-1.60351e-10,-0.00630304) 
354 (1.58546e-10,-0.00628526) (-1.58546e-10,-0.00628526) 
355 (1.56766e-10,-0.00626758) (-1.56766e-10,-0.00626758) 
356 (1.55012e-10,-0.00625) (-1.55012e-10,-0.00625) 
357 (1.53282e-10,-0.00623252) (-1.53282e-10,-0.00623252) 
358 (1.51576e-10,-0.00621514) (-1.51576e-10,-0.00621514) 
359 (1.49895e-10,-0.00619785) (-1.49895e-10,-0.00619785) 
360 (1.48238e-10,-0.00618066) (-1.48238e-10,-0.00618066) 
361 (1.46607e-10,-0.00616356) (-1.46607e-10,-0.00616356) 
362 (1.44999e-10,-0.00614656) (-1.44999e-10,-0.00614656) 
363 (1.43413e-10,-0.00612965) (-1.43413e-10,-0.00612965) 
364 (1.41848e-10,-0.00611283) (-1.41848e-10,-0.00611283) 
365 (1.40305e-10,-0.00609611) (-1.40305e-10,-0.00609611) 
366 (1.38783e-10,-0.00607948) (-1.38783e-10,-0.00607948) 
367 (1.3728e-10,-0.00606293) (-1.3728e-10,-0.00606293) 
368 (1.35796e-10,-0.00604648) (-1.35796e-10,-0.00604648) 
369 (1.3433e-10,-0.00603012) (-1.3433e-10,-0.00603012) 
370 (1.32883e-10,-0.00601384) (-1.32883e-10,-0.00601384) 
371 (1.31456e-10,-0.00599766) (-1.31456e-10,-0.00599766) 
372 (1.30047e-10,-0.00598156) (-1.30047e-10,-0.00598156) 
373 (1.28658e-10,-0.00596554) (-1.28658e-10,-0.00596554) 
374 (1.27287e-10,-0.00594961) (-1.27287e-10,-0.00594961) 
375 (1.25935e-10,-0.00593377) (-1.25935e-10,-0.00593377) 
376 (1.24603e-10,-0.00591801) (-1.24603e-10,-0.00591801) 
377 (1.23289e-10,-0.00590233) (-1.23289e-10,-0.00590233) 
378 (1.21994e-10,-0.00588674) (-1.21994e-10,-0.00588674) 
379 (1.20715e-10,-0.00587123) (-1.20715e-10,-0.00587123) 
380 (1.19453e-10,-0.0058558) (-1.19453e-10,-0.0058558) 
381 (1.18208e-10,-0.00584045) (-1.18208e-10,-0.00584045) 
382 (1.16979e-10,-0.00582518) (-1.16979e-10,-0.00582518) 
383 (1.15765e-10,-0.00580999) (-1.15765e-10,-0.00580999) 
384 (1.14565e-10,-0.00579488) (-1.14565e-10,-0.00579488) 
385 (1.1338e-10,-0.00577985) (-1.1338e-10,-0.00577985) 
386 (1.12209e-10,-0.0057649) (-1.12209e-10,-0.0057649) 
387 (1.11053e-10,-0.00575002) (-1.11053e-10,-0.00575002) 
388 (1.09912e-10,-0.00573522) (-1.09912e-10,-0.00573522) 
389 (1.08786e-10,-0.00572049) (-1.08786e-10,-0.00572049) 
390 (1.07675e-10,-0.00570585) (-1.07675e-10,-0.00570585) 
391 (1.06578e-10,-0.00569127) (-1.06578e-10,-0.00569127) 
392 (1.05496e-10,-0.00567677) (-1.05496e-10,-0.00567677) 
393 (1.04429e-10,-0.00566235) (-1.04429e-10,-0.00566235) 
394 (1.03375e-10,-0.00564799) (-1.03375e-10,-0.00564799) 
395 (1.02335e-10,-0.00563371) (-1.02335e-10,-0.00563371) 
396 (1.01309e-10,-0.00561951) (-1.01309e-10,-0.00561951) 
397 (1.00295e-10,-0.00560537) (-1.00295e-10,-0.00560537) 
398 (9.92936e-11,-0.0055913) (-9.92936e-11,-0.0055913) 
399 (9.83041e-11,-0.00557731) (-9.83041e-11,-0.00557731) 
400 (9.7326e-11,-0.00556338) (-9.7326e-11,-0.00556338) 
401 (9.6359e-11,-0.00554953) (-9.6359e-11,-0.00554953) 
402 (9.54035e-11,-0.00553574) (-9.54035e-11,-0.00553574) 
403 (9.44597e-11,-0.00552202) (-9.44597e-11,-0.00552202) 
404 (9.35276e-11,-0.00550837) (-9.35276e-11,-0.00550837) 
405 (9.2607e-11,-0.00549479) (-9.2607e-11,-0.00549479) 
406 (9.16979e-11,-0.00548127) (-9.16979e-11,-0.00548127) 
407 (9.08002e-11,-0.00546782) (-9.08002e-11,-0.00546782) 
408 (8.99145e-11,-0.00545443) (-8.99145e-11,-0.00545443) 
409 (8.90403e-11,-0.00544111) (-8.90403e-11,-0.00544111) 
410 (8.81771e-11,-0.00542786) (-8.81771e-11,-0.00542786) 
411 (8.73245e-11,-0.00541467) (-8.73245e-11,-0.00541467) 
412 (8.64822e-11,-0.00540154) (-8.64822e-11,-0.00540154) 
413 (8.565e-11,-0.00538848) (-8.565e-11,-0.00538848) 
414 (8.48277e-11,-0.00537548) (-8.48277e-11,-0.00537548) 
415 (8.40148e-11,-0.00536254) (-8.40148e-11,-0.00536254) 
416 (8.32109e-11,-0.00534967) (-8.32109e-11,-0.00534967) 
417 (8.24157e-11,-0.00533686) (-8.24157e-11,-0.00533686) 
418 (8.16297e-11,-0.0053241) (-8.16297e-11,-0.0053241) 
419 (8.08529e-11,-0.00531141) (-8.08529e-11,-0.00531141) 
420 (8.00853e-11,-0.00529878) (-8.00853e-11,-0.00529878) 
421 (7.93269e-11,-0.00528621) (-7.93269e-11,-0.00528621) 
422 (7.85776e-11,-0.0052737) (-7.85776e-11,-0.0052737) 
423 (7.78373e-11,-0.00526125) (-7.78373e-11,-0.00526125) 
424 (7.71065e-11,-0.00524885) (-7.71065e-11,-0.00524885) 
425 (7.63849e-11,-0.00523652) (-7.63849e-11,-0.00523652) 
426 (7.56721e-11,-0.00522424) (-7.56721e-11,-0.00522424) 
427 (7.49676e-11,-0.00521202) (-7.49676e-11,-0.00521202) 
428 (7.42713e-11,-0.00519986) (-7.42713e-11,-0.00519986) 
429 (7.35832e-11,-0.00518775) (-7.35832e-11,-0.00518775) 
430 (7.29028e-11,-0.0051757) (-7.29028e-11,-0.0051757) 
431 (7.223e-11,-0.00516371) (-7.223e-11,-0.00516371) 
432 (7.15643e-11,-0.00515177) (-7.15643e-11,-0.00515177) 
433 (7.09057e-11,-0.00513988) (-7.09057e-11,-0.00513988) 
434 (7.02542e-11,-0.00512806) (-7.02542e-11,-0.00512806) 
435 (6.96102e-11,-0.00511628) (-6.96102e-11,-0.00511628) 
436 (6.89736e-11,-0.00510456) (-6.89736e-11,-0.00510456) 
437 (6.83442e-11,-0.00509289) (-6.83442e-11,-0.00509289) 
438 (6.77221e-11,-0.00508128) (-6.77221e-11,-0.00508128) 
439 (6.71073e-11,-0.00506972) (-6.71073e-11,-0.00506972) 
440 (6.65e-11,-0.00505821) (-6.65e-11,-0.00505821) 
441 (6.59002e-11,-0.00504675) (-6.59002e-11,-0.00504675) 
442 (6.53073e-11,-0.00503535) (-6.53073e-11,-0.00503535) 
443 (6.47211e-11,-0.00502399) (-6.47211e-11,-0.00502399) 
444 (6.41416e-11,-0.00501269) (-6.41416e-11,-0.00501269) 
445 (6.35685e-11,-0.00500144) (-6.35685e-11,-0.00500144) 
446 (6.30017e-11,-0.00499024) (-6.30017e-11,-0.00499024) 
447 (6.2441e-11,-0.00497909) (-6.2441e-11,-0.00497909) 
448 (6.1886e-11,-0.00496799) (-6.1886e-11,-0.00496799) 
449 (6.13366e-11,-0.00495693) (-6.13366e-11,-0.00495693) 
450 (6.0793e-11,-0.00494593) (-6.0793e-11,-0.00494593) 
451 (6.02555e-11,-0.00493498) (-6.02555e-11,-0.00493498) 
452 (5.97238e-11,-0.00492407) (-5.97238e-11,-0.00492407) 
453 (5.91981e-11,-0.00491321) (-5.91981e-11,-0.00491321) 
454 (5.86781e-11,-0.0049024) (-5.86781e-11,-0.0049024) 
455 (5.81641e-11,-0.00489164) (-5.81641e-11,-0.00489164) 
456 (5.76562e-11,-0.00488093) (-5.76562e-11,-0.00488093) 
457 (5.71542e-11,-0.00487026) (-5.71542e-11,-0.00487026) 
458 (5.66578e-11,-0.00485964) (-5.66578e-11,-0.00485964) 
459 (5.61669e-11,-0.00484906) (-5.61669e-11,-0.00484906) 
460 (5.56814e-11,-0.00483853) (-5.56814e-11,-0.00483853) 
461 (5.5201e-11,-0.00482805) (-5.5201e-11,-0.00482805) 
462 (5.47258e-11,-0.00481761) (-5.47258e-11,-0.00481761) 
463 (5.42555e-11,-0.00480721) (-5.42555e-11,-0.00480721) 
464 (5.37898e-11,-0.00479686) (-5.37898e-11,-0.00479686) 
465 (5.33287e-11,-0.00478656) (-5.33287e-11,-0.00478656) 
466 (5.28723e-11,-0.0047763) (-5.28723e-11,-0.0047763) 
467 (5.24207e-11,-0.00476608) (-5.24207e-11,-0.00476608) 
468 (5.19739e-11,-0.00475591) (-5.19739e-11,-0.00475591) 
469 (5.1532e-11,-0.00474578) (-5.1532e-11,-0.00474578) 
470 (5.10947e-11,-0.00473569) (-5.10947e-11,-0.00473569) 
471 (5.06623e-11,-0.00472565) (-5.06623e-11,-0.00472565) 
472 (5.02348e-11,-0.00471565) (-5.02348e-11,-0.00471565) 
473 (4.98121e-11,-0.00470569) (-4.98121e-11,-0.00470569) 
474 (4.93941e-11,-0.00469577) (-4.93941e-11,-0.00469577) 
475 (4.89804e-11,-0.0046859) (-4.89804e-11,-0.0046859) 
476 (4.85712e-11,-0.00467606) (-4.85712e-11,-0.00467606) 
477 (4.81661e-11,-0.00466627) (-4.81661e-11,-0.00466627) 
478 (4.77653e-11,-0.00465652) (-4.77653e-11,-0.00465652) 
479 (4.73684e-11,-0.00464681) (-4.73684e-11,-0.00464681) 
480 (4.69753e-11,-0.00463714) (-4.69753e-11,-0.00463714) 
481 (4.6586e-11,-0.00462751) (-4.6586e-11,-0.00462751) 
482 (4.62005e-11,-0.00461792) (-4.62005e-11,-0.00461792) 
483 (4.58189e-11,-0.00460837) (-4.58189e-11,-0.00460837) 
484 (4.54413e-11,-0.00459886) (-4.54413e-11,-0.00459886) 
485 (4.50676e-11,-0.00458938) (-4.50676e-11,-0.00458938) 
486 (4.46978e-11,-0.00457995) (-4.46978e-11,-0.00457995) 
487 (4.43318e-11,-0.00457056) (-4.43318e-11,-0.00457056) 
488 (4.397e-11,-0.0045612) (-4.397e-11,-0.0045612) 
489 (4.36121e-11,-0.00455188) (-4.36121e-11,-0.00455188) 
490 (4.32579e-11,-0.0045426) (-4.32579e-11,-0.0045426) 
491 (4.29074e-11,-0.00453336) (-4.29074e-11,-0.00453336) 
492 (4.25605e-11,-0.00452416) (-4.25605e-11,-0.00452416) 
493 (4.2217e-11,-0.00451499) (-4.2217e-11,-0.00451499) 
494 (4.1877e-11,-0.00450586) (-4.1877e-11,-0.00450586) 
495 (4.15403e-11,-0.00449676) (-4.15403e-11,-0.00449676) 
496 (4.12066e-11,-0.00448771) (-4.12066e-11,-0.00448771) 
497 (4.0876e-11,-0.00447869) (-4.0876e-11,-0.00447869) 
498 (4.05486e-11,-0.0044697) (-4.05486e-11,-0.0044697) 
499 (4.02245e-11,-0.00446075) (-4.02245e-11,-0.00446075) 
