0 (0,-0.92454) (0,-0.92454) 
1 (0,-0.791764) (0,-0.791764) 
2 (0,-0.681644) (0,-0.681644) 
3 (0,-0.591386) (0,-0.591386) 
4 (0,-0.517743) (0,-0.517743) 
5 (0,-0.457572) (0,-0.457572) 
6 (0,-0.408135) (0,-0.408135) 
7 (0,-0.36719) (0,-0.36719) 
8 (0,-0.332965) (0,-0.332965) 
9 (0,-0.304081) (0,-0.304081) 
10 (0,-0.279474) (0,-0.279474) 
11 (0,-0.258321) (0,-0.258321) 
12 (0,-0.239982) (0,-0.239982) 
13 (0,-0.223959) (0,-0.223959) 
14 (0,-0.209856) (0,-0.209856) 
15 (0,-0.197362) (0,-0.197362) 
16 (0,-0.186225) (0,-0.186225) 
17 (0,-0.176242) (0,-0.176242) 
18 (0,-0.167247) (0,-0.167247) 
19 (0,-0.159104) (0,-0.159104) 
20 (0,-0.1517) (0,-0.1517) 
21 (0,-0.144941) (0,-0.144941) 
22 (0,-0.138748) (0,-0.138748) 
23 (0,-0.133053) (0,-0.133053) 
24 (0,-0.1278) (0,-0.1278) 
25 (0,-0.122941) (0,-0.122941) 
26 (0,-0.118432) (0,-0.118432) 
27 (0,-0.114238) (0,-0.114238) 
28 (0,-0.110328) (0,-0.110328) 
29 (0,-0.106674) (0,-0.106674) 
30 (0,-0.103251) (0,-0.103251) 
31 (0,-0.100039) (0,-0.100039) 
32 (0,-0.0970196) (0,-0.0970196) 
33 (0,-0.0941752) (0,-0.0941752) 
34 (0,-0.0914914) (0,-0.0914914) 
35 (0,-0.0889552) (0,-0.0889552) 
36 (0,-0.0865548) (0,-0.0865548) 
37 (0,-0.0842797) (0,-0.0842797) 
38 (0,-0.0821203) (0,-0.0821203) 
39 (0,-0.0800682) (0,-0.0800682) 
40 (0,-0.0781154) (0,-0.0781154) 
41 (0,-0.0762552) (0,-0.0762552) 
42 (0,-0.074481) (0,-0.074481) 
43 (0,-0.072787) (0,-0.072787) 
44 (0,-0.071168) (0,-0.071168) 
45 (0,-0.0696191) (0,-0.0696191) 
46 (0,-0.0681359) (0,-0.0681359) 
47 (0,-0.0667143) (0,-0.0667143) 
48 (0,-0.0653506) (0,-0.0653506) 
49 (0,-0.0640413) (0,-0.0640413) 
50 (0,-0.0627832) (0,-0.0627832) 
51 (0,-0.0615734) (0,-0.0615734) 
52 (0,-0.0604092) (0,-0.0604092) 
53 (0,-0.059288) (0,-0.059288) 
54 (0,-0.0582076) (0,-0.0582076) 
55 (0,-0.0571657) (0,-0.0571657) 
56 (0,-0.0561603) (0,-0.0561603) 
57 (0,-0.0551896) (0,-0.0551896) 
58 (0,-0.0542518) (0,-0.0542518) 
59 (0,-0.0533452) (0,-0.0533452) 
60 (0,-0.0524684) (0,-0.0524684) 
61 (0,-0.0516198) (0,-0.0516198) 
62 (0,-0.0507982) (0,-0.0507982) 
63 (0,-0.0500022) (0,-0.0500022) 
64 (0,-0.0492308) (0,-0.0492308) 
65 (0,-0.0484827) (0,-0.0484827) 
66 (0,-0.047757) (0,-0.047757) 
67 (0,-0.0470526) (0,-0.0470526) 
68 (0,-0.0463687) (0,-0.0463687) 
69 (0,-0.0457043) (0,-0.0457043) 
70 (0,-0.0450587) (0,-0.0450587) 
71 (0,-0.044431) (0,-0.044431) 
72 (0,-0.0438205) (0,-0.0438205) 
73 (0,-0.0432265) (0,-0.0432265) 
74 (0,-0.0426484) (0,-0.0426484) 
75 (0,-0.0420856) (0,-0.0420856) 
76 (0,-0.0415373) (0,-0.0415373) 
77 (0,-0.0410032) (0,-0.0410032) 
78 (0,-0.0404826) (0,-0.0404826) 
79 (0,-0.039975) (0,-0.039975) 
80 (0,-0.03948) (0,-0.03948) 
81 (0,-0.038997) (0,-0.038997) 
82 (0,-0.0385258) (0,-0.0385258) 
83 (0,-0.0380657) (0,-0.0380657) 
84 (0,-0.0376165) (0,-0.0376165) 
85 (0,-0.0371778) (0,-0.0371778) 
86 (0,-0.0367491) (0,-0.0367491) 
87 (0,-0.0363303) (0,-0.0363303) 
88 (0,-0.0359208) (0,-0.0359208) 
89 (0,-0.0355205) (0,-0.0355205) 
90 (0,-0.035129) (0,-0.035129) 
91 (0,-0.034746) (0,-0.034746) 
92 (0,-0.0343712) (0,-0.0343712) 
93 (0,-0.0340045) (0,-0.0340045) 
94 (0,-0.0336455) (0,-0.0336455) 
95 (0,-0.0332939) (0,-0.0332939) 
96 (0,-0.0329497) (0,-0.0329497) 
97 (0,-0.0326124) (0,-0.0326124) 
98 (0,-0.032282) (0,-0.032282) 
99 (0,-0.0319583) (0,-0.0319583) 
100 (0,-0.0316409) (0,-0.0316409) 
101 (0,-0.0313298) (0,-0.0313298) 
102 (0,-0.0310247) (0,-0.0310247) 
103 (0,-0.0307255) (0,-0.0307255) 
104 (0,-0.0304321) (0,-0.0304321) 
105 (0,-0.0301441) (0,-0.0301441) 
106 (0,-0.0298616) (0,-0.0298616) 
107 (0,-0.0295843) (0,-0.0295843) 
108 (0,-0.0293121) (0,-0.0293121) 
109 (0,-0.0290449) (0,-0.0290449) 
110 (0,-0.0287825) (0,-0.0287825) 
111 (0,-0.0285247) (0,-0.0285247) 
112 (0,-0.0282716) (0,-0.0282716) 
113 (0,-0.0280229) (0,-0.0280229) 
114 (0,-0.0277785) (0,-0.0277785) 
115 (0,-0.0275384) (0,-0.0275384) 
116 (0,-0.0273024) (0,-0.0273024) 
117 (0,-0.0270704) (0,-0.0270704) 
118 (0,-0.0268422) (0,-0.0268422) 
119 (0,-0.0266179) (0,-0.0266179) 
120 (0,-0.0263974) (0,-0.0263974) 
121 (0,-0.0261804) (0,-0.0261804) 
122 (0,-0.025967) (0,-0.025967) 
123 (0,-0.025757) (0,-0.025757) 
124 (0,-0.0255504) (0,-0.0255504) 
125 (0,-0.025347) (0,-0.025347) 
126 (0,-0.0251469) (0,-0.0251469) 
127 (0,-0.0249499) (0,-0.0249499) 
128 (0,-0.024756) (0,-0.024756) 
129 (0,-0.0245651) (0,-0.0245651) 
130 (0,-0.0243771) (0,-0.0243771) 
131 (0,-0.0241919) (0,-0.0241919) 
132 (0,-0.0240095) (0,-0.0240095) 
133 (0,-0.0238299) (0,-0.0238299) 
134 (0,-0.0236529) (0,-0.0236529) 
135 (0,-0.0234786) (0,-0.0234786) 
136 (0,-0.0233067) (0,-0.0233067) 
137 (0,-0.0231374) (0,-0.0231374) 
138 (0,-0.0229705) (0,-0.0229705) 
139 (0,-0.022806) (0,-0.022806) 
140 (0,-0.0226439) (0,-0.0226439) 
141 (0,-0.022484) (0,-0.022484) 
142 (0,-0.0223264) (0,-0.0223264) 
143 (0,-0.022171) (0,-0.022171) 
144 (0,-0.0220177) (0,-0.0220177) 
145 (0,-0.0218665) (0,-0.0218665) 
146 (0,-0.0217174) (0,-0.0217174) 
147 (0,-0.0215703) (0,-0.0215703) 
148 (0,-0.0214252) (0,-0.0214252) 
149 (0,-0.021282) (0,-0.021282) 
150 (0,-0.0211407) (0,-0.0211407) 
151 (0,-0.0210013) (0,-0.0210013) 
152 (0,-0.0208637) (0,-0.0208637) 
153 (0,-0.0207279) (0,-0.0207279) 
154 (0,-0.0205938) (0,-0.0205938) 
155 (0,-0.0204615) (0,-0.0204615) 
156 (0,-0.0203309) (0,-0.0203309) 
157 (0,-0.0202019) (0,-0.0202019) 
158 (0,-0.0200745) (0,-0.0200745) 
159 (0,-0.0199488) (0,-0.0199488) 
160 (0,-0.0198246) (0,-0.0198246) 
161 (0,-0.0197019) (0,-0.0197019) 
162 (0,-0.0195808) (0,-0.0195808) 
163 (0,-0.0194611) (0,-0.0194611) 
164 (0,-0.0193429) (0,-0.0193429) 
165 (0,-0.0192261) (0,-0.0192261) 
166 (0,-0.0191107) (0,-0.0191107) 
167 (0,-0.0189967) (0,-0.0189967) 
168 (0,-0.0188841) (0,-0.0188841) 
169 (0,-0.0187727) (0,-0.0187727) 
170 (0,-0.0186627) (0,-0.0186627) 
171 (0,-0.018554) (0,-0.018554) 
172 (0,-0.0184465) (0,-0.0184465) 
173 (0,-0.0183402) (0,-0.0183402) 
174 (0,-0.0182352) (0,-0.0182352) 
175 (0,-0.0181314) (0,-0.0181314) 
176 (0,-0.0180287) (0,-0.0180287) 
177 (0,-0.0179272) (0,-0.0179272) 
178 (0,-0.0178268) (0,-0.0178268) 
179 (0,-0.0177276) (0,-0.0177276) 
180 (0,-0.0176294) (0,-0.0176294) 
181 (0,-0.0175323) (0,-0.0175323) 
182 (0,-0.0174363) (0,-0.0174363) 
183 (0,-0.0173414) (0,-0.0173414) 
184 (0,-0.0172474) (0,-0.0172474) 
185 (0,-0.0171545) (0,-0.0171545) 
186 (0,-0.0170626) (0,-0.0170626) 
187 (0,-0.0169716) (0,-0.0169716) 
188 (0,-0.0168817) (0,-0.0168817) 
189 (0,-0.0167926) (0,-0.0167926) 
190 (0,-0.0167045) (0,-0.0167045) 
191 (0,-0.0166173) (0,-0.0166173) 
192 (0,-0.0165311) (0,-0.0165311) 
193 (0,-0.0164457) (0,-0.0164457) 
194 (0,-0.0163612) (0,-0.0163612) 
195 (0,-0.0162775) (0,-0.0162775) 
196 (0,-0.0161947) (0,-0.0161947) 
197 (0,-0.0161128) (0,-0.0161128) 
198 (0,-0.0160316) (0,-0.0160316) 
199 (0,-0.0159513) (0,-0.0159513) 
200 (0,-0.0158718) (0,-0.0158718) 
201 (0,-0.0157931) (0,-0.0157931) 
202 (0,-0.0157151) (0,-0.0157151) 
203 (0,-0.0156379) (0,-0.0156379) 
204 (0,-0.0155615) (0,-0.0155615) 
205 (0,-0.0154858) (0,-0.0154858) 
206 (0,-0.0154109) (0,-0.0154109) 
207 (0,-0.0153366) (0,-0.0153366) 
208 (0,-0.0152631) (0,-0.0152631) 
209 (0,-0.0151903) (0,-0.0151903) 
210 (0,-0.0151182) (0,-0.0151182) 
211 (0,-0.0150467) (0,-0.0150467) 
212 (0,-0.0149759) (0,-0.0149759) 
213 (0,-0.0149058) (0,-0.0149058) 
214 (0,-0.0148364) (0,-0.0148364) 
215 (0,-0.0147675) (0,-0.0147675) 
216 (0,-0.0146994) (0,-0.0146994) 
217 (0,-0.0146318) (0,-0.0146318) 
218 (0,-0.0145649) (0,-0.0145649) 
219 (0,-0.0144985) (0,-0.0144985) 
220 (0,-0.0144328) (0,-0.0144328) 
221 (0,-0.0143677) (0,-0.0143677) 
222 (0,-0.0143031) (0,-0.0143031) 
223 (0,-0.0142392) (0,-0.0142392) 
224 (0,-0.0141758) (0,-0.0141758) 
225 (0,-0.0141129) (0,-0.0141129) 
226 (0,-0.0140506) (0,-0.0140506) 
227 (0,-0.0139889) (0,-0.0139889) 
228 (0,-0.0139277) (0,-0.0139277) 
229 (0,-0.013867) (0,-0.013867) 
230 (0,-0.0138069) (0,-0.0138069) 
231 (0,-0.0137473) (0,-0.0137473) 
232 (0,-0.0136882) (0,-0.0136882) 
233 (0,-0.0136296) (0,-0.0136296) 
234 (0,-0.0135715) (0,-0.0135715) 
235 (0,-0.0135139) (0,-0.0135139) 
236 (0,-0.0134568) (0,-0.0134568) 
237 (0,-0.0134001) (0,-0.0134001) 
238 (0,-0.013344) (0,-0.013344) 
239 (0,-0.0132883) (0,-0.0132883) 
240 (0,-0.013233) (0,-0.013233) 
241 (0,-0.0131782) (0,-0.0131782) 
242 (0,-0.0131239) (0,-0.0131239) 
243 (0,-0.01307) (0,-0.01307) 
244 (0,-0.0130166) (0,-0.0130166) 
245 (0,-0.0129636) (0,-0.0129636) 
246 (0,-0.012911) (0,-0.012911) 
247 (0,-0.0128589) (0,-0.0128589) 
248 (0,-0.0128071) (0,-0.0128071) 
249 (0,-0.0127558) (0,-0.0127558) 
250 (0,-0.0127049) (0,-0.0127049) 
251 (0,-0.0126544) (0,-0.0126544) 
252 (0,-0.0126043) (0,-0.0126043) 
253 (0,-0.0125546) (0,-0.0125546) 
254 (0,-0.0125053) (0,-0.0125053) 
255 (0,-0.0124564) (0,-0.0124564) 
256 (0,-0.0124078) (0,-0.0124078) 
257 (0,-0.0123597) (0,-0.0123597) 
258 (0,-0.0123119) (0,-0.0123119) 
259 (0,-0.0122644) (0,-0.0122644) 
260 (0,-0.0122174) (0,-0.0122174) 
261 (0,-0.0121707) (0,-0.0121707) 
262 (0,-0.0121243) (0,-0.0121243) 
263 (0,-0.0120783) (0,-0.0120783) 
264 (0,-0.0120327) (0,-0.0120327) 
265 (0,-0.0119874) (0,-0.0119874) 
266 (0,-0.0119424) (0,-0.0119424) 
267 (0,-0.0118978) (0,-0.0118978) 
268 (0,-0.0118535) (0,-0.0118535) 
269 (0,-0.0118095) (0,-0.0118095) 
270 (0,-0.0117658) (0,-0.0117658) 
271 (0,-0.0117225) (0,-0.0117225) 
272 (0,-0.0116795) (0,-0.0116795) 
273 (0,-0.0116368) (0,-0.0116368) 
274 (0,-0.0115944) (0,-0.0115944) 
275 (0,-0.0115524) (0,-0.0115524) 
276 (0,-0.0115106) (0,-0.0115106) 
277 (0,-0.0114691) (0,-0.0114691) 
278 (0,-0.0114279) (0,-0.0114279) 
279 (0,-0.0113871) (0,-0.0113871) 
280 (0,-0.0113465) (0,-0.0113465) 
281 (0,-0.0113062) (0,-0.0113062) 
282 (0,-0.0112662) (0,-0.0112662) 
283 (0,-0.0112264) (0,-0.0112264) 
284 (0,-0.011187) (0,-0.011187) 
285 (0,-0.0111478) (0,-0.0111478) 
286 (0,-0.0111089) (0,-0.0111089) 
287 (0,-0.0110703) (0,-0.0110703) 
288 (0,-0.0110319) (0,-0.0110319) 
289 (0,-0.0109938) (0,-0.0109938) 
290 (0,-0.010956) (0,-0.010956) 
291 (0,-0.0109184) (0,-0.0109184) 
292 (0,-0.0108811) (0,-0.0108811) 
293 (0,-0.010844) (0,-0.010844) 
294 (0,-0.0108072) (0,-0.0108072) 
295 (0,-0.0107707) (0,-0.0107707) 
296 (0,-0.0107343) (0,-0.0107343) 
297 (0,-0.0106983) (0,-0.0106983) 
298 (0,-0.0106624) (0,-0.0106624) 
299 (0,-0.0106268) (0,-0.0106268) 
300 (0,-0.0105915) (0,-0.0105915) 
301 (0,-0.0105564) (0,-0.0105564) 
302 (0,-0.0105215) (0,-0.0105215) 
303 (0,-0.0104868) (0,-0.0104868) 
304 (0,-0.0104524) (0,-0.0104524) 
305 (0,-0.0104182) (0,-0.0104182) 
306 (0,-0.0103842) (0,-0.0103842) 
307 (0,-0.0103504) (0,-0.0103504) 
308 (0,-0.0103169) (0,-0.0103169) 
309 (0,-0.0102836) (0,-0.0102836) 
310 (0,-0.0102504) (0,-0.0102504) 
311 (0,-0.0102175) (0,-0.0102175) 
312 (0,-0.0101849) (0,-0.0101849) 
313 (0,-0.0101524) (0,-0.0101524) 
314 (0,-0.0101201) (0,-0.0101201) 
315 (0,-0.010088) (0,-0.010088) 
316 (0,-0.0100562) (0,-0.0100562) 
317 (0,-0.0100245) (0,-0.0100245) 
318 (0,-0.00999303) (0,-0.00999303) 
319 (0,-0.00996176) (0,-0.00996176) 
320 (0,-0.00993069) (0,-0.00993069) 
321 (0,-0.0098998) (0,-0.0098998) 
322 (0,-0.00986911) (0,-0.00986911) 
323 (0,-0.00983861) (0,-0.00983861) 
324 (0,-0.0098083) (0,-0.0098083) 
325 (0,-0.00977817) (0,-0.00977817) 
326 (0,-0.00974823) (0,-0.00974823) 
327 (0,-0.00971847) (0,-0.00971847) 
328 (0,-0.00968889) (0,-0.00968889) 
329 (0,-0.00965949) (0,-0.00965949) 
330 (0,-0.00963027) (0,-0.00963027) 
331 (0,-0.00960122) (0,-0.00960122) 
332 (0,-0.00957235) (0,-0.00957235) 
333 (0,-0.00954365) (0,-0.00954365) 
334 (0,-0.00951513) (0,-0.00951513) 
335 (0,-0.00948677) (0,-0.00948677) 
336 (0,-0.00945859) (0,-0.00945859) 
337 (0,-0.00943057) (0,-0.00943057) 
338 (0,-0.00940271) (0,-0.00940271) 
339 (0,-0.00937502) (0,-0.00937502) 
340 (0,-0.00934749) (0,-0.00934749) 
341 (0,-0.00932012) (0,-0.00932012) 
342 (0,-0.00929292) (0,-0.00929292) 
343 (0,-0.00926587) (0,-0.00926587) 
344 (0,-0.00923898) (0,-0.00923898) 
345 (0,-0.00921224) (0,-0.00921224) 
346 (0,-0.00918566) (0,-0.00918566) 
347 (0,-0.00915923) (0,-0.00915923) 
348 (0,-0.00913295) (0,-0.00913295) 
349 (0,-0.00910682) (0,-0.00910682) 
350 (0,-0.00908085) (0,-0.00908085) 
351 (0,-0.00905502) (0,-0.00905502) 
352 (0,-0.00902933) (0,-0.00902933) 
353 (0,-0.00900379) (0,-0.00900379) 
354 (0,-0.0089784) (0,-0.0089784) 
355 (0,-0.00895315) (0,-0.00895315) 
356 (0,-0.00892804) (0,-0.00892804) 
357 (0,-0.00890307) (0,-0.00890307) 
358 (0,-0.00887824) (0,-0.00887824) 
359 (0,-0.00885354) (0,-0.00885354) 
360 (0,-0.00882899) (0,-0.00882899) 
361 (0,-0.00880457) (0,-0.00880457) 
362 (0,-0.00878029) (0,-0.00878029) 
363 (0,-0.00875613) (0,-0.00875613) 
364 (0,-0.00873212) (0,-0.00873212) 
365 (0,-0.00870823) (0,-0.00870823) 
366 (0,-0.00868447) (0,-0.00868447) 
367 (0,-0.00866084) (0,-0.00866084) 
368 (0,-0.00863734) (0,-0.00863734) 
369 (0,-0.00861397) (0,-0.00861397) 
370 (0,-0.00859073) (0,-0.00859073) 
371 (0,-0.0085676) (0,-0.0085676) 
372 (0,-0.00854461) (0,-0.00854461) 
373 (0,-0.00852173) (0,-0.00852173) 
374 (0,-0.00849898) (0,-0.00849898) 
375 (0,-0.00847635) (0,-0.00847635) 
376 (0,-0.00845384) (0,-0.00845384) 
377 (0,-0.00843145) (0,-0.00843145) 
378 (0,-0.00840918) (0,-0.00840918) 
379 (0,-0.00838702) (0,-0.00838702) 
380 (0,-0.00836498) (0,-0.00836498) 
381 (0,-0.00834306) (0,-0.00834306) 
382 (0,-0.00832125) (0,-0.00832125) 
383 (0,-0.00829956) (0,-0.00829956) 
384 (0,-0.00827797) (0,-0.00827797) 
385 (0,-0.0082565) (0,-0.0082565) 
386 (0,-0.00823514) (0,-0.00823514) 
387 (0,-0.00821389) (0,-0.00821389) 
388 (0,-0.00819275) (0,-0.00819275) 
389 (0,-0.00817172) (0,-0.00817172) 
390 (0,-0.0081508) (0,-0.0081508) 
391 (0,-0.00812998) (0,-0.00812998) 
392 (0,-0.00810927) (0,-0.00810927) 
393 (0,-0.00808867) (0,-0.00808867) 
394 (0,-0.00806817) (0,-0.00806817) 
395 (0,-0.00804777) (0,-0.00804777) 
396 (0,-0.00802747) (0,-0.00802747) 
397 (0,-0.00800728) (0,-0.00800728) 
398 (0,-0.00798719) (0,-0.00798719) 
399 (0,-0.0079672) (0,-0.0079672) 
400 (0,-0.00794731) (0,-0.00794731) 
401 (0,-0.00792752) (0,-0.00792752) 
402 (0,-0.00790783) (0,-0.00790783) 
403 (0,-0.00788823) (0,-0.00788823) 
404 (0,-0.00786873) (0,-0.00786873) 
405 (0,-0.00784933) (0,-0.00784933) 
406 (0,-0.00783002) (0,-0.00783002) 
407 (0,-0.00781081) (0,-0.00781081) 
408 (0,-0.00779169) (0,-0.00779169) 
409 (0,-0.00777267) (0,-0.00777267) 
410 (0,-0.00775373) (0,-0.00775373) 
411 (0,-0.00773489) (0,-0.00773489) 
412 (0,-0.00771614) (0,-0.00771614) 
413 (0,-0.00769749) (0,-0.00769749) 
414 (0,-0.00767892) (0,-0.00767892) 
415 (0,-0.00766044) (0,-0.00766044) 
416 (0,-0.00764205) (0,-0.00764205) 
417 (0,-0.00762375) (0,-0.00762375) 
418 (0,-0.00760553) (0,-0.00760553) 
419 (0,-0.0075874) (0,-0.0075874) 
420 (0,-0.00756936) (0,-0.00756936) 
421 (0,-0.00755141) (0,-0.00755141) 
422 (0,-0.00753353) (0,-0.00753353) 
423 (0,-0.00751575) (0,-0.00751575) 
424 (0,-0.00749804) (0,-0.00749804) 
425 (0,-0.00748042) (0,-0.00748042) 
426 (0,-0.00746289) (0,-0.00746289) 
427 (0,-0.00744543) (0,-0.00744543) 
428 (0,-0.00742806) (0,-0.00742806) 
429 (0,-0.00741077) (0,-0.00741077) 
430 (0,-0.00739355) (0,-0.00739355) 
431 (0,-0.00737642) (0,-0.00737642) 
432 (0,-0.00735937) (0,-0.00735937) 
433 (0,-0.00734239) (0,-0.00734239) 
434 (0,-0.0073255) (0,-0.0073255) 
435 (0,-0.00730868) (0,-0.00730868) 
436 (0,-0.00729193) (0,-0.00729193) 
437 (0,-0.00727527) (0,-0.00727527) 
438 (0,-0.00725868) (0,-0.00725868) 
439 (0,-0.00724217) (0,-0.00724217) 
440 (0,-0.00722573) (0,-0.00722573) 
441 (0,-0.00720936) (0,-0.00720936) 
442 (0,-0.00719307) (0,-0.00719307) 
443 (0,-0.00717685) (0,-0.00717685) 
444 (0,-0.00716071) (0,-0.00716071) 
445 (0,-0.00714464) (0,-0.00714464) 
446 (0,-0.00712864) (0,-0.00712864) 
447 (0,-0.00711271) (0,-0.00711271) 
448 (0,-0.00709685) (0,-0.00709685) 
449 (0,-0.00708107) (0,-0.00708107) 
450 (0,-0.00706535) (0,-0.00706535) 
451 (0,-0.0070497) (0,-0.0070497) 
452 (0,-0.00703412) (0,-0.00703412) 
453 (0,-0.00701862) (0,-0.00701862) 
454 (0,-0.00700317) (0,-0.00700317) 
455 (0,-0.0069878) (0,-0.0069878) 
456 (0,-0.0069725) (0,-0.0069725) 
457 (0,-0.00695726) (0,-0.00695726) 
458 (0,-0.00694208) (0,-0.00694208) 
459 (0,-0.00692698) (0,-0.00692698) 
460 (0,-0.00691194) (0,-0.00691194) 
461 (0,-0.00689696) (0,-0.00689696) 
462 (0,-0.00688205) (0,-0.00688205) 
463 (0,-0.0068672) (0,-0.0068672) 
464 (0,-0.00685242) (0,-0.00685242) 
465 (0,-0.0068377) (0,-0.0068377) 
466 (0,-0.00682305) (0,-0.00682305) 
467 (0,-0.00680845) (0,-0.00680845) 
468 (0,-0.00679392) (0,-0.00679392) 
469 (0,-0.00677945) (0,-0.00677945) 
470 (0,-0.00676504) (0,-0.00676504) 
471 (0,-0.0067507) (0,-0.0067507) 
472 (0,-0.00673641) (0,-0.00673641) 
473 (0,-0.00672219) (0,-0.00672219) 
474 (0,-0.00670802) (0,-0.00670802) 
475 (0,-0.00669391) (0,-0.00669391) 
476 (0,-0.00667987) (0,-0.00667987) 
477 (0,-0.00666588) (0,-0.00666588) 
478 (0,-0.00665195) (0,-0.00665195) 
479 (0,-0.00663808) (0,-0.00663808) 
480 (0,-0.00662426) (0,-0.00662426) 
481 (0,-0.00661051) (0,-0.00661051) 
482 (0,-0.00659681) (0,-0.00659681) 
483 (0,-0.00658317) (0,-0.00658317) 
484 (0,-0.00656958) (0,-0.00656958) 
485 (0,-0.00655605) (0,-0.00655605) 
486 (0,-0.00654257) (0,-0.00654257) 
487 (0,-0.00652916) (0,-0.00652916) 
488 (0,-0.00651579) (0,-0.00651579) 
489 (0,-0.00650248) (0,-0.00650248) 
490 (0,-0.00648922) (0,-0.00648922) 
491 (0,-0.00647602) (0,-0.00647602) 
492 (0,-0.00646287) (0,-0.00646287) 
493 (0,-0.00644978) (0,-0.00644978) 
494 (0,-0.00643674) (0,-0.00643674) 
495 (0,-0.00642375) (0,-0.00642375) 
496 (0,-0.00641081) (0,-0.00641081) 
497 (0,-0.00639793) (0,-0.00639793) 
498 (0,-0.00638509) (0,-0.00638509) 
499 (0,-0.00637231) (0,-0.00637231) 
500 (0,-0.00635958) (0,-0.00635958) 
501 (0,-0.0063469) (0,-0.0063469) 
502 (0,-0.00633427) (0,-0.00633427) 
503 (0,-0.00632169) (0,-0.00632169) 
504 (0,-0.00630916) (0,-0.00630916) 
505 (0,-0.00629668) (0,-0.00629668) 
506 (0,-0.00628425) (0,-0.00628425) 
507 (0,-0.00627187) (0,-0.00627187) 
508 (0,-0.00625954) (0,-0.00625954) 
509 (0,-0.00624725) (0,-0.00624725) 
510 (0,-0.00623501) (0,-0.00623501) 
511 (0,-0.00622283) (0,-0.00622283) 
512 (0,-0.00621069) (0,-0.00621069) 
513 (0,-0.00619859) (0,-0.00619859) 
514 (0,-0.00618654) (0,-0.00618654) 
515 (0,-0.00617454) (0,-0.00617454) 
516 (0,-0.00616259) (0,-0.00616259) 
517 (0,-0.00615068) (0,-0.00615068) 
518 (0,-0.00613882) (0,-0.00613882) 
519 (0,-0.00612701) (0,-0.00612701) 
520 (0,-0.00611524) (0,-0.00611524) 
521 (0,-0.00610351) (0,-0.00610351) 
522 (0,-0.00609183) (0,-0.00609183) 
523 (0,-0.00608019) (0,-0.00608019) 
524 (0,-0.0060686) (0,-0.0060686) 
525 (0,-0.00605705) (0,-0.00605705) 
526 (0,-0.00604555) (0,-0.00604555) 
527 (0,-0.00603409) (0,-0.00603409) 
528 (0,-0.00602267) (0,-0.00602267) 
529 (0,-0.0060113) (0,-0.0060113) 
530 (0,-0.00599997) (0,-0.00599997) 
531 (0,-0.00598868) (0,-0.00598868) 
532 (0,-0.00597744) (0,-0.00597744) 
533 (0,-0.00596623) (0,-0.00596623) 
534 (0,-0.00595507) (0,-0.00595507) 
535 (0,-0.00594395) (0,-0.00594395) 
536 (0,-0.00593287) (0,-0.00593287) 
537 (0,-0.00592184) (0,-0.00592184) 
538 (0,-0.00591084) (0,-0.00591084) 
539 (0,-0.00589989) (0,-0.00589989) 
540 (0,-0.00588897) (0,-0.00588897) 
541 (0,-0.0058781) (0,-0.0058781) 
542 (0,-0.00586726) (0,-0.00586726) 
543 (0,-0.00585647) (0,-0.00585647) 
544 (0,-0.00584571) (0,-0.00584571) 
545 (0,-0.005835) (0,-0.005835) 
546 (0,-0.00582432) (0,-0.00582432) 
547 (0,-0.00581368) (0,-0.00581368) 
548 (0,-0.00580308) (0,-0.00580308) 
549 (0,-0.00579252) (0,-0.00579252) 
550 (0,-0.005782) (0,-0.005782) 
551 (0,-0.00577152) (0,-0.00577152) 
552 (0,-0.00576107) (0,-0.00576107) 
553 (0,-0.00575067) (0,-0.00575067) 
554 (0,-0.0057403) (0,-0.0057403) 
555 (0,-0.00572996) (0,-0.00572996) 
556 (0,-0.00571967) (0,-0.00571967) 
557 (0,-0.00570941) (0,-0.00570941) 
558 (0,-0.00569919) (0,-0.00569919) 
559 (0,-0.005689) (0,-0.005689) 
560 (0,-0.00567885) (0,-0.00567885) 
561 (0,-0.00566874) (0,-0.00566874) 
562 (0,-0.00565866) (0,-0.00565866) 
563 (0,-0.00564862) (0,-0.00564862) 
564 (0,-0.00563861) (0,-0.00563861) 
565 (0,-0.00562864) (0,-0.00562864) 
566 (0,-0.00561871) (0,-0.00561871) 
567 (0,-0.00560881) (0,-0.00560881) 
568 (0,-0.00559894) (0,-0.00559894) 
569 (0,-0.00558911) (0,-0.00558911) 
570 (0,-0.00557932) (0,-0.00557932) 
571 (0,-0.00556955) (0,-0.00556955) 
572 (0,-0.00555983) (0,-0.00555983) 
573 (0,-0.00555013) (0,-0.00555013) 
574 (0,-0.00554047) (0,-0.00554047) 
575 (0,-0.00553085) (0,-0.00553085) 
576 (0,-0.00552125) (0,-0.00552125) 
577 (0,-0.00551169) (0,-0.00551169) 
578 (0,-0.00550217) (0,-0.00550217) 
579 (0,-0.00549267) (0,-0.00549267) 
580 (0,-0.00548321) (0,-0.00548321) 
581 (0,-0.00547378) (0,-0.00547378) 
582 (0,-0.00546438) (0,-0.00546438) 
583 (0,-0.00545502) (0,-0.00545502) 
584 (0,-0.00544569) (0,-0.00544569) 
585 (0,-0.00543639) (0,-0.00543639) 
586 (0,-0.00542712) (0,-0.00542712) 
587 (0,-0.00541788) (0,-0.00541788) 
588 (0,-0.00540868) (0,-0.00540868) 
589 (0,-0.0053995) (0,-0.0053995) 
590 (0,-0.00539036) (0,-0.00539036) 
591 (0,-0.00538125) (0,-0.00538125) 
592 (0,-0.00537216) (0,-0.00537216) 
593 (0,-0.00536311) (0,-0.00536311) 
594 (0,-0.00535409) (0,-0.00535409) 
595 (0,-0.0053451) (0,-0.0053451) 
596 (0,-0.00533614) (0,-0.00533614) 
597 (0,-0.00532721) (0,-0.00532721) 
598 (0,-0.00531831) (0,-0.00531831) 
599 (0,-0.00530944) (0,-0.00530944) 
600 (0,-0.0053006) (0,-0.0053006) 
601 (0,-0.00529179) (0,-0.00529179) 
602 (0,-0.005283) (0,-0.005283) 
603 (0,-0.00527425) (0,-0.00527425) 
604 (0,-0.00526553) (0,-0.00526553) 
605 (0,-0.00525683) (0,-0.00525683) 
606 (0,-0.00524816) (0,-0.00524816) 
607 (0,-0.00523953) (0,-0.00523953) 
608 (0,-0.00523091) (0,-0.00523091) 
609 (0,-0.00522233) (0,-0.00522233) 
610 (0,-0.00521378) (0,-0.00521378) 
611 (0,-0.00520525) (0,-0.00520525) 
612 (0,-0.00519676) (0,-0.00519676) 
613 (0,-0.00518829) (0,-0.00518829) 
614 (0,-0.00517984) (0,-0.00517984) 
615 (0,-0.00517143) (0,-0.00517143) 
616 (0,-0.00516304) (0,-0.00516304) 
617 (0,-0.00515468) (0,-0.00515468) 
618 (0,-0.00514635) (0,-0.00514635) 
619 (0,-0.00513804) (0,-0.00513804) 
620 (0,-0.00512976) (0,-0.00512976) 
621 (0,-0.00512151) (0,-0.00512151) 
622 (0,-0.00511328) (0,-0.00511328) 
623 (0,-0.00510508) (0,-0.00510508) 
624 (0,-0.0050969) (0,-0.0050969) 
625 (0,-0.00508876) (0,-0.00508876) 
626 (0,-0.00508063) (0,-0.00508063) 
627 (0,-0.00507254) (0,-0.00507254) 
628 (0,-0.00506447) (0,-0.00506447) 
629 (0,-0.00505642) (0,-0.00505642) 
630 (0,-0.0050484) (0,-0.0050484) 
631 (0,-0.00504041) (0,-0.00504041) 
632 (0,-0.00503244) (0,-0.00503244) 
633 (0,-0.0050245) (0,-0.0050245) 
634 (0,-0.00501658) (0,-0.00501658) 
635 (0,-0.00500868) (0,-0.00500868) 
636 (0,-0.00500082) (0,-0.00500082) 
637 (0,-0.00499297) (0,-0.00499297) 
638 (0,-0.00498515) (0,-0.00498515) 
639 (0,-0.00497736) (0,-0.00497736) 
640 (0,-0.00496959) (0,-0.00496959) 
641 (0,-0.00496184) (0,-0.00496184) 
642 (0,-0.00495412) (0,-0.00495412) 
643 (0,-0.00494642) (0,-0.00494642) 
644 (0,-0.00493875) (0,-0.00493875) 
645 (0,-0.00493109) (0,-0.00493109) 
646 (0,-0.00492347) (0,-0.00492347) 
647 (0,-0.00491586) (0,-0.00491586) 
648 (0,-0.00490828) (0,-0.00490828) 
649 (0,-0.00490073) (0,-0.00490073) 
650 (0,-0.00489319) (0,-0.00489319) 
651 (0,-0.00488568) (0,-0.00488568) 
652 (0,-0.0048782) (0,-0.0048782) 
653 (0,-0.00487073) (0,-0.00487073) 
654 (0,-0.00486329) (0,-0.00486329) 
655 (0,-0.00485587) (0,-0.00485587) 
656 (0,-0.00484848) (0,-0.00484848) 
657 (0,-0.0048411) (0,-0.0048411) 
658 (0,-0.00483375) (0,-0.00483375) 
659 (0,-0.00482642) (0,-0.00482642) 
660 (0,-0.00481911) (0,-0.00481911) 
661 (0,-0.00481183) (0,-0.00481183) 
662 (0,-0.00480457) (0,-0.00480457) 
663 (0,-0.00479733) (0,-0.00479733) 
664 (0,-0.00479011) (0,-0.00479011) 
665 (0,-0.00478291) (0,-0.00478291) 
666 (0,-0.00477573) (0,-0.00477573) 
667 (0,-0.00476858) (0,-0.00476858) 
668 (0,-0.00476145) (0,-0.00476145) 
669 (0,-0.00475433) (0,-0.00475433) 
670 (0,-0.00474724) (0,-0.00474724) 
671 (0,-0.00474017) (0,-0.00474017) 
672 (0,-0.00473313) (0,-0.00473313) 
673 (0,-0.0047261) (0,-0.0047261) 
674 (0,-0.00471909) (0,-0.00471909) 
675 (0,-0.00471211) (0,-0.00471211) 
676 (0,-0.00470514) (0,-0.00470514) 
677 (0,-0.0046982) (0,-0.0046982) 
678 (0,-0.00469127) (0,-0.00469127) 
679 (0,-0.00468437) (0,-0.00468437) 
680 (0,-0.00467749) (0,-0.00467749) 
681 (0,-0.00467062) (0,-0.00467062) 
682 (0,-0.00466378) (0,-0.00466378) 
683 (0,-0.00465696) (0,-0.00465696) 
684 (0,-0.00465015) (0,-0.00465015) 
685 (0,-0.00464337) (0,-0.00464337) 
686 (0,-0.00463661) (0,-0.00463661) 
687 (0,-0.00462986) (0,-0.00462986) 
688 (0,-0.00462314) (0,-0.00462314) 
689 (0,-0.00461643) (0,-0.00461643) 
690 (0,-0.00460975) (0,-0.00460975) 
691 (0,-0.00460308) (0,-0.00460308) 
692 (0,-0.00459644) (0,-0.00459644) 
693 (0,-0.00458981) (0,-0.00458981) 
694 (0,-0.0045832) (0,-0.0045832) 
695 (0,-0.00457661) (0,-0.00457661) 
696 (0,-0.00457004) (0,-0.00457004) 
697 (0,-0.00456349) (0,-0.00456349) 
698 (0,-0.00455695) (0,-0.00455695) 
699 (0,-0.00455044) (0,-0.00455044) 
700 (0,-0.00454394) (0,-0.00454394) 
701 (0,-0.00453747) (0,-0.00453747) 
702 (0,-0.00453101) (0,-0.00453101) 
703 (0,-0.00452457) (0,-0.00452457) 
704 (0,-0.00451815) (0,-0.00451815) 
705 (0,-0.00451174) (0,-0.00451174) 
706 (0,-0.00450536) (0,-0.00450536) 
707 (0,-0.00449899) (0,-0.00449899) 
708 (0,-0.00449264) (0,-0.00449264) 
709 (0,-0.00448631) (0,-0.00448631) 
710 (0,-0.00447999) (0,-0.00447999) 
711 (0,-0.0044737) (0,-0.0044737) 
712 (0,-0.00446742) (0,-0.00446742) 
713 (0,-0.00446116) (0,-0.00446116) 
714 (0,-0.00445491) (0,-0.00445491) 
715 (0,-0.00444869) (0,-0.00444869) 
716 (0,-0.00444248) (0,-0.00444248) 
717 (0,-0.00443629) (0,-0.00443629) 
718 (0,-0.00443011) (0,-0.00443011) 
719 (0,-0.00442396) (0,-0.00442396) 
720 (0,-0.00441782) (0,-0.00441782) 
721 (0,-0.00441169) (0,-0.00441169) 
722 (0,-0.00440559) (0,-0.00440559) 
723 (0,-0.0043995) (0,-0.0043995) 
724 (0,-0.00439343) (0,-0.00439343) 
725 (0,-0.00438737) (0,-0.00438737) 
726 (0,-0.00438133) (0,-0.00438133) 
727 (0,-0.00437531) (0,-0.00437531) 
728 (0,-0.0043693) (0,-0.0043693) 
729 (0,-0.00436331) (0,-0.00436331) 
730 (0,-0.00435734) (0,-0.00435734) 
731 (0,-0.00435139) (0,-0.00435139) 
732 (0,-0.00434545) (0,-0.00434545) 
733 (0,-0.00433952) (0,-0.00433952) 
734 (0,-0.00433361) (0,-0.00433361) 
735 (0,-0.00432772) (0,-0.00432772) 
736 (0,-0.00432185) (0,-0.00432185) 
737 (0,-0.00431599) (0,-0.00431599) 
738 (0,-0.00431014) (0,-0.00431014) 
739 (0,-0.00430431) (0,-0.00430431) 
740 (0,-0.0042985) (0,-0.0042985) 
741 (0,-0.0042927) (0,-0.0042927) 
742 (0,-0.00428692) (0,-0.00428692) 
743 (0,-0.00428116) (0,-0.00428116) 
744 (0,-0.00427541) (0,-0.00427541) 
745 (0,-0.00426967) (0,-0.00426967) 
746 (0,-0.00426395) (0,-0.00426395) 
747 (0,-0.00425825) (0,-0.00425825) 
748 (0,-0.00425256) (0,-0.00425256) 
749 (0,-0.00424689) (0,-0.00424689) 
750 (0,-0.00424123) (0,-0.00424123) 
751 (0,-0.00423558) (0,-0.00423558) 
752 (0,-0.00422996) (0,-0.00422996) 
753 (0,-0.00422434) (0,-0.00422434) 
754 (0,-0.00421874) (0,-0.00421874) 
755 (0,-0.00421316) (0,-0.00421316) 
756 (0,-0.00420759) (0,-0.00420759) 
757 (0,-0.00420204) (0,-0.00420204) 
758 (0,-0.0041965) (0,-0.0041965) 
759 (0,-0.00419097) (0,-0.00419097) 
760 (0,-0.00418546) (0,-0.00418546) 
761 (0,-0.00417996) (0,-0.00417996) 
762 (0,-0.00417448) (0,-0.00417448) 
763 (0,-0.00416902) (0,-0.00416902) 
764 (0,-0.00416356) (0,-0.00416356) 
765 (0,-0.00415812) (0,-0.00415812) 
766 (0,-0.0041527) (0,-0.0041527) 
767 (0,-0.00414729) (0,-0.00414729) 
768 (0,-0.00414189) (0,-0.00414189) 
769 (0,-0.00413651) (0,-0.00413651) 
770 (0,-0.00413114) (0,-0.00413114) 
771 (0,-0.00412579) (0,-0.00412579) 
772 (0,-0.00412045) (0,-0.00412045) 
773 (0,-0.00411512) (0,-0.00411512) 
774 (0,-0.00410981) (0,-0.00410981) 
775 (0,-0.00410451) (0,-0.00410451) 
776 (0,-0.00409922) (0,-0.00409922) 
777 (0,-0.00409395) (0,-0.00409395) 
778 (0,-0.00408869) (0,-0.00408869) 
779 (0,-0.00408345) (0,-0.00408345) 
780 (0,-0.00407821) (0,-0.00407821) 
781 (0,-0.004073) (0,-0.004073) 
782 (0,-0.00406779) (0,-0.00406779) 
783 (0,-0.0040626) (0,-0.0040626) 
784 (0,-0.00405742) (0,-0.00405742) 
785 (0,-0.00405226) (0,-0.00405226) 
786 (0,-0.0040471) (0,-0.0040471) 
787 (0,-0.00404196) (0,-0.00404196) 
788 (0,-0.00403684) (0,-0.00403684) 
789 (0,-0.00403173) (0,-0.00403173) 
790 (0,-0.00402663) (0,-0.00402663) 
791 (0,-0.00402154) (0,-0.00402154) 
792 (0,-0.00401646) (0,-0.00401646) 
793 (0,-0.0040114) (0,-0.0040114) 
794 (0,-0.00400635) (0,-0.00400635) 
795 (0,-0.00400132) (0,-0.00400132) 
796 (0,-0.00399629) (0,-0.00399629) 
797 (0,-0.00399128) (0,-0.00399128) 
798 (0,-0.00398628) (0,-0.00398628) 
799 (0,-0.0039813) (0,-0.0039813) 
800 (0,-0.00397633) (0,-0.00397633) 
801 (0,-0.00397136) (0,-0.00397136) 
802 (0,-0.00396642) (0,-0.00396642) 
803 (0,-0.00396148) (0,-0.00396148) 
804 (0,-0.00395656) (0,-0.00395656) 
805 (0,-0.00395164) (0,-0.00395164) 
806 (0,-0.00394674) (0,-0.00394674) 
807 (0,-0.00394186) (0,-0.00394186) 
808 (0,-0.00393698) (0,-0.00393698) 
809 (0,-0.00393212) (0,-0.00393212) 
810 (0,-0.00392727) (0,-0.00392727) 
811 (0,-0.00392243) (0,-0.00392243) 
812 (0,-0.0039176) (0,-0.0039176) 
813 (0,-0.00391278) (0,-0.00391278) 
814 (0,-0.00390798) (0,-0.00390798) 
815 (0,-0.00390319) (0,-0.00390319) 
816 (0,-0.00389841) (0,-0.00389841) 
817 (0,-0.00389364) (0,-0.00389364) 
818 (0,-0.00388888) (0,-0.00388888) 
819 (0,-0.00388414) (0,-0.00388414) 
820 (0,-0.0038794) (0,-0.0038794) 
821 (0,-0.00387468) (0,-0.00387468) 
822 (0,-0.00386997) (0,-0.00386997) 
823 (0,-0.00386527) (0,-0.00386527) 
824 (0,-0.00386058) (0,-0.00386058) 
825 (0,-0.00385591) (0,-0.00385591) 
826 (0,-0.00385124) (0,-0.00385124) 
827 (0,-0.00384659) (0,-0.00384659) 
828 (0,-0.00384195) (0,-0.00384195) 
829 (0,-0.00383731) (0,-0.00383731) 
830 (0,-0.00383269) (0,-0.00383269) 
831 (0,-0.00382808) (0,-0.00382808) 
832 (0,-0.00382349) (0,-0.00382349) 
833 (0,-0.0038189) (0,-0.0038189) 
834 (0,-0.00381432) (0,-0.00381432) 
835 (0,-0.00380976) (0,-0.00380976) 
836 (0,-0.0038052) (0,-0.0038052) 
837 (0,-0.00380066) (0,-0.00380066) 
838 (0,-0.00379613) (0,-0.00379613) 
839 (0,-0.00379161) (0,-0.00379161) 
840 (0,-0.00378709) (0,-0.00378709) 
841 (0,-0.00378259) (0,-0.00378259) 
842 (0,-0.0037781) (0,-0.0037781) 
843 (0,-0.00377363) (0,-0.00377363) 
844 (0,-0.00376916) (0,-0.00376916) 
845 (0,-0.0037647) (0,-0.0037647) 
846 (0,-0.00376025) (0,-0.00376025) 
847 (0,-0.00375582) (0,-0.00375582) 
848 (0,-0.00375139) (0,-0.00375139) 
849 (0,-0.00374697) (0,-0.00374697) 
850 (0,-0.00374257) (0,-0.00374257) 
851 (0,-0.00373817) (0,-0.00373817) 
852 (0,-0.00373379) (0,-0.00373379) 
853 (0,-0.00372941) (0,-0.00372941) 
854 (0,-0.00372505) (0,-0.00372505) 
855 (0,-0.0037207) (0,-0.0037207) 
856 (0,-0.00371635) (0,-0.00371635) 
857 (0,-0.00371202) (0,-0.00371202) 
858 (0,-0.00370769) (0,-0.00370769) 
859 (0,-0.00370338) (0,-0.00370338) 
860 (0,-0.00369908) (0,-0.00369908) 
861 (0,-0.00369478) (0,-0.00369478) 
862 (0,-0.0036905) (0,-0.0036905) 
863 (0,-0.00368623) (0,-0.00368623) 
864 (0,-0.00368196) (0,-0.00368196) 
865 (0,-0.00367771) (0,-0.00367771) 
866 (0,-0.00367346) (0,-0.00367346) 
867 (0,-0.00366923) (0,-0.00366923) 
868 (0,-0.003665) (0,-0.003665) 
869 (0,-0.00366079) (0,-0.00366079) 
870 (0,-0.00365658) (0,-0.00365658) 
871 (0,-0.00365239) (0,-0.00365239) 
872 (0,-0.0036482) (0,-0.0036482) 
873 (0,-0.00364403) (0,-0.00364403) 
874 (0,-0.00363986) (0,-0.00363986) 
875 (0,-0.0036357) (0,-0.0036357) 
876 (0,-0.00363155) (0,-0.00363155) 
877 (0,-0.00362742) (0,-0.00362742) 
878 (0,-0.00362329) (0,-0.00362329) 
879 (0,-0.00361917) (0,-0.00361917) 
880 (0,-0.00361506) (0,-0.00361506) 
881 (0,-0.00361096) (0,-0.00361096) 
882 (0,-0.00360686) (0,-0.00360686) 
883 (0,-0.00360278) (0,-0.00360278) 
884 (0,-0.00359871) (0,-0.00359871) 
885 (0,-0.00359464) (0,-0.00359464) 
886 (0,-0.00359059) (0,-0.00359059) 
887 (0,-0.00358654) (0,-0.00358654) 
888 (0,-0.00358251) (0,-0.00358251) 
889 (0,-0.00357848) (0,-0.00357848) 
890 (0,-0.00357446) (0,-0.00357446) 
891 (0,-0.00357045) (0,-0.00357045) 
892 (0,-0.00356645) (0,-0.00356645) 
893 (0,-0.00356246) (0,-0.00356246) 
894 (0,-0.00355848) (0,-0.00355848) 
895 (0,-0.0035545) (0,-0.0035545) 
896 (0,-0.00355054) (0,-0.00355054) 
897 (0,-0.00354658) (0,-0.00354658) 
898 (0,-0.00354264) (0,-0.00354264) 
899 (0,-0.0035387) (0,-0.0035387) 
900 (0,-0.00353477) (0,-0.00353477) 
901 (0,-0.00353085) (0,-0.00353085) 
902 (0,-0.00352694) (0,-0.00352694) 
903 (0,-0.00352303) (0,-0.00352303) 
904 (0,-0.00351914) (0,-0.00351914) 
905 (0,-0.00351525) (0,-0.00351525) 
906 (0,-0.00351137) (0,-0.00351137) 
907 (0,-0.0035075) (0,-0.0035075) 
908 (0,-0.00350364) (0,-0.00350364) 
909 (0,-0.00349979) (0,-0.00349979) 
910 (0,-0.00349595) (0,-0.00349595) 
911 (0,-0.00349211) (0,-0.00349211) 
912 (0,-0.00348829) (0,-0.00348829) 
913 (0,-0.00348447) (0,-0.00348447) 
914 (0,-0.00348066) (0,-0.00348066) 
915 (0,-0.00347685) (0,-0.00347685) 
916 (0,-0.00347306) (0,-0.00347306) 
917 (0,-0.00346928) (0,-0.00346928) 
918 (0,-0.0034655) (0,-0.0034655) 
919 (0,-0.00346173) (0,-0.00346173) 
920 (0,-0.00345797) (0,-0.00345797) 
921 (0,-0.00345422) (0,-0.00345422) 
922 (0,-0.00345047) (0,-0.00345047) 
923 (0,-0.00344674) (0,-0.00344674) 
924 (0,-0.00344301) (0,-0.00344301) 
925 (0,-0.00343929) (0,-0.00343929) 
926 (0,-0.00343558) (0,-0.00343558) 
927 (0,-0.00343187) (0,-0.00343187) 
928 (0,-0.00342818) (0,-0.00342818) 
929 (0,-0.00342449) (0,-0.00342449) 
930 (0,-0.00342081) (0,-0.00342081) 
931 (0,-0.00341714) (0,-0.00341714) 
932 (0,-0.00341347) (0,-0.00341347) 
933 (0,-0.00340981) (0,-0.00340981) 
934 (0,-0.00340617) (0,-0.00340617) 
935 (0,-0.00340252) (0,-0.00340252) 
936 (0,-0.00339889) (0,-0.00339889) 
937 (0,-0.00339527) (0,-0.00339527) 
938 (0,-0.00339165) (0,-0.00339165) 
939 (0,-0.00338804) (0,-0.00338804) 
940 (0,-0.00338444) (0,-0.00338444) 
941 (0,-0.00338084) (0,-0.00338084) 
942 (0,-0.00337725) (0,-0.00337725) 
943 (0,-0.00337368) (0,-0.00337368) 
944 (0,-0.0033701) (0,-0.0033701) 
945 (0,-0.00336654) (0,-0.00336654) 
946 (0,-0.00336298) (0,-0.00336298) 
947 (0,-0.00335943) (0,-0.00335943) 
948 (0,-0.00335589) (0,-0.00335589) 
949 (0,-0.00335236) (0,-0.00335236) 
950 (0,-0.00334883) (0,-0.00334883) 
951 (0,-0.00334531) (0,-0.00334531) 
952 (0,-0.0033418) (0,-0.0033418) 
953 (0,-0.00333829) (0,-0.00333829) 
954 (0,-0.0033348) (0,-0.0033348) 
955 (0,-0.00333131) (0,-0.00333131) 
956 (0,-0.00332782) (0,-0.00332782) 
957 (0,-0.00332435) (0,-0.00332435) 
958 (0,-0.00332088) (0,-0.00332088) 
959 (0,-0.00331742) (0,-0.00331742) 
960 (0,-0.00331397) (0,-0.00331397) 
961 (0,-0.00331052) (0,-0.00331052) 
962 (0,-0.00330708) (0,-0.00330708) 
963 (0,-0.00330365) (0,-0.00330365) 
964 (0,-0.00330022) (0,-0.00330022) 
965 (0,-0.0032968) (0,-0.0032968) 
966 (0,-0.00329339) (0,-0.00329339) 
967 (0,-0.00328999) (0,-0.00328999) 
968 (0,-0.00328659) (0,-0.00328659) 
969 (0,-0.0032832) (0,-0.0032832) 
970 (0,-0.00327982) (0,-0.00327982) 
971 (0,-0.00327644) (0,-0.00327644) 
972 (0,-0.00327307) (0,-0.00327307) 
973 (0,-0.00326971) (0,-0.00326971) 
974 (0,-0.00326636) (0,-0.00326636) 
975 (0,-0.00326301) (0,-0.00326301) 
976 (0,-0.00325967) (0,-0.00325967) 
977 (0,-0.00325633) (0,-0.00325633) 
978 (0,-0.003253) (0,-0.003253) 
979 (0,-0.00324968) (0,-0.00324968) 
980 (0,-0.00324637) (0,-0.00324637) 
981 (0,-0.00324306) (0,-0.00324306) 
982 (0,-0.00323976) (0,-0.00323976) 
983 (0,-0.00323647) (0,-0.00323647) 
984 (0,-0.00323318) (0,-0.00323318) 
985 (0,-0.0032299) (0,-0.0032299) 
986 (0,-0.00322663) (0,-0.00322663) 
987 (0,-0.00322336) (0,-0.00322336) 
988 (0,-0.0032201) (0,-0.0032201) 
989 (0,-0.00321684) (0,-0.00321684) 
990 (0,-0.0032136) (0,-0.0032136) 
991 (0,-0.00321035) (0,-0.00321035) 
992 (0,-0.00320712) (0,-0.00320712) 
993 (0,-0.00320389) (0,-0.00320389) 
994 (0,-0.00320067) (0,-0.00320067) 
995 (0,-0.00319745) (0,-0.00319745) 
996 (0,-0.00319425) (0,-0.00319425) 
997 (0,-0.00319104) (0,-0.00319104) 
998 (0,-0.00318785) (0,-0.00318785) 
999 (0,-0.00318466) (0,-0.00318466) 
