0 (0.00100384,-1.35292) (-0.00100389,-1.35291) 
1 (0.000121855,-0.570681) (-0.000121853,-0.570681) 
2 (4.07217e-05,-0.362102) (-4.07215e-05,-0.362102) 
3 (1.23167e-05,-0.264511) (-1.23166e-05,-0.264511) 
4 (3.34118e-06,-0.208009) (-3.34115e-06,-0.208009) 
5 (1.54548e-06,-0.171233) (-1.54547e-06,-0.171233) 
6 (6.8772e-07,-0.14543) (-6.87713e-07,-0.14543) 
7 (3.23584e-07,-0.126345) (-3.23581e-07,-0.126345) 
8 (2.15548e-07,-0.111665) (-2.15546e-07,-0.111665) 
9 (1.67486e-07,-0.100028) (-1.67485e-07,-0.100028) 
10 (1.20643e-07,-0.0905801) (-1.20642e-07,-0.0905801) 
11 (8.39399e-08,-0.0827578) (-8.39394e-08,-0.0827578) 
12 (6.21082e-08,-0.0761759) (-6.21078e-08,-0.0761759) 
13 (4.48534e-08,-0.0705616) (-4.48531e-08,-0.0705616) 
14 (3.33322e-08,-0.0657165) (-3.3332e-08,-0.0657165) 
15 (2.56495e-08,-0.0614929) (-2.56493e-08,-0.0614929) 
16 (1.99851e-08,-0.0577786) (-1.9985e-08,-0.0577786) 
17 (1.57568e-08,-0.0544869) (-1.57567e-08,-0.0544869) 
18 (1.27092e-08,-0.0515496) (-1.27091e-08,-0.0515496) 
19 (1.03695e-08,-0.0489125) (-1.03694e-08,-0.0489125) 
20 (8.38745e-09,-0.0465317) (-8.3874e-09,-0.0465317) 
21 (6.93749e-09,-0.0443718) (-6.93744e-09,-0.0443718) 
22 (5.7172e-09,-0.0424033) (-5.71716e-09,-0.0424033) 
23 (4.71999e-09,-0.0406019) (-4.71996e-09,-0.0406019) 
24 (4.00592e-09,-0.0389473) (-4.00589e-09,-0.0389473) 
25 (3.47701e-09,-0.0374221) (-3.47699e-09,-0.0374221) 
26 (3.00941e-09,-0.0360118) (-3.00939e-09,-0.0360118) 
27 (2.59486e-09,-0.0347039) (-2.59485e-09,-0.0347039) 
28 (2.26301e-09,-0.0334876) (-2.263e-09,-0.0334876) 
29 (1.96471e-09,-0.0323536) (-1.9647e-09,-0.0323536) 
30 (1.7152e-09,-0.0312939) (-1.71519e-09,-0.0312939) 
31 (1.50906e-09,-0.0303013) (-1.50906e-09,-0.0303013) 
32 (1.33182e-09,-0.0293698) (-1.33182e-09,-0.0293698) 
33 (1.17895e-09,-0.0284938) (-1.17894e-09,-0.0284938) 
34 (1.0502e-09,-0.0276685) (-1.0502e-09,-0.0276685) 
35 (9.38812e-10,-0.0268897) (-9.38806e-10,-0.0268897) 
36 (8.36965e-10,-0.0261535) (-8.36959e-10,-0.0261535) 
37 (7.51332e-10,-0.0254566) (-7.51327e-10,-0.0254566) 
38 (6.73568e-10,-0.0247958) (-6.73563e-10,-0.0247958) 
39 (6.04044e-10,-0.0241684) (-6.0404e-10,-0.0241684) 
40 (5.46867e-10,-0.023572) (-5.46863e-10,-0.023572) 
41 (4.99278e-10,-0.0230043) (-4.99274e-10,-0.0230043) 
42 (4.55523e-10,-0.0224633) (-4.5552e-10,-0.0224633) 
43 (4.1504e-10,-0.0219471) (-4.15037e-10,-0.0219471) 
44 (3.79903e-10,-0.0214542) (-3.79901e-10,-0.0214542) 
45 (3.47105e-10,-0.0209828) (-3.47103e-10,-0.0209828) 
46 (3.17859e-10,-0.0205318) (-3.17857e-10,-0.0205318) 
47 (2.92048e-10,-0.0200997) (-2.92046e-10,-0.0200997) 
48 (2.68702e-10,-0.0196855) (-2.687e-10,-0.0196855) 
49 (2.47556e-10,-0.0192879) (-2.47554e-10,-0.0192879) 
50 (2.28734e-10,-0.0189061) (-2.28732e-10,-0.0189061) 
51 (2.11698e-10,-0.0185391) (-2.11696e-10,-0.0185391) 
52 (1.95675e-10,-0.0181861) (-1.95674e-10,-0.0181861) 
53 (1.81464e-10,-0.0178463) (-1.81463e-10,-0.0178463) 
54 (1.68172e-10,-0.017519) (-1.68171e-10,-0.017519) 
55 (1.55867e-10,-0.0172034) (-1.55866e-10,-0.0172034) 
56 (1.45151e-10,-0.016899) (-1.4515e-10,-0.016899) 
57 (1.35763e-10,-0.0166052) (-1.35762e-10,-0.0166052) 
58 (1.26947e-10,-0.0163214) (-1.26946e-10,-0.0163214) 
59 (1.18622e-10,-0.0160472) (-1.18621e-10,-0.0160472) 
60 (1.11119e-10,-0.015782) (-1.11118e-10,-0.015782) 
61 (1.03987e-10,-0.0155254) (-1.03986e-10,-0.0155254) 
62 (9.7433e-11,-0.0152771) (-9.74323e-11,-0.0152771) 
63 (9.14599e-11,-0.0150366) (-9.14593e-11,-0.0150366) 
64 (8.59193e-11,-0.0148035) (-8.59187e-11,-0.0148035) 
65 (8.07757e-11,-0.0145775) (-8.07752e-11,-0.0145775) 
66 (7.60657e-11,-0.0143584) (-7.60652e-11,-0.0143584) 
67 (7.17005e-11,-0.0141457) (-7.17001e-11,-0.0141457) 
68 (6.75343e-11,-0.0139392) (-6.75338e-11,-0.0139392) 
69 (6.37332e-11,-0.0137387) (-6.37328e-11,-0.0137387) 
70 (6.01214e-11,-0.0135439) (-6.01211e-11,-0.0135439) 
71 (5.67161e-11,-0.0133545) (-5.67157e-11,-0.0133545) 
72 (5.36562e-11,-0.0131703) (-5.36559e-11,-0.0131703) 
73 (5.08967e-11,-0.0129911) (-5.08964e-11,-0.0129911) 
74 (4.82724e-11,-0.0128168) (-4.82721e-11,-0.0128168) 
75 (4.57644e-11,-0.0126471) (-4.57641e-11,-0.0126471) 
76 (4.34538e-11,-0.0124818) (-4.34535e-11,-0.0124818) 
77 (4.12346e-11,-0.0123207) (-4.12343e-11,-0.0123207) 
78 (3.91587e-11,-0.0121638) (-3.91585e-11,-0.0121638) 
79 (3.72307e-11,-0.0120108) (-3.72305e-11,-0.0120108) 
80 (3.54151e-11,-0.0118616) (-3.54149e-11,-0.0118616) 
81 (3.37044e-11,-0.0117161) (-3.37042e-11,-0.0117161) 
82 (3.21107e-11,-0.0115741) (-3.21105e-11,-0.0115741) 
83 (3.0612e-11,-0.0114355) (-3.06118e-11,-0.0114355) 
84 (2.91686e-11,-0.0113002) (-2.91684e-11,-0.0113002) 
85 (2.78285e-11,-0.0111681) (-2.78283e-11,-0.0111681) 
86 (2.65426e-11,-0.011039) (-2.65425e-11,-0.011039) 
87 (2.53165e-11,-0.0109128) (-2.53163e-11,-0.0109128) 
88 (2.41927e-11,-0.0107895) (-2.41926e-11,-0.0107895) 
89 (2.31604e-11,-0.010669) (-2.31602e-11,-0.010669) 
90 (2.21702e-11,-0.0105511) (-2.21701e-11,-0.0105511) 
91 (2.12165e-11,-0.0104358) (-2.12163e-11,-0.0104358) 
92 (2.03252e-11,-0.010323) (-2.03251e-11,-0.010323) 
93 (1.94633e-11,-0.0102126) (-1.94631e-11,-0.0102126) 
94 (1.86476e-11,-0.0101046) (-1.86475e-11,-0.0101046) 
95 (1.78805e-11,-0.00999876) (-1.78804e-11,-0.00999876) 
96 (1.71509e-11,-0.00989516) (-1.71508e-11,-0.00989516) 
97 (1.64565e-11,-0.00979368) (-1.64564e-11,-0.00979368) 
98 (1.58021e-11,-0.00969426) (-1.5802e-11,-0.00969426) 
99 (1.51806e-11,-0.00959684) (-1.51805e-11,-0.00959684) 
100 (1.45784e-11,-0.00950136) (-1.45783e-11,-0.00950136) 
101 (1.40125e-11,-0.00940776) (-1.40125e-11,-0.00940776) 
102 (1.3466e-11,-0.00931598) (-1.34659e-11,-0.00931598) 
103 (1.29409e-11,-0.00922598) (-1.29408e-11,-0.00922598) 
104 (1.2453e-11,-0.0091377) (-1.24529e-11,-0.0091377) 
105 (1.19989e-11,-0.0090511) (-1.19989e-11,-0.0090511) 
106 (1.15608e-11,-0.00896612) (-1.15608e-11,-0.00896612) 
107 (1.11365e-11,-0.00888272) (-1.11364e-11,-0.00888272) 
108 (1.0736e-11,-0.00880085) (-1.07359e-11,-0.00880085) 
109 (1.03467e-11,-0.00872049) (-1.03466e-11,-0.00872049) 
110 (9.97535e-12,-0.00864157) (-9.97529e-12,-0.00864157) 
111 (9.62297e-12,-0.00856408) (-9.62291e-12,-0.00856408) 
112 (9.28537e-12,-0.00848796) (-9.28531e-12,-0.00848796) 
113 (8.96185e-12,-0.00841318) (-8.96179e-12,-0.00841318) 
114 (8.65437e-12,-0.00833971) (-8.65432e-12,-0.00833971) 
115 (8.36025e-12,-0.00826751) (-8.36019e-12,-0.00826751) 
116 (8.074e-12,-0.00819655) (-8.07395e-12,-0.00819655) 
117 (7.80273e-12,-0.00812679) (-7.80268e-12,-0.00812679) 
118 (7.53947e-12,-0.00805822) (-7.53942e-12,-0.00805822) 
119 (7.28507e-12,-0.00799079) (-7.28503e-12,-0.00799079) 
120 (7.04638e-12,-0.00792448) (-7.04634e-12,-0.00792448) 
121 (6.82213e-12,-0.00785926) (-6.82209e-12,-0.00785926) 
122 (6.60477e-12,-0.00779511) (-6.60473e-12,-0.00779511) 
123 (6.39338e-12,-0.00773199) (-6.39334e-12,-0.00773199) 
124 (6.19236e-12,-0.00766989) (-6.19232e-12,-0.00766989) 
125 (5.99627e-12,-0.00760878) (-5.99623e-12,-0.00760878) 
126 (5.80807e-12,-0.00754864) (-5.80803e-12,-0.00754864) 
127 (5.6283e-12,-0.00748943) (-5.62826e-12,-0.00748943) 
128 (5.45514e-12,-0.00743115) (-5.4551e-12,-0.00743115) 
129 (5.28832e-12,-0.00737377) (-5.28828e-12,-0.00737377) 
130 (5.12877e-12,-0.00731727) (-5.12874e-12,-0.00731727) 
131 (4.97533e-12,-0.00726163) (-4.97529e-12,-0.00726163) 
132 (4.82549e-12,-0.00720683) (-4.82546e-12,-0.00720683) 
133 (4.68257e-12,-0.00715285) (-4.68254e-12,-0.00715285) 
134 (4.54336e-12,-0.00709967) (-4.54333e-12,-0.00709967) 
135 (4.40828e-12,-0.00704728) (-4.40825e-12,-0.00704728) 
136 (4.28057e-12,-0.00699565) (-4.28054e-12,-0.00699565) 
137 (4.15971e-12,-0.00694478) (-4.15969e-12,-0.00694478) 
138 (4.04216e-12,-0.00689464) (-4.04213e-12,-0.00689464) 
139 (3.92747e-12,-0.00684521) (-3.92744e-12,-0.00684521) 
140 (3.81777e-12,-0.0067965) (-3.81775e-12,-0.0067965) 
141 (3.71047e-12,-0.00674847) (-3.71044e-12,-0.00674847) 
142 (3.607e-12,-0.00670111) (-3.60698e-12,-0.00670111) 
143 (3.50765e-12,-0.00665441) (-3.50763e-12,-0.00665441) 
144 (3.41156e-12,-0.00660837) (-3.41154e-12,-0.00660837) 
145 (3.3186e-12,-0.00656295) (-3.31858e-12,-0.00656295) 
146 (3.22926e-12,-0.00651815) (-3.22924e-12,-0.00651815) 
147 (3.14297e-12,-0.00647396) (-3.14295e-12,-0.00647396) 
148 (3.0585e-12,-0.00643037) (-3.05848e-12,-0.00643037) 
149 (2.97751e-12,-0.00638736) (-2.97749e-12,-0.00638736) 
150 (2.89839e-12,-0.00634492) (-2.89837e-12,-0.00634492) 
151 (2.82137e-12,-0.00630304) (-2.82135e-12,-0.00630304) 
152 (2.74812e-12,-0.00626171) (-2.7481e-12,-0.00626171) 
153 (2.6784e-12,-0.00622092) (-2.67838e-12,-0.00622092) 
154 (2.61039e-12,-0.00618066) (-2.61037e-12,-0.00618066) 
155 (2.54387e-12,-0.00614091) (-2.54386e-12,-0.00614091) 
156 (2.47996e-12,-0.00610167) (-2.47994e-12,-0.00610167) 
157 (2.4173e-12,-0.00606293) (-2.41729e-12,-0.00606293) 
158 (2.35666e-12,-0.00602468) (-2.35664e-12,-0.00602468) 
159 (2.29819e-12,-0.00598691) (-2.29818e-12,-0.00598691) 
160 (2.24145e-12,-0.00594961) (-2.24144e-12,-0.00594961) 
161 (2.18638e-12,-0.00591277) (-2.18636e-12,-0.00591277) 
162 (2.13324e-12,-0.00587639) (-2.13323e-12,-0.00587639) 
163 (2.08174e-12,-0.00584045) (-2.08173e-12,-0.00584045) 
164 (2.03122e-12,-0.00580495) (-2.03121e-12,-0.00580495) 
165 (1.98258e-12,-0.00576987) (-1.98257e-12,-0.00576987) 
166 (1.93496e-12,-0.00573522) (-1.93495e-12,-0.00573522) 
167 (1.88848e-12,-0.00570098) (-1.88847e-12,-0.00570098) 
168 (1.84406e-12,-0.00566715) (-1.84405e-12,-0.00566715) 
169 (1.80159e-12,-0.00563371) (-1.80157e-12,-0.00563371) 
170 (1.76006e-12,-0.00560067) (-1.76005e-12,-0.00560067) 
171 (1.71936e-12,-0.00556802) (-1.71935e-12,-0.00556802) 
172 (1.6801e-12,-0.00553574) (-1.68009e-12,-0.00553574) 
173 (1.64155e-12,-0.00550383) (-1.64154e-12,-0.00550383) 
174 (1.60412e-12,-0.00547229) (-1.60411e-12,-0.00547229) 
175 (1.56792e-12,-0.00544111) (-1.56791e-12,-0.00544111) 
176 (1.53269e-12,-0.00541029) (-1.53268e-12,-0.00541029) 
177 (1.4984e-12,-0.00537981) (-1.49839e-12,-0.00537981) 
178 (1.46521e-12,-0.00534967) (-1.4652e-12,-0.00534967) 
179 (1.43295e-12,-0.00531987) (-1.43294e-12,-0.00531987) 
180 (1.40125e-12,-0.00529039) (-1.40124e-12,-0.00529039) 
181 (1.37063e-12,-0.00526125) (-1.37062e-12,-0.00526125) 
182 (1.3406e-12,-0.00523242) (-1.34059e-12,-0.00523242) 
183 (1.31122e-12,-0.00520391) (-1.31121e-12,-0.00520391) 
184 (1.28303e-12,-0.0051757) (-1.28302e-12,-0.0051757) 
185 (1.25596e-12,-0.0051478) (-1.25596e-12,-0.0051478) 
186 (1.22946e-12,-0.0051202) (-1.22945e-12,-0.0051202) 
187 (1.20343e-12,-0.00509289) (-1.20342e-12,-0.00509289) 
188 (1.17826e-12,-0.00506587) (-1.17825e-12,-0.00506587) 
189 (1.15349e-12,-0.00503914) (-1.15349e-12,-0.00503914) 
190 (1.12939e-12,-0.00501269) (-1.12938e-12,-0.00501269) 
191 (1.10601e-12,-0.00498652) (-1.106e-12,-0.00498652) 
192 (1.08321e-12,-0.00496061) (-1.0832e-12,-0.00496061) 
193 (1.06097e-12,-0.00493498) (-1.06096e-12,-0.00493498) 
194 (1.03938e-12,-0.0049096) (-1.03937e-12,-0.0049096) 
195 (1.01835e-12,-0.00488449) (-1.01834e-12,-0.00488449) 
196 (9.97651e-13,-0.00485964) (-9.97644e-13,-0.00485964) 
197 (9.77602e-13,-0.00483503) (-9.77596e-13,-0.00483503) 
198 (9.57906e-13,-0.00481067) (-9.579e-13,-0.00481067) 
199 (9.38603e-13,-0.00478656) (-9.38597e-13,-0.00478656) 
200 (9.20022e-13,-0.00476269) (-9.20016e-13,-0.00476269) 
201 (9.02126e-13,-0.00473905) (-9.0212e-13,-0.00473905) 
202 (8.84568e-13,-0.00471565) (-8.84563e-13,-0.00471565) 
203 (8.67306e-13,-0.00469248) (-8.67301e-13,-0.00469248) 
204 (8.50563e-13,-0.00466953) (-8.50558e-13,-0.00466953) 
205 (8.34073e-13,-0.00464681) (-8.34067e-13,-0.00464681) 
206 (8.1799e-13,-0.00462431) (-8.17984e-13,-0.00462431) 
207 (8.02351e-13,-0.00460202) (-8.02346e-13,-0.00460202) 
208 (7.87069e-13,-0.00457995) (-7.87064e-13,-0.00457995) 
209 (7.72134e-13,-0.00455809) (-7.72129e-13,-0.00455809) 
210 (7.57605e-13,-0.00453644) (-7.576e-13,-0.00453644) 
211 (7.43424e-13,-0.00451499) (-7.43419e-13,-0.00451499) 
212 (7.2945e-13,-0.00449374) (-7.29446e-13,-0.00449374) 
213 (7.15882e-13,-0.00447269) (-7.15878e-13,-0.00447269) 
214 (7.02535e-13,-0.00445184) (-7.0253e-13,-0.00445184) 
215 (6.89434e-13,-0.00443118) (-6.89429e-13,-0.00443118) 
216 (6.76786e-13,-0.00441072) (-6.76782e-13,-0.00441072) 
217 (6.64572e-13,-0.00439044) (-6.64567e-13,-0.00439044) 
218 (6.52572e-13,-0.00437035) (-6.52567e-13,-0.00437035) 
219 (6.40759e-13,-0.00435044) (-6.40755e-13,-0.00435044) 
220 (6.29276e-13,-0.00433071) (-6.29272e-13,-0.00433071) 
221 (6.17954e-13,-0.00431115) (-6.1795e-13,-0.00431115) 
222 (6.06891e-13,-0.00429178) (-6.06887e-13,-0.00429178) 
223 (5.96113e-13,-0.00427258) (-5.96109e-13,-0.00427258) 
224 (5.85562e-13,-0.00425355) (-5.85559e-13,-0.00425355) 
225 (5.75235e-13,-0.00423468) (-5.75231e-13,-0.00423468) 
226 (5.65168e-13,-0.00421599) (-5.65165e-13,-0.00421599) 
227 (5.55326e-13,-0.00419746) (-5.55323e-13,-0.00419746) 
228 (5.45618e-13,-0.00417909) (-5.45615e-13,-0.00417909) 
229 (5.36172e-13,-0.00416088) (-5.36169e-13,-0.00416088) 
230 (5.26869e-13,-0.00414283) (-5.26866e-13,-0.00414283) 
231 (5.17726e-13,-0.00412493) (-5.17722e-13,-0.00412493) 
232 (5.08877e-13,-0.00410719) (-5.08874e-13,-0.00410719) 
233 (5.00311e-13,-0.0040896) (-5.00308e-13,-0.0040896) 
234 (4.91886e-13,-0.00407216) (-4.91883e-13,-0.00407216) 
235 (4.83583e-13,-0.00405487) (-4.8358e-13,-0.00405487) 
236 (4.75497e-13,-0.00403772) (-4.75493e-13,-0.00403772) 
237 (4.67516e-13,-0.00402072) (-4.67513e-13,-0.00402072) 
238 (4.59705e-13,-0.00400387) (-4.59702e-13,-0.00400387) 
239 (4.52082e-13,-0.00398715) (-4.5208e-13,-0.00398715) 
240 (4.4461e-13,-0.00397057) (-4.44607e-13,-0.00397057) 
241 (4.37285e-13,-0.00395413) (-4.37283e-13,-0.00395413) 
242 (4.30134e-13,-0.00393782) (-4.30131e-13,-0.00393782) 
243 (4.23131e-13,-0.00392165) (-4.23128e-13,-0.00392165) 
244 (4.16217e-13,-0.00390561) (-4.16215e-13,-0.00390561) 
245 (4.09478e-13,-0.0038897) (-4.09476e-13,-0.0038897) 
246 (4.02834e-13,-0.00387392) (-4.02832e-13,-0.00387392) 
247 (3.96297e-13,-0.00385827) (-3.96295e-13,-0.00385827) 
248 (3.89958e-13,-0.00384275) (-3.89955e-13,-0.00384275) 
249 (3.83807e-13,-0.00382735) (-3.83805e-13,-0.00382735) 
250 (3.77752e-13,-0.00381207) (-3.77749e-13,-0.00381207) 
251 (3.71779e-13,-0.00379691) (-3.71776e-13,-0.00379691) 
252 (3.65951e-13,-0.00378187) (-3.65949e-13,-0.00378187) 
253 (3.60196e-13,-0.00376695) (-3.60193e-13,-0.00376695) 
254 (3.54555e-13,-0.00375215) (-3.54553e-13,-0.00375215) 
255 (3.49042e-13,-0.00373747) (-3.49039e-13,-0.00373747) 
256 (3.4363e-13,-0.0037229) (-3.43628e-13,-0.0037229) 
257 (3.38319e-13,-0.00370844) (-3.38317e-13,-0.00370844) 
258 (3.33126e-13,-0.00369409) (-3.33123e-13,-0.00369409) 
259 (3.28034e-13,-0.00367986) (-3.28032e-13,-0.00367986) 
260 (3.23003e-13,-0.00366573) (-3.23001e-13,-0.00366573) 
261 (3.18091e-13,-0.00365171) (-3.18089e-13,-0.00365171) 
262 (3.13244e-13,-0.0036378) (-3.13242e-13,-0.0036378) 
263 (3.08471e-13,-0.003624) (-3.08469e-13,-0.003624) 
264 (3.03833e-13,-0.0036103) (-3.03831e-13,-0.0036103) 
265 (2.99325e-13,-0.0035967) (-2.99323e-13,-0.0035967) 
266 (2.94883e-13,-0.0035832) (-2.94881e-13,-0.0035832) 
267 (2.90498e-13,-0.00356981) (-2.90496e-13,-0.00356981) 
268 (2.86213e-13,-0.00355651) (-2.86211e-13,-0.00355651) 
269 (2.81978e-13,-0.00354332) (-2.81976e-13,-0.00354332) 
270 (2.77823e-13,-0.00353022) (-2.77821e-13,-0.00353022) 
271 (2.73755e-13,-0.00351721) (-2.73753e-13,-0.00351721) 
272 (2.69759e-13,-0.00350431) (-2.69757e-13,-0.00350431) 
273 (2.65832e-13,-0.00349149) (-2.6583e-13,-0.00349149) 
274 (2.61988e-13,-0.00347878) (-2.61986e-13,-0.00347878) 
275 (2.58214e-13,-0.00346615) (-2.58212e-13,-0.00346615) 
276 (2.54482e-13,-0.00345361) (-2.54481e-13,-0.00345361) 
277 (2.50835e-13,-0.00344117) (-2.50833e-13,-0.00344117) 
278 (2.47232e-13,-0.00342881) (-2.47231e-13,-0.00342881) 
279 (2.43681e-13,-0.00341654) (-2.4368e-13,-0.00341654) 
280 (2.40225e-13,-0.00340436) (-2.40224e-13,-0.00340436) 
281 (2.36861e-13,-0.00339227) (-2.36859e-13,-0.00339227) 
282 (2.33542e-13,-0.00338026) (-2.33541e-13,-0.00338026) 
283 (2.30264e-13,-0.00336834) (-2.30263e-13,-0.00336834) 
284 (2.27057e-13,-0.0033565) (-2.27056e-13,-0.0033565) 
285 (2.23885e-13,-0.00334474) (-2.23884e-13,-0.00334474) 
286 (2.2077e-13,-0.00333307) (-2.20768e-13,-0.00333307) 
287 (2.17716e-13,-0.00332148) (-2.17715e-13,-0.00332148) 
288 (2.14713e-13,-0.00330996) (-2.14712e-13,-0.00330996) 
289 (2.1176e-13,-0.00329853) (-2.11759e-13,-0.00329853) 
290 (2.08865e-13,-0.00328718) (-2.08863e-13,-0.00328718) 
291 (2.0602e-13,-0.0032759) (-2.06019e-13,-0.0032759) 
292 (2.03206e-13,-0.0032647) (-2.03204e-13,-0.0032647) 
293 (2.00451e-13,-0.00325358) (-2.0045e-13,-0.00325358) 
294 (1.97728e-13,-0.00324253) (-1.97727e-13,-0.00324253) 
295 (1.95043e-13,-0.00323156) (-1.95041e-13,-0.00323156) 
296 (1.92425e-13,-0.00322066) (-1.92424e-13,-0.00322066) 
297 (1.89873e-13,-0.00320983) (-1.89872e-13,-0.00320983) 
298 (1.87354e-13,-0.00319908) (-1.87353e-13,-0.00319908) 
299 (1.84864e-13,-0.0031884) (-1.84863e-13,-0.0031884) 
300 (1.82425e-13,-0.00317779) (-1.82424e-13,-0.00317779) 
301 (1.80012e-13,-0.00316725) (-1.8001e-13,-0.00316725) 
302 (1.77639e-13,-0.00315678) (-1.77637e-13,-0.00315678) 
303 (1.75311e-13,-0.00314638) (-1.75309e-13,-0.00314638) 
304 (1.73019e-13,-0.00313604) (-1.73018e-13,-0.00313604) 
305 (1.70763e-13,-0.00312578) (-1.70762e-13,-0.00312578) 
306 (1.6855e-13,-0.00311558) (-1.68549e-13,-0.00311558) 
307 (1.66373e-13,-0.00310545) (-1.66372e-13,-0.00310545) 
308 (1.64218e-13,-0.00309538) (-1.64217e-13,-0.00309538) 
309 (1.62106e-13,-0.00308538) (-1.62105e-13,-0.00308538) 
310 (1.60018e-13,-0.00307544) (-1.60017e-13,-0.00307544) 
311 (1.57956e-13,-0.00306557) (-1.57955e-13,-0.00306557) 
312 (1.55944e-13,-0.00305576) (-1.55943e-13,-0.00305576) 
313 (1.5398e-13,-0.00304601) (-1.53979e-13,-0.00304601) 
314 (1.5204e-13,-0.00303633) (-1.52039e-13,-0.00303633) 
315 (1.50122e-13,-0.0030267) (-1.50121e-13,-0.0030267) 
316 (1.4824e-13,-0.00301714) (-1.48239e-13,-0.00301714) 
317 (1.46378e-13,-0.00300764) (-1.46377e-13,-0.00300764) 
318 (1.44545e-13,-0.0029982) (-1.44544e-13,-0.0029982) 
319 (1.42745e-13,-0.00298881) (-1.42744e-13,-0.00298881) 
320 (1.40972e-13,-0.00297949) (-1.40971e-13,-0.00297949) 
321 (1.39225e-13,-0.00297022) (-1.39224e-13,-0.00297022) 
322 (1.37509e-13,-0.00296101) (-1.37508e-13,-0.00296101) 
323 (1.3582e-13,-0.00295186) (-1.35819e-13,-0.00295186) 
324 (1.34147e-13,-0.00294276) (-1.34147e-13,-0.00294276) 
325 (1.32507e-13,-0.00293372) (-1.32506e-13,-0.00293372) 
326 (1.30883e-13,-0.00292473) (-1.30883e-13,-0.00292473) 
327 (1.2928e-13,-0.0029158) (-1.29279e-13,-0.0029158) 
328 (1.27713e-13,-0.00290693) (-1.27712e-13,-0.00290693) 
329 (1.26182e-13,-0.00289811) (-1.26181e-13,-0.00289811) 
330 (1.24668e-13,-0.00288934) (-1.24668e-13,-0.00288934) 
331 (1.23171e-13,-0.00288062) (-1.2317e-13,-0.00288062) 
332 (1.21701e-13,-0.00287196) (-1.217e-13,-0.00287196) 
333 (1.20245e-13,-0.00286335) (-1.20244e-13,-0.00286335) 
334 (1.18811e-13,-0.00285479) (-1.1881e-13,-0.00285479) 
335 (1.17402e-13,-0.00284628) (-1.17401e-13,-0.00284628) 
336 (1.16012e-13,-0.00283782) (-1.16011e-13,-0.00283782) 
337 (1.14642e-13,-0.00282941) (-1.14642e-13,-0.00282941) 
338 (1.13296e-13,-0.00282105) (-1.13295e-13,-0.00282105) 
339 (1.1197e-13,-0.00281274) (-1.11969e-13,-0.00281274) 
340 (1.10656e-13,-0.00280448) (-1.10655e-13,-0.00280448) 
341 (1.09365e-13,-0.00279627) (-1.09365e-13,-0.00279627) 
342 (1.08088e-13,-0.0027881) (-1.08087e-13,-0.0027881) 
343 (1.06826e-13,-0.00277999) (-1.06825e-13,-0.00277999) 
344 (1.05591e-13,-0.00277192) (-1.0559e-13,-0.00277192) 
345 (1.04383e-13,-0.0027639) (-1.04382e-13,-0.0027639) 
346 (1.03188e-13,-0.00275592) (-1.03187e-13,-0.00275592) 
347 (1.02005e-13,-0.00274799) (-1.02005e-13,-0.00274799) 
348 (1.00844e-13,-0.0027401) (-1.00843e-13,-0.0027401) 
349 (9.96921e-14,-0.00273226) (-9.96914e-14,-0.00273226) 
350 (9.85574e-14,-0.00272447) (-9.85568e-14,-0.00272447) 
351 (9.74413e-14,-0.00271672) (-9.74407e-14,-0.00271672) 
352 (9.63403e-14,-0.00270901) (-9.63397e-14,-0.00270901) 
353 (9.52541e-14,-0.00270135) (-9.52535e-14,-0.00270135) 
354 (9.41856e-14,-0.00269373) (-9.4185e-14,-0.00269373) 
355 (9.31323e-14,-0.00268615) (-9.31317e-14,-0.00268615) 
356 (9.20883e-14,-0.00267861) (-9.20877e-14,-0.00267861) 
357 (9.10623e-14,-0.00267112) (-9.10618e-14,-0.00267112) 
358 (9.00464e-14,-0.00266367) (-9.00458e-14,-0.00266367) 
359 (8.90416e-14,-0.00265626) (-8.9041e-14,-0.00265626) 
360 (8.80578e-14,-0.00264889) (-8.80572e-14,-0.00264889) 
361 (8.70944e-14,-0.00264157) (-8.70938e-14,-0.00264157) 
362 (8.61412e-14,-0.00263428) (-8.61407e-14,-0.00263428) 
363 (8.51971e-14,-0.00262703) (-8.51966e-14,-0.00262703) 
364 (8.42691e-14,-0.00261983) (-8.42685e-14,-0.00261983) 
365 (8.33489e-14,-0.00261266) (-8.33483e-14,-0.00261266) 
366 (8.24415e-14,-0.00260553) (-8.2441e-14,-0.00260553) 
367 (8.15484e-14,-0.00259844) (-8.15479e-14,-0.00259844) 
368 (8.06668e-14,-0.00259139) (-8.06663e-14,-0.00259139) 
369 (7.97966e-14,-0.00258437) (-7.97961e-14,-0.00258437) 
370 (7.89399e-14,-0.0025774) (-7.89394e-14,-0.0025774) 
371 (7.80949e-14,-0.00257046) (-7.80944e-14,-0.00257046) 
372 (7.7257e-14,-0.00256356) (-7.72565e-14,-0.00256356) 
373 (7.6433e-14,-0.0025567) (-7.64325e-14,-0.0025567) 
374 (7.56167e-14,-0.00254987) (-7.56162e-14,-0.00254987) 
375 (7.4809e-14,-0.00254308) (-7.48085e-14,-0.00254308) 
376 (7.40174e-14,-0.00253633) (-7.40169e-14,-0.00253633) 
377 (7.32415e-14,-0.00252961) (-7.32411e-14,-0.00252961) 
378 (7.24736e-14,-0.00252292) (-7.24732e-14,-0.00252292) 
379 (7.17127e-14,-0.00251628) (-7.17122e-14,-0.00251628) 
380 (7.09641e-14,-0.00250966) (-7.09637e-14,-0.00250966) 
381 (7.02217e-14,-0.00250308) (-7.02212e-14,-0.00250308) 
382 (6.94891e-14,-0.00249654) (-6.94887e-14,-0.00249654) 
383 (6.87675e-14,-0.00249003) (-6.87671e-14,-0.00249003) 
384 (6.80549e-14,-0.00248355) (-6.80545e-14,-0.00248355) 
385 (6.73511e-14,-0.00247711) (-6.73507e-14,-0.00247711) 
386 (6.66578e-14,-0.0024707) (-6.66574e-14,-0.0024707) 
387 (6.59736e-14,-0.00246433) (-6.59732e-14,-0.00246433) 
388 (6.52949e-14,-0.00245798) (-6.52945e-14,-0.00245798) 
389 (6.4627e-14,-0.00245167) (-6.46266e-14,-0.00245167) 
390 (6.3965e-14,-0.0024454) (-6.39646e-14,-0.0024454) 
391 (6.33098e-14,-0.00243915) (-6.33094e-14,-0.00243915) 
392 (6.26671e-14,-0.00243293) (-6.26667e-14,-0.00243293) 
393 (6.20366e-14,-0.00242675) (-6.20362e-14,-0.00242675) 
394 (6.14124e-14,-0.0024206) (-6.1412e-14,-0.0024206) 
395 (6.07936e-14,-0.00241448) (-6.07932e-14,-0.00241448) 
396 (6.01844e-14,-0.00240839) (-6.0184e-14,-0.00240839) 
397 (5.958e-14,-0.00240233) (-5.95796e-14,-0.00240233) 
398 (5.89834e-14,-0.0023963) (-5.8983e-14,-0.0023963) 
399 (5.83953e-14,-0.00239031) (-5.8395e-14,-0.00239031) 
400 (5.78143e-14,-0.00238434) (-5.78139e-14,-0.00238434) 
401 (5.72402e-14,-0.0023784) (-5.72398e-14,-0.0023784) 
402 (5.66742e-14,-0.00237249) (-5.66739e-14,-0.00237249) 
403 (5.61154e-14,-0.00236661) (-5.61151e-14,-0.00236661) 
404 (5.55609e-14,-0.00236076) (-5.55606e-14,-0.00236076) 
405 (5.5015e-14,-0.00235494) (-5.50146e-14,-0.00235494) 
406 (5.44736e-14,-0.00234914) (-5.44733e-14,-0.00234914) 
407 (5.39376e-14,-0.00234338) (-5.39372e-14,-0.00234338) 
408 (5.34114e-14,-0.00233764) (-5.3411e-14,-0.00233764) 
409 (5.28948e-14,-0.00233193) (-5.28945e-14,-0.00233193) 
410 (5.23832e-14,-0.00232625) (-5.23828e-14,-0.00232625) 
411 (5.18758e-14,-0.0023206) (-5.18754e-14,-0.0023206) 
412 (5.1376e-14,-0.00231497) (-5.13757e-14,-0.00231497) 
413 (5.088e-14,-0.00230938) (-5.08797e-14,-0.00230938) 
414 (5.03901e-14,-0.0023038) (-5.03898e-14,-0.0023038) 
415 (4.9907e-14,-0.00229826) (-4.99067e-14,-0.00229826) 
416 (4.94294e-14,-0.00229274) (-4.94291e-14,-0.00229274) 
417 (4.89573e-14,-0.00228725) (-4.8957e-14,-0.00228725) 
418 (4.84917e-14,-0.00228179) (-4.84914e-14,-0.00228179) 
419 (4.80317e-14,-0.00227635) (-4.80314e-14,-0.00227635) 
420 (4.75751e-14,-0.00227093) (-4.75748e-14,-0.00227093) 
421 (4.71253e-14,-0.00226554) (-4.7125e-14,-0.00226554) 
422 (4.66792e-14,-0.00226018) (-4.66789e-14,-0.00226018) 
423 (4.62372e-14,-0.00225485) (-4.62369e-14,-0.00225485) 
424 (4.58031e-14,-0.00224953) (-4.58028e-14,-0.00224953) 
425 (4.53766e-14,-0.00224425) (-4.53763e-14,-0.00224425) 
426 (4.4954e-14,-0.00223899) (-4.49537e-14,-0.00223899) 
427 (4.45348e-14,-0.00223375) (-4.45345e-14,-0.00223375) 
428 (4.41217e-14,-0.00222854) (-4.41214e-14,-0.00222854) 
429 (4.37116e-14,-0.00222335) (-4.37113e-14,-0.00222335) 
430 (4.33063e-14,-0.00221818) (-4.3306e-14,-0.00221818) 
431 (4.29064e-14,-0.00221304) (-4.29062e-14,-0.00221304) 
432 (4.2511e-14,-0.00220792) (-4.25107e-14,-0.00220792) 
433 (4.21199e-14,-0.00220283) (-4.21196e-14,-0.00220283) 
434 (4.1734e-14,-0.00219776) (-4.17337e-14,-0.00219776) 
435 (4.13526e-14,-0.00219271) (-4.13523e-14,-0.00219271) 
436 (4.09739e-14,-0.00218769) (-4.09736e-14,-0.00218769) 
437 (4.06006e-14,-0.00218269) (-4.06003e-14,-0.00218269) 
438 (4.02303e-14,-0.00217771) (-4.023e-14,-0.00217771) 
439 (3.98633e-14,-0.00217276) (-3.9863e-14,-0.00217276) 
440 (3.95025e-14,-0.00216783) (-3.95023e-14,-0.00216783) 
441 (3.91479e-14,-0.00216292) (-3.91477e-14,-0.00216292) 
442 (3.87964e-14,-0.00215803) (-3.87962e-14,-0.00215803) 
443 (3.84477e-14,-0.00215316) (-3.84474e-14,-0.00215316) 
444 (3.81038e-14,-0.00214832) (-3.81035e-14,-0.00214832) 
445 (3.77623e-14,-0.0021435) (-3.7762e-14,-0.0021435) 
446 (3.74247e-14,-0.0021387) (-3.74244e-14,-0.0021387) 
447 (3.70914e-14,-0.00213392) (-3.70912e-14,-0.00213392) 
448 (3.67617e-14,-0.00212916) (-3.67615e-14,-0.00212916) 
449 (3.64355e-14,-0.00212442) (-3.64353e-14,-0.00212442) 
450 (3.61135e-14,-0.00211971) (-3.61133e-14,-0.00211971) 
451 (3.57951e-14,-0.00211501) (-3.57949e-14,-0.00211501) 
452 (3.54789e-14,-0.00211034) (-3.54787e-14,-0.00211034) 
453 (3.5167e-14,-0.00210568) (-3.51668e-14,-0.00210568) 
454 (3.48576e-14,-0.00210105) (-3.48573e-14,-0.00210105) 
455 (3.45508e-14,-0.00209644) (-3.45505e-14,-0.00209644) 
456 (3.4249e-14,-0.00209185) (-3.42488e-14,-0.00209185) 
457 (3.39522e-14,-0.00208727) (-3.3952e-14,-0.00208727) 
458 (3.3658e-14,-0.00208272) (-3.36577e-14,-0.00208272) 
459 (3.33659e-14,-0.00207819) (-3.33657e-14,-0.00207819) 
460 (3.30778e-14,-0.00207368) (-3.30775e-14,-0.00207368) 
461 (3.27916e-14,-0.00206918) (-3.27914e-14,-0.00206918) 
462 (3.25085e-14,-0.00206471) (-3.25083e-14,-0.00206471) 
463 (3.2229e-14,-0.00206025) (-3.22288e-14,-0.00206025) 
464 (3.19524e-14,-0.00205582) (-3.19522e-14,-0.00205582) 
465 (3.16786e-14,-0.0020514) (-3.16784e-14,-0.0020514) 
466 (3.14081e-14,-0.002047) (-3.14079e-14,-0.002047) 
467 (3.11407e-14,-0.00204263) (-3.11405e-14,-0.00204263) 
468 (3.0875e-14,-0.00203827) (-3.08748e-14,-0.00203827) 
469 (3.06128e-14,-0.00203392) (-3.06126e-14,-0.00203392) 
470 (3.03525e-14,-0.0020296) (-3.03523e-14,-0.0020296) 
471 (3.00945e-14,-0.0020253) (-3.00943e-14,-0.0020253) 
472 (2.98405e-14,-0.00202101) (-2.98403e-14,-0.00202101) 
473 (2.95906e-14,-0.00201674) (-2.95904e-14,-0.00201674) 
474 (2.93427e-14,-0.00201249) (-2.93425e-14,-0.00201249) 
475 (2.90966e-14,-0.00200826) (-2.90965e-14,-0.00200826) 
476 (2.88538e-14,-0.00200405) (-2.88536e-14,-0.00200405) 
477 (2.86125e-14,-0.00199985) (-2.86123e-14,-0.00199985) 
478 (2.83738e-14,-0.00199567) (-2.83736e-14,-0.00199567) 
479 (2.81379e-14,-0.00199151) (-2.81377e-14,-0.00199151) 
480 (2.79044e-14,-0.00198736) (-2.79042e-14,-0.00198736) 
481 (2.76732e-14,-0.00198324) (-2.7673e-14,-0.00198324) 
482 (2.74448e-14,-0.00197912) (-2.74446e-14,-0.00197912) 
483 (2.72187e-14,-0.00197503) (-2.72186e-14,-0.00197503) 
484 (2.69942e-14,-0.00197096) (-2.6994e-14,-0.00197096) 
485 (2.67725e-14,-0.0019669) (-2.67723e-14,-0.0019669) 
486 (2.65524e-14,-0.00196285) (-2.65522e-14,-0.00196285) 
487 (2.6334e-14,-0.00195883) (-2.63339e-14,-0.00195883) 
488 (2.61191e-14,-0.00195482) (-2.61189e-14,-0.00195482) 
489 (2.59074e-14,-0.00195082) (-2.59072e-14,-0.00195082) 
490 (2.56974e-14,-0.00194685) (-2.56973e-14,-0.00194685) 
491 (2.54889e-14,-0.00194288) (-2.54887e-14,-0.00194288) 
492 (2.5283e-14,-0.00193894) (-2.52829e-14,-0.00193894) 
493 (2.50784e-14,-0.00193501) (-2.50783e-14,-0.00193501) 
494 (2.48759e-14,-0.0019311) (-2.48758e-14,-0.0019311) 
495 (2.46758e-14,-0.0019272) (-2.46757e-14,-0.0019272) 
496 (2.44776e-14,-0.00192332) (-2.44775e-14,-0.00192332) 
497 (2.42813e-14,-0.00191945) (-2.42812e-14,-0.00191945) 
498 (2.40873e-14,-0.0019156) (-2.40872e-14,-0.0019156) 
499 (2.38953e-14,-0.00191177) (-2.38951e-14,-0.00191177) 
