0 (-0.607901,-1.53456) (0.607882,-1.53484) 
1 (-0.0601195,-0.723267) (0.0601294,-0.72327) 
2 (-0.0144239,-0.468922) (0.0144256,-0.468922) 
3 (-0.00497641,-0.346086) (0.0049769,-0.346086) 
4 (-0.00210668,-0.273747) (0.00210687,-0.273747) 
5 (-0.001028,-0.226162) (0.00102809,-0.226162) 
6 (-0.000555484,-0.192534) (0.000555531,-0.192534) 
7 (-0.000326704,-0.167535) (0.000326731,-0.167535) 
8 (-0.000204917,-0.148235) (0.000204932,-0.148235) 
9 (-0.00013509,-0.132895) (0.000135099,-0.132895) 
10 (-9.26227e-05,-0.120415) (9.26285e-05,-0.120415) 
11 (-6.54454e-05,-0.110067) (6.54494e-05,-0.110067) 
12 (-4.74974e-05,-0.10135) (4.75001e-05,-0.10135) 
13 (-3.52904e-05,-0.0939076) (3.52925e-05,-0.0939076) 
14 (-2.67712e-05,-0.08748) (2.67727e-05,-0.08748) 
15 (-2.06461e-05,-0.0818735) (2.06473e-05,-0.0818735) 
16 (-1.60919e-05,-0.0769406) (1.60928e-05,-0.0769406) 
17 (-1.2675e-05,-0.0725671) (1.26757e-05,-0.0725671) 
18 (-1.01199e-05,-0.0686631) (1.01205e-05,-0.0686631) 
19 (-8.18623e-06,-0.065157) (8.18669e-06,-0.065157) 
20 (-6.69745e-06,-0.0619909) (6.69783e-06,-0.0619909) 
21 (-5.53437e-06,-0.0591177) (5.53469e-06,-0.0591177) 
22 (-4.61369e-06,-0.0564987) (4.61396e-06,-0.0564987) 
23 (-3.87931e-06,-0.0541016) (3.87953e-06,-0.0541016) 
24 (-3.28758e-06,-0.0518994) (3.28777e-06,-0.0518994) 
25 (-2.80608e-06,-0.0498692) (2.80624e-06,-0.0498692) 
26 (-2.41051e-06,-0.0479917) (2.41065e-06,-0.0479917) 
27 (-2.08208e-06,-0.0462504) (2.0822e-06,-0.0462504) 
28 (-1.80783e-06,-0.0446308) (1.80793e-06,-0.0446308) 
29 (-1.57748e-06,-0.0431207) (1.57757e-06,-0.0431207) 
30 (-1.38297e-06,-0.0417094) (1.38305e-06,-0.0417094) 
31 (-1.21732e-06,-0.0403875) (1.21738e-06,-0.0403875) 
32 (-1.07439e-06,-0.0391467) (1.07445e-06,-0.0391467) 
33 (-9.50779e-07,-0.0379798) (9.50833e-07,-0.0379798) 
34 (-8.44436e-07,-0.0368805) (8.44483e-07,-0.0368805) 
35 (-7.52765e-07,-0.0358429) (7.52808e-07,-0.0358429) 
36 (-6.73324e-07,-0.0348621) (6.73362e-07,-0.0348621) 
37 (-6.04159e-07,-0.0339336) (6.04193e-07,-0.0339336) 
38 (-5.43669e-07,-0.0330531) (5.437e-07,-0.0330531) 
39 (-4.90675e-07,-0.0322172) (4.90703e-07,-0.0322172) 
40 (-4.44092e-07,-0.0314225) (4.44117e-07,-0.0314225) 
41 (-4.02998e-07,-0.0306661) (4.03021e-07,-0.0306661) 
42 (-3.66609e-07,-0.0299452) (3.6663e-07,-0.0299452) 
43 (-3.34232e-07,-0.0292574) (3.34251e-07,-0.0292574) 
44 (-3.05363e-07,-0.0286004) (3.0538e-07,-0.0286004) 
45 (-2.79564e-07,-0.0279724) (2.7958e-07,-0.0279724) 
46 (-2.56461e-07,-0.0273713) (2.56475e-07,-0.0273713) 
47 (-2.3568e-07,-0.0267954) (2.35693e-07,-0.0267954) 
48 (-2.16843e-07,-0.0262433) (2.16855e-07,-0.0262433) 
49 (-1.99749e-07,-0.0257135) (1.9976e-07,-0.0257135) 
50 (-1.84304e-07,-0.0252047) (1.84315e-07,-0.0252047) 
51 (-1.70345e-07,-0.0247156) (1.70355e-07,-0.0247156) 
52 (-1.57696e-07,-0.0242451) (1.57705e-07,-0.0242451) 
53 (-1.46207e-07,-0.0237921) (1.46215e-07,-0.0237921) 
54 (-1.35748e-07,-0.0233558) (1.35755e-07,-0.0233558) 
55 (-1.26221e-07,-0.0229352) (1.26228e-07,-0.0229352) 
56 (-1.1753e-07,-0.0225295) (1.17537e-07,-0.0225295) 
57 (-1.09588e-07,-0.0221379) (1.09594e-07,-0.0221379) 
58 (-1.02314e-07,-0.0217596) (1.0232e-07,-0.0217596) 
59 (-9.56337e-08,-0.0213941) (9.56391e-08,-0.0213941) 
60 (-8.9492e-08,-0.0210406) (8.9497e-08,-0.0210406) 
61 (-8.38389e-08,-0.0206987) (8.38436e-08,-0.0206987) 
62 (-7.86302e-08,-0.0203676) (7.86346e-08,-0.0203676) 
63 (-7.38174e-08,-0.020047) (7.38215e-08,-0.020047) 
64 (-6.93459e-08,-0.0197363) (6.93498e-08,-0.0197363) 
65 (-6.51891e-08,-0.0194351) (6.51927e-08,-0.0194351) 
66 (-6.13384e-08,-0.019143) (6.13419e-08,-0.019143) 
67 (-5.7772e-08,-0.0188595) (5.77753e-08,-0.0188595) 
68 (-5.44636e-08,-0.0185842) (5.44667e-08,-0.0185842) 
69 (-5.13902e-08,-0.0183169) (5.13931e-08,-0.0183169) 
70 (-4.85309e-08,-0.0180572) (4.85336e-08,-0.0180572) 
71 (-4.58708e-08,-0.0178047) (4.58734e-08,-0.0178047) 
72 (-4.33938e-08,-0.0175592) (4.33962e-08,-0.0175592) 
73 (-4.10847e-08,-0.0173204) (4.1087e-08,-0.0173204) 
74 (-3.89293e-08,-0.017088) (3.89315e-08,-0.017088) 
75 (-3.69134e-08,-0.0168617) (3.69155e-08,-0.0168617) 
76 (-3.50269e-08,-0.0166414) (3.50289e-08,-0.0166414) 
77 (-3.32604e-08,-0.0164267) (3.32622e-08,-0.0164267) 
78 (-3.1605e-08,-0.0162175) (3.16068e-08,-0.0162175) 
79 (-3.00509e-08,-0.0160135) (3.00526e-08,-0.0160135) 
80 (-2.85855e-08,-0.0158147) (2.85871e-08,-0.0158147) 
81 (-2.72032e-08,-0.0156207) (2.72048e-08,-0.0156207) 
82 (-2.59033e-08,-0.0154314) (2.59048e-08,-0.0154314) 
83 (-2.46812e-08,-0.0152466) (2.46826e-08,-0.0152466) 
84 (-2.35311e-08,-0.0150662) (2.35324e-08,-0.0150662) 
85 (-2.24476e-08,-0.01489) (2.24489e-08,-0.01489) 
86 (-2.14258e-08,-0.0147179) (2.14271e-08,-0.0147179) 
87 (-2.04625e-08,-0.0145498) (2.04636e-08,-0.0145498) 
88 (-1.95536e-08,-0.0143854) (1.95548e-08,-0.0143854) 
89 (-1.86956e-08,-0.0142247) (1.86967e-08,-0.0142247) 
90 (-1.78848e-08,-0.0140676) (1.78858e-08,-0.0140676) 
91 (-1.71175e-08,-0.0139138) (1.71185e-08,-0.0139138) 
92 (-1.63911e-08,-0.0137634) (1.63921e-08,-0.0137634) 
93 (-1.57032e-08,-0.0136163) (1.5704e-08,-0.0136163) 
94 (-1.50513e-08,-0.0134722) (1.50522e-08,-0.0134722) 
95 (-1.44328e-08,-0.0133312) (1.44336e-08,-0.0133312) 
96 (-1.38439e-08,-0.013193) (1.38446e-08,-0.013193) 
97 (-1.32829e-08,-0.0130578) (1.32837e-08,-0.0130578) 
98 (-1.275e-08,-0.0129252) (1.27507e-08,-0.0129252) 
99 (-1.22439e-08,-0.0127953) (1.22446e-08,-0.0127953) 
100 (-1.1763e-08,-0.012668) (1.17636e-08,-0.012668) 
101 (-1.13056e-08,-0.0125432) (1.13062e-08,-0.0125432) 
102 (-1.08702e-08,-0.0124209) (1.08708e-08,-0.0124209) 
103 (-1.04559e-08,-0.0123009) (1.04565e-08,-0.0123009) 
104 (-1.00615e-08,-0.0121832) (1.00621e-08,-0.0121832) 
105 (-9.68591e-09,-0.0120677) (9.68645e-09,-0.0120677) 
106 (-9.32792e-09,-0.0119544) (9.32844e-09,-0.0119544) 
107 (-8.98632e-09,-0.0118433) (8.98683e-09,-0.0118433) 
108 (-8.66029e-09,-0.0117341) (8.66078e-09,-0.0117341) 
109 (-8.34904e-09,-0.011627) (8.34951e-09,-0.011627) 
110 (-8.05182e-09,-0.0115218) (8.05227e-09,-0.0115218) 
111 (-7.76763e-09,-0.0114184) (7.76807e-09,-0.0114184) 
112 (-7.49513e-09,-0.011317) (7.49555e-09,-0.011317) 
113 (-7.23378e-09,-0.0112173) (7.23418e-09,-0.0112173) 
114 (-6.98368e-09,-0.0111193) (6.98408e-09,-0.0111193) 
115 (-6.74446e-09,-0.011023) (6.74484e-09,-0.011023) 
116 (-6.51549e-09,-0.0109284) (6.51586e-09,-0.0109284) 
117 (-6.29622e-09,-0.0108354) (6.29657e-09,-0.0108354) 
118 (-6.08611e-09,-0.010744) (6.08645e-09,-0.010744) 
119 (-5.88482e-09,-0.0106541) (5.88515e-09,-0.0106541) 
120 (-5.69195e-09,-0.0105657) (5.69227e-09,-0.0105657) 
121 (-5.50706e-09,-0.0104788) (5.50737e-09,-0.0104788) 
122 (-5.32972e-09,-0.0103932) (5.33002e-09,-0.0103932) 
123 (-5.15947e-09,-0.0103091) (5.15976e-09,-0.0103091) 
124 (-4.996e-09,-0.0102263) (4.99628e-09,-0.0102263) 
125 (-4.83901e-09,-0.0101448) (4.83928e-09,-0.0101448) 
126 (-4.68821e-09,-0.0100646) (4.68847e-09,-0.0100646) 
127 (-4.54321e-09,-0.00998569) (4.54346e-09,-0.00998569) 
128 (-4.40344e-09,-0.00990799) (4.40368e-09,-0.00990799) 
129 (-4.26868e-09,-0.00983149) (4.26892e-09,-0.00983149) 
130 (-4.13903e-09,-0.00975616) (4.13926e-09,-0.00975616) 
131 (-4.01433e-09,-0.00968198) (4.01455e-09,-0.00968198) 
132 (-3.89433e-09,-0.00960891) (3.89455e-09,-0.00960891) 
133 (-3.77882e-09,-0.00953694) (3.77903e-09,-0.00953694) 
134 (-3.66756e-09,-0.00946604) (3.66777e-09,-0.00946604) 
135 (-3.56043e-09,-0.00939619) (3.56063e-09,-0.00939619) 
136 (-3.45726e-09,-0.00932736) (3.45746e-09,-0.00932736) 
137 (-3.35787e-09,-0.00925953) (3.35806e-09,-0.00925953) 
138 (-3.26208e-09,-0.00919268) (3.26226e-09,-0.00919268) 
139 (-3.16968e-09,-0.00912679) (3.16986e-09,-0.00912679) 
140 (-3.08054e-09,-0.00906183) (3.08072e-09,-0.00906183) 
141 (-2.99455e-09,-0.0089978) (2.99472e-09,-0.0089978) 
142 (-2.91157e-09,-0.00893466) (2.91173e-09,-0.00893466) 
143 (-2.83143e-09,-0.0088724) (2.83159e-09,-0.0088724) 
144 (-2.75387e-09,-0.008811) (2.75402e-09,-0.008811) 
145 (-2.67878e-09,-0.00875045) (2.67893e-09,-0.00875045) 
146 (-2.60623e-09,-0.00869073) (2.60638e-09,-0.00869073) 
147 (-2.53616e-09,-0.00863181) (2.5363e-09,-0.00863181) 
148 (-2.46844e-09,-0.00857369) (2.46858e-09,-0.00857369) 
149 (-2.40299e-09,-0.00851634) (2.40312e-09,-0.00851634) 
150 (-2.33969e-09,-0.00845976) (2.33982e-09,-0.00845976) 
151 (-2.2785e-09,-0.00840392) (2.27862e-09,-0.00840392) 
152 (-2.21933e-09,-0.00834882) (2.21945e-09,-0.00834882) 
153 (-2.1621e-09,-0.00829443) (2.16222e-09,-0.00829443) 
154 (-2.10674e-09,-0.00824075) (2.10686e-09,-0.00824075) 
155 (-2.05314e-09,-0.00818776) (2.05325e-09,-0.00818776) 
156 (-2.00124e-09,-0.00813545) (2.00135e-09,-0.00813545) 
157 (-1.95098e-09,-0.0080838) (1.95109e-09,-0.0080838) 
158 (-1.90231e-09,-0.0080328) (1.90242e-09,-0.0080328) 
159 (-1.85515e-09,-0.00798244) (1.85525e-09,-0.00798244) 
160 (-1.80935e-09,-0.00793271) (1.80945e-09,-0.00793271) 
161 (-1.76486e-09,-0.00788359) (1.76496e-09,-0.00788359) 
162 (-1.72174e-09,-0.00783508) (1.72183e-09,-0.00783508) 
163 (-1.67994e-09,-0.00778716) (1.68003e-09,-0.00778716) 
164 (-1.63941e-09,-0.00773983) (1.6395e-09,-0.00773983) 
165 (-1.60011e-09,-0.00769306) (1.6002e-09,-0.00769306) 
166 (-1.56198e-09,-0.00764686) (1.56206e-09,-0.00764686) 
167 (-1.52499e-09,-0.00760121) (1.52508e-09,-0.00760121) 
168 (-1.48912e-09,-0.0075561) (1.4892e-09,-0.0075561) 
169 (-1.45431e-09,-0.00751153) (1.45439e-09,-0.00751153) 
170 (-1.42053e-09,-0.00746747) (1.42061e-09,-0.00746747) 
171 (-1.38772e-09,-0.00742393) (1.3878e-09,-0.00742393) 
172 (-1.35587e-09,-0.0073809) (1.35594e-09,-0.0073809) 
173 (-1.32492e-09,-0.00733836) (1.325e-09,-0.00733836) 
174 (-1.29487e-09,-0.00729631) (1.29495e-09,-0.00729631) 
175 (-1.26566e-09,-0.00725474) (1.26573e-09,-0.00725474) 
176 (-1.23722e-09,-0.00721363) (1.23729e-09,-0.00721363) 
177 (-1.20953e-09,-0.007173) (1.2096e-09,-0.007173) 
178 (-1.18261e-09,-0.00713281) (1.18267e-09,-0.00713281) 
179 (-1.15644e-09,-0.00709308) (1.1565e-09,-0.00709308) 
180 (-1.13099e-09,-0.00705378) (1.13106e-09,-0.00705378) 
181 (-1.10625e-09,-0.00701492) (1.10631e-09,-0.00701492) 
182 (-1.08218e-09,-0.00697649) (1.08224e-09,-0.00697649) 
183 (-1.05877e-09,-0.00693847) (1.05883e-09,-0.00693847) 
184 (-1.03601e-09,-0.00690086) (1.03607e-09,-0.00690086) 
185 (-1.01386e-09,-0.00686366) (1.01392e-09,-0.00686366) 
186 (-9.92315e-10,-0.00682686) (9.92371e-10,-0.00682686) 
187 (-9.71337e-10,-0.00679045) (9.71391e-10,-0.00679045) 
188 (-9.50913e-10,-0.00675443) (9.50966e-10,-0.00675443) 
189 (-9.31028e-10,-0.00671879) (9.3108e-10,-0.00671879) 
190 (-9.11666e-10,-0.00668352) (9.11718e-10,-0.00668352) 
191 (-8.92803e-10,-0.00664862) (8.92853e-10,-0.00664862) 
192 (-8.74396e-10,-0.00661409) (8.74445e-10,-0.00661409) 
193 (-8.56432e-10,-0.00657991) (8.56481e-10,-0.00657991) 
194 (-8.38926e-10,-0.00654608) (8.38973e-10,-0.00654608) 
195 (-8.21871e-10,-0.0065126) (8.21917e-10,-0.0065126) 
196 (-8.05252e-10,-0.00647945) (8.05297e-10,-0.00647945) 
197 (-7.89053e-10,-0.00644665) (7.89097e-10,-0.00644665) 
198 (-7.7326e-10,-0.00641417) (7.73303e-10,-0.00641417) 
199 (-7.57866e-10,-0.00638202) (7.57908e-10,-0.00638202) 
200 (-7.42861e-10,-0.00635019) (7.42902e-10,-0.00635019) 
201 (-7.28232e-10,-0.00631868) (7.28273e-10,-0.00631868) 
202 (-7.13967e-10,-0.00628748) (7.14007e-10,-0.00628748) 
203 (-7.0005e-10,-0.00625658) (7.00089e-10,-0.00625658) 
204 (-6.86472e-10,-0.00622599) (6.86511e-10,-0.00622599) 
205 (-6.73225e-10,-0.00619569) (6.73263e-10,-0.00619569) 
206 (-6.603e-10,-0.00616569) (6.60337e-10,-0.00616569) 
207 (-6.47682e-10,-0.00613598) (6.47718e-10,-0.00613598) 
208 (-6.35346e-10,-0.00610655) (6.35381e-10,-0.00610655) 
209 (-6.23284e-10,-0.0060774) (6.23319e-10,-0.0060774) 
210 (-6.11507e-10,-0.00604853) (6.11541e-10,-0.00604853) 
211 (-6.0001e-10,-0.00601994) (6.00044e-10,-0.00601994) 
212 (-5.88785e-10,-0.00599161) (5.88818e-10,-0.00599161) 
213 (-5.77822e-10,-0.00596355) (5.77855e-10,-0.00596355) 
214 (-5.67114e-10,-0.00593574) (5.67146e-10,-0.00593574) 
215 (-5.56657e-10,-0.0059082) (5.56688e-10,-0.0059082) 
216 (-5.46444e-10,-0.00588091) (5.46475e-10,-0.00588091) 
217 (-5.36469e-10,-0.00585387) (5.36499e-10,-0.00585387) 
218 (-5.26724e-10,-0.00582708) (5.26753e-10,-0.00582708) 
219 (-5.17199e-10,-0.00580054) (5.17228e-10,-0.00580054) 
220 (-5.0789e-10,-0.00577423) (5.07919e-10,-0.00577423) 
221 (-4.98791e-10,-0.00574816) (4.98819e-10,-0.00574816) 
222 (-4.89898e-10,-0.00572233) (4.89925e-10,-0.00572233) 
223 (-4.81201e-10,-0.00569673) (4.81228e-10,-0.00569673) 
224 (-4.72685e-10,-0.00567135) (4.72711e-10,-0.00567135) 
225 (-4.64344e-10,-0.00564621) (4.64371e-10,-0.00564621) 
226 (-4.56187e-10,-0.00562128) (4.56212e-10,-0.00562128) 
227 (-4.4821e-10,-0.00559657) (4.48235e-10,-0.00559657) 
228 (-4.40408e-10,-0.00557208) (4.40433e-10,-0.00557208) 
229 (-4.32777e-10,-0.0055478) (4.32801e-10,-0.0055478) 
230 (-4.2531e-10,-0.00552373) (4.25334e-10,-0.00552373) 
231 (-4.18006e-10,-0.00549987) (4.1803e-10,-0.00549987) 
232 (-4.10862e-10,-0.00547622) (4.10885e-10,-0.00547622) 
233 (-4.03872e-10,-0.00545276) (4.03894e-10,-0.00545276) 
234 (-3.97032e-10,-0.00542951) (3.97055e-10,-0.00542951) 
235 (-3.90337e-10,-0.00540646) (3.90359e-10,-0.00540646) 
236 (-3.83783e-10,-0.0053836) (3.83805e-10,-0.0053836) 
237 (-3.77367e-10,-0.00536093) (3.77389e-10,-0.00536093) 
238 (-3.71087e-10,-0.00533845) (3.71108e-10,-0.00533845) 
239 (-3.64936e-10,-0.00531617) (3.64957e-10,-0.00531617) 
240 (-3.58904e-10,-0.00529406) (3.58924e-10,-0.00529406) 
241 (-3.52989e-10,-0.00527214) (3.53009e-10,-0.00527214) 
242 (-3.47195e-10,-0.0052504) (3.47214e-10,-0.0052504) 
243 (-3.41521e-10,-0.00522884) (3.4154e-10,-0.00522884) 
244 (-3.35963e-10,-0.00520745) (3.35982e-10,-0.00520745) 
245 (-3.30519e-10,-0.00518624) (3.30537e-10,-0.00518624) 
246 (-3.25184e-10,-0.0051652) (3.25203e-10,-0.0051652) 
247 (-3.19959e-10,-0.00514433) (3.19977e-10,-0.00514433) 
248 (-3.1484e-10,-0.00512363) (3.14858e-10,-0.00512363) 
249 (-3.09825e-10,-0.0051031) (3.09842e-10,-0.0051031) 
250 (-3.04911e-10,-0.00508273) (3.04928e-10,-0.00508273) 
251 (-3.00094e-10,-0.00506252) (3.00111e-10,-0.00506252) 
252 (-2.95373e-10,-0.00504247) (2.95389e-10,-0.00504247) 
253 (-2.90744e-10,-0.00502258) (2.90761e-10,-0.00502258) 
254 (-2.86207e-10,-0.00500284) (2.86224e-10,-0.00500284) 
255 (-2.81758e-10,-0.00498326) (2.81774e-10,-0.00498326) 
256 (-2.7739e-10,-0.00496384) (2.77406e-10,-0.00496384) 
257 (-2.73101e-10,-0.00494456) (2.73117e-10,-0.00494456) 
258 (-2.68895e-10,-0.00492543) (2.6891e-10,-0.00492543) 
259 (-2.6477e-10,-0.00490645) (2.64785e-10,-0.00490645) 
260 (-2.60724e-10,-0.00488762) (2.60739e-10,-0.00488762) 
261 (-2.56756e-10,-0.00486893) (2.56771e-10,-0.00486893) 
262 (-2.52864e-10,-0.00485038) (2.52878e-10,-0.00485038) 
263 (-2.49046e-10,-0.00483197) (2.4906e-10,-0.00483197) 
264 (-2.45301e-10,-0.0048137) (2.45315e-10,-0.0048137) 
265 (-2.41628e-10,-0.00479557) (2.41641e-10,-0.00479557) 
266 (-2.38024e-10,-0.00477758) (2.38037e-10,-0.00477758) 
267 (-2.34487e-10,-0.00475972) (2.34501e-10,-0.00475972) 
268 (-2.31016e-10,-0.00474199) (2.31029e-10,-0.00474199) 
269 (-2.2761e-10,-0.0047244) (2.27623e-10,-0.0047244) 
270 (-2.24267e-10,-0.00470693) (2.2428e-10,-0.00470693) 
271 (-2.20985e-10,-0.0046896) (2.20997e-10,-0.0046896) 
272 (-2.17759e-10,-0.00467239) (2.17771e-10,-0.00467239) 
273 (-2.14588e-10,-0.0046553) (2.146e-10,-0.0046553) 
274 (-2.11474e-10,-0.00463835) (2.11486e-10,-0.00463835) 
275 (-2.08418e-10,-0.00462151) (2.0843e-10,-0.00462151) 
276 (-2.05417e-10,-0.0046048) (2.05429e-10,-0.0046048) 
277 (-2.0247e-10,-0.0045882) (2.02482e-10,-0.0045882) 
278 (-1.99576e-10,-0.00457173) (1.99587e-10,-0.00457173) 
279 (-1.96734e-10,-0.00455537) (1.96745e-10,-0.00455537) 
280 (-1.93944e-10,-0.00453913) (1.93955e-10,-0.00453913) 
281 (-1.91204e-10,-0.00452301) (1.91215e-10,-0.00452301) 
282 (-1.88513e-10,-0.004507) (1.88523e-10,-0.004507) 
283 (-1.85869e-10,-0.0044911) (1.85879e-10,-0.0044911) 
284 (-1.83271e-10,-0.00447531) (1.83282e-10,-0.00447531) 
285 (-1.80719e-10,-0.00445964) (1.8073e-10,-0.00445964) 
286 (-1.78212e-10,-0.00444407) (1.78222e-10,-0.00444407) 
287 (-1.75749e-10,-0.00442862) (1.75758e-10,-0.00442862) 
288 (-1.73324e-10,-0.00441327) (1.73334e-10,-0.00441327) 
289 (-1.7094e-10,-0.00439802) (1.70949e-10,-0.00439802) 
290 (-1.68595e-10,-0.00438288) (1.68605e-10,-0.00438288) 
291 (-1.66292e-10,-0.00436785) (1.66301e-10,-0.00436785) 
292 (-1.64028e-10,-0.00435291) (1.64037e-10,-0.00435291) 
293 (-1.61802e-10,-0.00433808) (1.61811e-10,-0.00433808) 
294 (-1.59615e-10,-0.00432335) (1.59624e-10,-0.00432335) 
295 (-1.57464e-10,-0.00430872) (1.57473e-10,-0.00430872) 
296 (-1.55351e-10,-0.00429419) (1.5536e-10,-0.00429419) 
297 (-1.53273e-10,-0.00427976) (1.53282e-10,-0.00427976) 
298 (-1.51231e-10,-0.00426542) (1.5124e-10,-0.00426542) 
299 (-1.49223e-10,-0.00425118) (1.49231e-10,-0.00425118) 
300 (-1.47248e-10,-0.00423703) (1.47256e-10,-0.00423703) 
301 (-1.45306e-10,-0.00422298) (1.45314e-10,-0.00422298) 
302 (-1.43396e-10,-0.00420902) (1.43404e-10,-0.00420902) 
303 (-1.41517e-10,-0.00419515) (1.41525e-10,-0.00419515) 
304 (-1.39667e-10,-0.00418137) (1.39675e-10,-0.00418137) 
305 (-1.37846e-10,-0.00416769) (1.37854e-10,-0.00416769) 
306 (-1.36054e-10,-0.00415409) (1.36061e-10,-0.00415409) 
307 (-1.34291e-10,-0.00414058) (1.34299e-10,-0.00414058) 
308 (-1.32557e-10,-0.00412716) (1.32565e-10,-0.00412716) 
309 (-1.30851e-10,-0.00411382) (1.30859e-10,-0.00411382) 
310 (-1.29173e-10,-0.00410058) (1.2918e-10,-0.00410058) 
311 (-1.27522e-10,-0.00408741) (1.27529e-10,-0.00408741) 
312 (-1.25897e-10,-0.00407433) (1.25904e-10,-0.00407433) 
313 (-1.24299e-10,-0.00406134) (1.24306e-10,-0.00406134) 
314 (-1.22727e-10,-0.00404842) (1.22734e-10,-0.00404842) 
315 (-1.21179e-10,-0.00403559) (1.21186e-10,-0.00403559) 
316 (-1.19656e-10,-0.00402284) (1.19663e-10,-0.00402284) 
317 (-1.18157e-10,-0.00401017) (1.18163e-10,-0.00401017) 
318 (-1.16681e-10,-0.00399758) (1.16688e-10,-0.00399758) 
319 (-1.15229e-10,-0.00398507) (1.15235e-10,-0.00398507) 
320 (-1.13798e-10,-0.00397263) (1.13804e-10,-0.00397263) 
321 (-1.12387e-10,-0.00396028) (1.12393e-10,-0.00396028) 
322 (-1.10998e-10,-0.003948) (1.11004e-10,-0.003948) 
323 (-1.09631e-10,-0.0039358) (1.09637e-10,-0.0039358) 
324 (-1.08285e-10,-0.00392367) (1.08291e-10,-0.00392367) 
325 (-1.0696e-10,-0.00391161) (1.06966e-10,-0.00391161) 
326 (-1.05655e-10,-0.00389963) (1.05661e-10,-0.00389963) 
327 (-1.0437e-10,-0.00388772) (1.04376e-10,-0.00388772) 
328 (-1.03105e-10,-0.00387589) (1.03111e-10,-0.00387589) 
329 (-1.01859e-10,-0.00386413) (1.01865e-10,-0.00386413) 
330 (-1.00633e-10,-0.00385244) (1.00638e-10,-0.00385244) 
331 (-9.94246e-11,-0.00384081) (9.94302e-11,-0.00384081) 
332 (-9.82347e-11,-0.00382926) (9.82402e-11,-0.00382926) 
333 (-9.70627e-11,-0.00381778) (9.70681e-11,-0.00381778) 
334 (-9.59083e-11,-0.00380637) (9.59137e-11,-0.00380637) 
335 (-9.4771e-11,-0.00379502) (9.47763e-11,-0.00379502) 
336 (-9.36495e-11,-0.00378375) (9.36548e-11,-0.00378375) 
337 (-9.25435e-11,-0.00377253) (9.25487e-11,-0.00377253) 
338 (-9.14537e-11,-0.00376139) (9.14589e-11,-0.00376139) 
339 (-9.03802e-11,-0.00375031) (9.03852e-11,-0.00375031) 
340 (-8.93225e-11,-0.0037393) (8.93275e-11,-0.0037393) 
341 (-8.82803e-11,-0.00372835) (8.82853e-11,-0.00372835) 
342 (-8.72533e-11,-0.00371746) (8.72582e-11,-0.00371746) 
343 (-8.62414e-11,-0.00370664) (8.62463e-11,-0.00370664) 
344 (-8.52444e-11,-0.00369588) (8.52492e-11,-0.00369588) 
345 (-8.42621e-11,-0.00368518) (8.42669e-11,-0.00368518) 
346 (-8.32941e-11,-0.00367455) (8.32988e-11,-0.00367455) 
347 (-8.234e-11,-0.00366397) (8.23446e-11,-0.00366397) 
348 (-8.13996e-11,-0.00365346) (8.14042e-11,-0.00365346) 
349 (-8.04727e-11,-0.00364301) (8.04772e-11,-0.00364301) 
350 (-7.95591e-11,-0.00363261) (7.95636e-11,-0.00363261) 
351 (-7.86584e-11,-0.00362228) (7.86628e-11,-0.00362228) 
352 (-7.77696e-11,-0.003612) (7.7774e-11,-0.003612) 
353 (-7.68926e-11,-0.00360179) (7.68969e-11,-0.00360179) 
354 (-7.60278e-11,-0.00359163) (7.60321e-11,-0.00359163) 
355 (-7.51754e-11,-0.00358152) (7.51796e-11,-0.00358152) 
356 (-7.4335e-11,-0.00357148) (7.43391e-11,-0.00357148) 
357 (-7.35063e-11,-0.00356149) (7.35105e-11,-0.00356149) 
358 (-7.26892e-11,-0.00355155) (7.26933e-11,-0.00355155) 
359 (-7.18836e-11,-0.00354167) (7.18876e-11,-0.00354167) 
360 (-7.10893e-11,-0.00353185) (7.10933e-11,-0.00353185) 
361 (-7.03062e-11,-0.00352208) (7.03102e-11,-0.00352208) 
362 (-6.9534e-11,-0.00351236) (6.9538e-11,-0.00351236) 
363 (-6.87724e-11,-0.0035027) (6.87763e-11,-0.0035027) 
364 (-6.80213e-11,-0.00349309) (6.80251e-11,-0.00349309) 
365 (-6.72805e-11,-0.00348353) (6.72842e-11,-0.00348353) 
366 (-6.65498e-11,-0.00347403) (6.65536e-11,-0.00347403) 
367 (-6.5829e-11,-0.00346458) (6.58327e-11,-0.00346458) 
368 (-6.51174e-11,-0.00345517) (6.5121e-11,-0.00345517) 
369 (-6.44147e-11,-0.00344582) (6.44184e-11,-0.00344582) 
370 (-6.37215e-11,-0.00343652) (6.37251e-11,-0.00343652) 
371 (-6.30377e-11,-0.00342727) (6.30412e-11,-0.00342727) 
372 (-6.23631e-11,-0.00341807) (6.23666e-11,-0.00341807) 
373 (-6.16976e-11,-0.00340892) (6.17011e-11,-0.00340892) 
374 (-6.1041e-11,-0.00339982) (6.10444e-11,-0.00339982) 
375 (-6.03932e-11,-0.00339076) (6.03966e-11,-0.00339076) 
376 (-5.97541e-11,-0.00338176) (5.97575e-11,-0.00338176) 
377 (-5.91237e-11,-0.0033728) (5.9127e-11,-0.0033728) 
378 (-5.85016e-11,-0.00336389) (5.85049e-11,-0.00336389) 
379 (-5.78878e-11,-0.00335503) (5.7891e-11,-0.00335503) 
380 (-5.7282e-11,-0.00334621) (5.72852e-11,-0.00334621) 
381 (-5.66841e-11,-0.00333744) (5.66873e-11,-0.00333744) 
382 (-5.60942e-11,-0.00332871) (5.60973e-11,-0.00332871) 
383 (-5.55119e-11,-0.00332003) (5.5515e-11,-0.00332003) 
384 (-5.49366e-11,-0.0033114) (5.49397e-11,-0.0033114) 
385 (-5.43684e-11,-0.00330281) (5.43714e-11,-0.00330281) 
386 (-5.38074e-11,-0.00329426) (5.38104e-11,-0.00329426) 
387 (-5.32538e-11,-0.00328576) (5.32567e-11,-0.00328576) 
388 (-5.27073e-11,-0.0032773) (5.27102e-11,-0.0032773) 
389 (-5.21678e-11,-0.00326889) (5.21708e-11,-0.00326889) 
390 (-5.16353e-11,-0.00326052) (5.16382e-11,-0.00326052) 
391 (-5.11096e-11,-0.00325219) (5.11125e-11,-0.00325219) 
392 (-5.05908e-11,-0.00324391) (5.05936e-11,-0.00324391) 
393 (-5.00786e-11,-0.00323566) (5.00814e-11,-0.00323566) 
394 (-4.9573e-11,-0.00322746) (4.95758e-11,-0.00322746) 
395 (-4.90738e-11,-0.0032193) (4.90765e-11,-0.0032193) 
396 (-4.85808e-11,-0.00321118) (4.85836e-11,-0.00321118) 
397 (-4.80941e-11,-0.0032031) (4.80968e-11,-0.0032031) 
398 (-4.76136e-11,-0.00319506) (4.76163e-11,-0.00319506) 
399 (-4.7139e-11,-0.00318707) (4.71417e-11,-0.00318707) 
400 (-4.667e-11,-0.00317911) (4.66726e-11,-0.00317911) 
401 (-4.62064e-11,-0.00317119) (4.6209e-11,-0.00317119) 
402 (-4.57486e-11,-0.00316331) (4.57511e-11,-0.00316331) 
403 (-4.52964e-11,-0.00315547) (4.5299e-11,-0.00315547) 
404 (-4.485e-11,-0.00314767) (4.48525e-11,-0.00314767) 
405 (-4.4409e-11,-0.00313991) (4.44115e-11,-0.00313991) 
406 (-4.39734e-11,-0.00313219) (4.39759e-11,-0.00313219) 
407 (-4.35433e-11,-0.0031245) (4.35457e-11,-0.0031245) 
408 (-4.31185e-11,-0.00311685) (4.31209e-11,-0.00311685) 
409 (-4.26989e-11,-0.00310924) (4.27013e-11,-0.00310924) 
410 (-4.22846e-11,-0.00310166) (4.2287e-11,-0.00310166) 
411 (-4.18752e-11,-0.00309413) (4.18776e-11,-0.00309413) 
412 (-4.14709e-11,-0.00308663) (4.14732e-11,-0.00308663) 
413 (-4.10714e-11,-0.00307916) (4.10737e-11,-0.00307916) 
414 (-4.06768e-11,-0.00307173) (4.06791e-11,-0.00307173) 
415 (-4.02869e-11,-0.00306434) (4.02892e-11,-0.00306434) 
416 (-3.99014e-11,-0.00305698) (3.99036e-11,-0.00305698) 
417 (-3.95202e-11,-0.00304966) (3.95224e-11,-0.00304966) 
418 (-3.91435e-11,-0.00304237) (3.91457e-11,-0.00304237) 
419 (-3.87714e-11,-0.00303512) (3.87736e-11,-0.00303512) 
420 (-3.84037e-11,-0.0030279) (3.84059e-11,-0.0030279) 
421 (-3.80404e-11,-0.00302072) (3.80426e-11,-0.00302072) 
422 (-3.76814e-11,-0.00301357) (3.76835e-11,-0.00301357) 
423 (-3.73267e-11,-0.00300646) (3.73288e-11,-0.00300646) 
424 (-3.69762e-11,-0.00299937) (3.69783e-11,-0.00299937) 
425 (-3.66299e-11,-0.00299232) (3.6632e-11,-0.00299232) 
426 (-3.62877e-11,-0.00298531) (3.62898e-11,-0.00298531) 
427 (-3.59495e-11,-0.00297832) (3.59516e-11,-0.00297832) 
428 (-3.56153e-11,-0.00297137) (3.56173e-11,-0.00297137) 
429 (-3.5285e-11,-0.00296446) (3.5287e-11,-0.00296446) 
430 (-3.49585e-11,-0.00295757) (3.49605e-11,-0.00295757) 
431 (-3.46358e-11,-0.00295072) (3.46378e-11,-0.00295072) 
432 (-3.43166e-11,-0.00294389) (3.43185e-11,-0.00294389) 
433 (-3.40008e-11,-0.0029371) (3.40027e-11,-0.0029371) 
434 (-3.36886e-11,-0.00293034) (3.36905e-11,-0.00293034) 
435 (-3.33801e-11,-0.00292361) (3.3382e-11,-0.00292361) 
436 (-3.30751e-11,-0.00291692) (3.3077e-11,-0.00291692) 
437 (-3.27736e-11,-0.00291025) (3.27755e-11,-0.00291025) 
438 (-3.24756e-11,-0.00290361) (3.24774e-11,-0.00290361) 
439 (-3.2181e-11,-0.00289701) (3.21828e-11,-0.00289701) 
440 (-3.18897e-11,-0.00289043) (3.18915e-11,-0.00289043) 
441 (-3.16019e-11,-0.00288388) (3.16036e-11,-0.00288388) 
442 (-3.13173e-11,-0.00287737) (3.1319e-11,-0.00287737) 
443 (-3.10359e-11,-0.00287088) (3.10376e-11,-0.00287088) 
444 (-3.07577e-11,-0.00286442) (3.07594e-11,-0.00286442) 
445 (-3.04826e-11,-0.00285799) (3.04843e-11,-0.00285799) 
446 (-3.02107e-11,-0.00285159) (3.02124e-11,-0.00285159) 
447 (-2.99417e-11,-0.00284522) (2.99434e-11,-0.00284522) 
448 (-2.96756e-11,-0.00283887) (2.96772e-11,-0.00283887) 
449 (-2.94122e-11,-0.00283256) (2.94138e-11,-0.00283256) 
450 (-2.91517e-11,-0.00282627) (2.91534e-11,-0.00282627) 
451 (-2.88942e-11,-0.00282001) (2.88958e-11,-0.00282001) 
452 (-2.86395e-11,-0.00281378) (2.86411e-11,-0.00281378) 
453 (-2.83876e-11,-0.00280757) (2.83892e-11,-0.00280757) 
454 (-2.81385e-11,-0.0028014) (2.81401e-11,-0.0028014) 
455 (-2.78922e-11,-0.00279525) (2.78937e-11,-0.00279525) 
456 (-2.76486e-11,-0.00278912) (2.76501e-11,-0.00278912) 
457 (-2.74077e-11,-0.00278303) (2.74092e-11,-0.00278303) 
458 (-2.71695e-11,-0.00277696) (2.7171e-11,-0.00277696) 
459 (-2.69338e-11,-0.00277091) (2.69353e-11,-0.00277091) 
460 (-2.67007e-11,-0.0027649) (2.67022e-11,-0.0027649) 
461 (-2.64702e-11,-0.00275891) (2.64717e-11,-0.00275891) 
462 (-2.62422e-11,-0.00275294) (2.62436e-11,-0.00275294) 
463 (-2.60166e-11,-0.002747) (2.6018e-11,-0.002747) 
464 (-2.57933e-11,-0.00274109) (2.57947e-11,-0.00274109) 
465 (-2.55722e-11,-0.0027352) (2.55736e-11,-0.0027352) 
466 (-2.53535e-11,-0.00272934) (2.53549e-11,-0.00272934) 
467 (-2.51371e-11,-0.0027235) (2.51385e-11,-0.0027235) 
468 (-2.49231e-11,-0.00271768) (2.49245e-11,-0.00271768) 
469 (-2.47114e-11,-0.0027119) (2.47127e-11,-0.0027119) 
470 (-2.45019e-11,-0.00270613) (2.45032e-11,-0.00270613) 
471 (-2.42946e-11,-0.00270039) (2.4296e-11,-0.00270039) 
472 (-2.40896e-11,-0.00269468) (2.4091e-11,-0.00269468) 
473 (-2.38868e-11,-0.00268899) (2.38881e-11,-0.00268899) 
474 (-2.36861e-11,-0.00268332) (2.36875e-11,-0.00268332) 
475 (-2.34876e-11,-0.00267768) (2.34889e-11,-0.00267768) 
476 (-2.32911e-11,-0.00267206) (2.32924e-11,-0.00267206) 
477 (-2.30968e-11,-0.00266646) (2.3098e-11,-0.00266646) 
478 (-2.29044e-11,-0.00266089) (2.29057e-11,-0.00266089) 
479 (-2.27141e-11,-0.00265534) (2.27153e-11,-0.00265534) 
480 (-2.25256e-11,-0.00264981) (2.25268e-11,-0.00264981) 
481 (-2.23389e-11,-0.00264431) (2.23402e-11,-0.00264431) 
482 (-2.21542e-11,-0.00263883) (2.21554e-11,-0.00263883) 
483 (-2.19714e-11,-0.00263337) (2.19726e-11,-0.00263337) 
484 (-2.17904e-11,-0.00262794) (2.17917e-11,-0.00262794) 
485 (-2.16114e-11,-0.00262252) (2.16126e-11,-0.00262252) 
486 (-2.14342e-11,-0.00261713) (2.14354e-11,-0.00261713) 
487 (-2.12588e-11,-0.00261176) (2.126e-11,-0.00261176) 
488 (-2.10853e-11,-0.00260642) (2.10865e-11,-0.00260642) 
489 (-2.09136e-11,-0.00260109) (2.09147e-11,-0.00260109) 
490 (-2.07436e-11,-0.00259579) (2.07448e-11,-0.00259579) 
491 (-2.05754e-11,-0.00259051) (2.05765e-11,-0.00259051) 
492 (-2.04088e-11,-0.00258525) (2.041e-11,-0.00258525) 
493 (-2.0244e-11,-0.00258001) (2.02451e-11,-0.00258001) 
494 (-2.00809e-11,-0.00257479) (2.0082e-11,-0.00257479) 
495 (-1.99193e-11,-0.0025696) (1.99205e-11,-0.0025696) 
496 (-1.97593e-11,-0.00256442) (1.97605e-11,-0.00256442) 
497 (-1.96009e-11,-0.00255927) (1.9602e-11,-0.00255927) 
498 (-1.94439e-11,-0.00255413) (1.9445e-11,-0.00255413) 
499 (-1.92886e-11,-0.00254902) (1.92897e-11,-0.00254902) 
