0 (-0.265763,-1.62298) (0.265763,-1.62298) 
1 (-0.0502543,-0.973088) (0.0502543,-0.973088) 
2 (-0.015432,-0.661706) (0.015432,-0.661706) 
3 (-0.00614441,-0.49813) (0.00614441,-0.49813) 
4 (-0.00285334,-0.398549) (0.00285334,-0.398549) 
5 (-0.00147955,-0.331761) (0.00147955,-0.331761) 
6 (-0.000841368,-0.283901) (0.000841368,-0.283901) 
7 (-0.000515706,-0.24795) (0.000515706,-0.24795) 
8 (-0.000336229,-0.219951) (0.000336229,-0.219951) 
9 (-0.000229259,-0.197549) (0.000229259,-0.197549) 
10 (-0.000161209,-0.179241) (0.000161209,-0.179241) 
11 (-0.000116174,-0.164014) (0.000116174,-0.164014) 
12 (-8.54995e-05,-0.151155) (8.54995e-05,-0.151155) 
13 (-6.41661e-05,-0.140156) (6.41661e-05,-0.140156) 
14 (-4.89808e-05,-0.13064) (4.89808e-05,-0.13064) 
15 (-3.7872e-05,-0.122328) (3.7872e-05,-0.122328) 
16 (-2.9543e-05,-0.115006) (2.9543e-05,-0.115006) 
17 (-2.32615e-05,-0.108508) (2.32615e-05,-0.108508) 
18 (-1.85393e-05,-0.102703) (1.85393e-05,-0.102703) 
19 (-1.49656e-05,-0.097485) (1.49656e-05,-0.097485) 
20 (-1.22227e-05,-0.09277) (1.22227e-05,-0.09277) 
21 (-1.00861e-05,-0.0884885) (1.00861e-05,-0.0884885) 
22 (-8.40375e-06,-0.0845836) (8.40375e-06,-0.0845836) 
23 (-7.06681e-06,-0.0810078) (7.06681e-06,-0.0810078) 
24 (-5.99606e-06,-0.0777213) (5.99606e-06,-0.0777213) 
25 (-5.12827e-06,-0.0746904) (5.12827e-06,-0.0746904) 
26 (-4.41479e-06,-0.0718863) (4.41479e-06,-0.0718863) 
27 (-3.8218e-06,-0.0692847) (3.8218e-06,-0.0692847) 
28 (-3.3248e-06,-0.0668645) (3.3248e-06,-0.0668645) 
29 (-2.90594e-06,-0.0646073) (2.90594e-06,-0.0646073) 
30 (-2.55058e-06,-0.0624972) (2.55058e-06,-0.0624972) 
31 (-2.24616e-06,-0.0605204) (2.24616e-06,-0.0605204) 
32 (-1.98266e-06,-0.0586646) (1.98266e-06,-0.0586646) 
33 (-1.75423e-06,-0.056919) (1.75423e-06,-0.056919) 
34 (-1.55708e-06,-0.0552742) (1.55708e-06,-0.0552742) 
35 (-1.38702e-06,-0.0537217) (1.38702e-06,-0.0537217) 
36 (-1.2398e-06,-0.0522539) (1.2398e-06,-0.0522539) 
37 (-1.11176e-06,-0.0508641) (1.11176e-06,-0.0508641) 
38 (-1.00009e-06,-0.0495462) (1.00009e-06,-0.0495462) 
39 (-9.02476e-07,-0.0482948) (9.02476e-07,-0.0482948) 
40 (-8.17007e-07,-0.047105) (8.17007e-07,-0.047105) 
41 (-7.41849e-07,-0.0459723) (7.41849e-07,-0.0459723) 
42 (-6.75333e-07,-0.0448928) (6.75333e-07,-0.0448928) 
43 (-6.16173e-07,-0.0438628) (6.16173e-07,-0.0438628) 
44 (-5.63353e-07,-0.0428789) (5.63353e-07,-0.0428789) 
45 (-5.16085e-07,-0.0419382) (5.16085e-07,-0.0419382) 
46 (-4.73654e-07,-0.0410378) (4.73654e-07,-0.0410378) 
47 (-4.35358e-07,-0.0401752) (4.35358e-07,-0.0401752) 
48 (-4.00575e-07,-0.0393482) (4.00575e-07,-0.0393482) 
49 (-3.68961e-07,-0.0385544) (3.68961e-07,-0.0385544) 
50 (-3.40331e-07,-0.0377921) (3.40331e-07,-0.0377921) 
51 (-3.14438e-07,-0.0370593) (3.14438e-07,-0.0370593) 
52 (-2.90985e-07,-0.0363543) (2.90985e-07,-0.0363543) 
53 (-2.69695e-07,-0.0356757) (2.69695e-07,-0.0356757) 
54 (-2.50348e-07,-0.0350219) (2.50348e-07,-0.0350219) 
55 (-2.32753e-07,-0.0343916) (2.32753e-07,-0.0343916) 
56 (-2.16747e-07,-0.0337836) (2.16747e-07,-0.0337836) 
57 (-2.02156e-07,-0.0331967) (2.02156e-07,-0.0331967) 
58 (-1.88801e-07,-0.0326298) (1.88801e-07,-0.0326298) 
59 (-1.76543e-07,-0.032082) (1.76543e-07,-0.032082) 
60 (-1.65266e-07,-0.0315522) (1.65266e-07,-0.0315522) 
61 (-1.54878e-07,-0.0310397) (1.54878e-07,-0.0310397) 
62 (-1.45291e-07,-0.0305435) (1.45291e-07,-0.0305435) 
63 (-1.36412e-07,-0.030063) (1.36412e-07,-0.030063) 
64 (-1.28151e-07,-0.0295973) (1.28151e-07,-0.0295973) 
65 (-1.20462e-07,-0.0291458) (1.20462e-07,-0.0291458) 
66 (-1.13326e-07,-0.0287079) (1.13326e-07,-0.0287079) 
67 (-1.06713e-07,-0.0282829) (1.06713e-07,-0.0282829) 
68 (-1.0058e-07,-0.0278703) (1.0058e-07,-0.0278703) 
69 (-9.48846e-08,-0.0274696) (9.48846e-08,-0.0274696) 
70 (-8.95929e-08,-0.0270803) (8.95929e-08,-0.0270803) 
71 (-8.46753e-08,-0.0267018) (8.46753e-08,-0.0267018) 
72 (-8.01064e-08,-0.0263338) (8.01064e-08,-0.0263338) 
73 (-7.58556e-08,-0.0259757) (7.58556e-08,-0.0259757) 
74 (-7.18902e-08,-0.0256273) (7.18902e-08,-0.0256273) 
75 (-6.81835e-08,-0.0252881) (6.81835e-08,-0.0252881) 
76 (-6.47133e-08,-0.0249577) (6.47133e-08,-0.0249577) 
77 (-6.14621e-08,-0.0246359) (6.14621e-08,-0.0246359) 
78 (-5.84121e-08,-0.0243222) (5.84121e-08,-0.0243222) 
79 (-5.55432e-08,-0.0240165) (5.55432e-08,-0.0240165) 
80 (-5.28351e-08,-0.0237183) (5.28351e-08,-0.0237183) 
81 (-5.02781e-08,-0.0234274) (5.02781e-08,-0.0234274) 
82 (-4.787e-08,-0.0231436) (4.787e-08,-0.0231436) 
83 (-4.56047e-08,-0.0228666) (4.56047e-08,-0.0228666) 
84 (-4.34732e-08,-0.0225961) (4.34732e-08,-0.0225961) 
85 (-4.14656e-08,-0.022332) (4.14656e-08,-0.022332) 
86 (-3.95744e-08,-0.0220739) (3.95744e-08,-0.0220739) 
87 (-3.77928e-08,-0.0218218) (3.77928e-08,-0.0218218) 
88 (-3.61151e-08,-0.0215753) (3.61151e-08,-0.0215753) 
89 (-3.45338e-08,-0.0213344) (3.45338e-08,-0.0213344) 
90 (-3.30404e-08,-0.0210987) (3.30404e-08,-0.0210987) 
91 (-3.16278e-08,-0.0208682) (3.16278e-08,-0.0208682) 
92 (-3.02902e-08,-0.0206427) (3.02902e-08,-0.0206427) 
93 (-2.90229e-08,-0.020422) (2.90229e-08,-0.020422) 
94 (-2.7821e-08,-0.020206) (2.7821e-08,-0.020206) 
95 (-2.66789e-08,-0.0199945) (2.66789e-08,-0.0199945) 
96 (-2.55903e-08,-0.0197874) (2.55903e-08,-0.0197874) 
97 (-2.45526e-08,-0.0195845) (2.45526e-08,-0.0195845) 
98 (-2.35656e-08,-0.0193858) (2.35656e-08,-0.0193858) 
99 (-2.26279e-08,-0.019191) (2.26279e-08,-0.019191) 
100 (-2.17367e-08,-0.0190001) (2.17367e-08,-0.0190001) 
101 (-2.08893e-08,-0.018813) (2.08893e-08,-0.018813) 
102 (-2.00835e-08,-0.0186295) (2.00835e-08,-0.0186295) 
103 (-1.93172e-08,-0.0184496) (1.93172e-08,-0.0184496) 
104 (-1.85889e-08,-0.0182731) (1.85889e-08,-0.0182731) 
105 (-1.78961e-08,-0.0181) (1.78961e-08,-0.0181) 
106 (-1.72363e-08,-0.0179301) (1.72363e-08,-0.0179301) 
107 (-1.66069e-08,-0.0177633) (1.66069e-08,-0.0177633) 
108 (-1.60061e-08,-0.0175997) (1.60061e-08,-0.0175997) 
109 (-1.54324e-08,-0.017439) (1.54324e-08,-0.017439) 
110 (-1.48841e-08,-0.0172812) (1.48841e-08,-0.0172812) 
111 (-1.43592e-08,-0.0171263) (1.43592e-08,-0.0171263) 
112 (-1.38555e-08,-0.0169741) (1.38555e-08,-0.0169741) 
113 (-1.33721e-08,-0.0168246) (1.33721e-08,-0.0168246) 
114 (-1.2909e-08,-0.0166777) (1.2909e-08,-0.0166777) 
115 (-1.24658e-08,-0.0165333) (1.24658e-08,-0.0165333) 
116 (-1.20416e-08,-0.0163914) (1.20416e-08,-0.0163914) 
117 (-1.16355e-08,-0.016252) (1.16355e-08,-0.016252) 
118 (-1.12466e-08,-0.0161149) (1.12466e-08,-0.0161149) 
119 (-1.08742e-08,-0.01598) (1.08742e-08,-0.01598) 
120 (-1.05179e-08,-0.0158475) (1.05179e-08,-0.0158475) 
121 (-1.01768e-08,-0.0157171) (1.01768e-08,-0.0157171) 
122 (-9.84975e-09,-0.0155888) (9.84975e-09,-0.0155888) 
123 (-9.53591e-09,-0.0154626) (9.53591e-09,-0.0154626) 
124 (-9.23451e-09,-0.0153384) (9.23451e-09,-0.0153384) 
125 (-8.945e-09,-0.0152162) (8.945e-09,-0.0152162) 
126 (-8.66674e-09,-0.015096) (8.66674e-09,-0.015096) 
127 (-8.39888e-09,-0.0149776) (8.39888e-09,-0.0149776) 
128 (-8.1405e-09,-0.0148611) (8.1405e-09,-0.0148611) 
129 (-7.89124e-09,-0.0147463) (7.89124e-09,-0.0147463) 
130 (-7.65119e-09,-0.0146334) (7.65119e-09,-0.0146334) 
131 (-7.42022e-09,-0.0145221) (7.42022e-09,-0.0145221) 
132 (-7.19798e-09,-0.0144125) (7.19798e-09,-0.0144125) 
133 (-6.98405e-09,-0.0143046) (6.98405e-09,-0.0143046) 
134 (-6.77813e-09,-0.0141983) (6.77813e-09,-0.0141983) 
135 (-6.57996e-09,-0.0140935) (6.57996e-09,-0.0140935) 
136 (-6.38933e-09,-0.0139903) (6.38933e-09,-0.0139903) 
137 (-6.20589e-09,-0.0138885) (6.20589e-09,-0.0138885) 
138 (-6.02916e-09,-0.0137883) (6.02916e-09,-0.0137883) 
139 (-5.85876e-09,-0.0136895) (5.85876e-09,-0.0136895) 
140 (-5.69436e-09,-0.013592) (5.69436e-09,-0.013592) 
141 (-5.53572e-09,-0.013496) (5.53572e-09,-0.013496) 
142 (-5.38257e-09,-0.0134013) (5.38257e-09,-0.0134013) 
143 (-5.23451e-09,-0.0133079) (5.23451e-09,-0.0133079) 
144 (-5.09112e-09,-0.0132159) (5.09112e-09,-0.0132159) 
145 (-4.95224e-09,-0.0131251) (4.95224e-09,-0.0131251) 
146 (-4.81793e-09,-0.0130355) (4.81793e-09,-0.0130355) 
147 (-4.68816e-09,-0.0129471) (4.68816e-09,-0.0129471) 
148 (-4.56276e-09,-0.0128599) (4.56276e-09,-0.0128599) 
149 (-4.44155e-09,-0.0127739) (4.44155e-09,-0.0127739) 
150 (-4.32441e-09,-0.0126891) (4.32441e-09,-0.0126891) 
151 (-4.21121e-09,-0.0126053) (4.21121e-09,-0.0126053) 
152 (-4.10187e-09,-0.0125227) (4.10187e-09,-0.0125227) 
153 (-3.99623e-09,-0.0124411) (3.99623e-09,-0.0124411) 
154 (-3.89406e-09,-0.0123606) (3.89406e-09,-0.0123606) 
155 (-3.79518e-09,-0.0122811) (3.79518e-09,-0.0122811) 
156 (-3.69943e-09,-0.0122027) (3.69943e-09,-0.0122027) 
157 (-3.6067e-09,-0.0121252) (3.6067e-09,-0.0121252) 
158 (-3.51685e-09,-0.0120487) (3.51685e-09,-0.0120487) 
159 (-3.4297e-09,-0.0119732) (3.4297e-09,-0.0119732) 
160 (-3.34503e-09,-0.0118986) (3.34503e-09,-0.0118986) 
161 (-3.26276e-09,-0.0118249) (3.26276e-09,-0.0118249) 
162 (-3.18293e-09,-0.0117522) (3.18293e-09,-0.0117522) 
163 (-3.10553e-09,-0.0116803) (3.10553e-09,-0.0116803) 
164 (-3.03049e-09,-0.0116093) (3.03049e-09,-0.0116093) 
165 (-2.95772e-09,-0.0115392) (2.95772e-09,-0.0115392) 
166 (-2.88715e-09,-0.0114699) (2.88715e-09,-0.0114699) 
167 (-2.81874e-09,-0.0114014) (2.81874e-09,-0.0114014) 
168 (-2.75243e-09,-0.0113337) (2.75243e-09,-0.0113337) 
169 (-2.68817e-09,-0.0112669) (2.68817e-09,-0.0112669) 
170 (-2.62581e-09,-0.0112008) (2.62581e-09,-0.0112008) 
171 (-2.56528e-09,-0.0111355) (2.56528e-09,-0.0111355) 
172 (-2.50649e-09,-0.011071) (2.50649e-09,-0.011071) 
173 (-2.44939e-09,-0.0110072) (2.44939e-09,-0.0110072) 
174 (-2.3939e-09,-0.0109441) (2.3939e-09,-0.0109441) 
175 (-2.33993e-09,-0.0108817) (2.33993e-09,-0.0108817) 
176 (-2.28735e-09,-0.0108201) (2.28735e-09,-0.0108201) 
177 (-2.23613e-09,-0.0107591) (2.23613e-09,-0.0107591) 
178 (-2.1863e-09,-0.0106989) (2.1863e-09,-0.0106989) 
179 (-2.13784e-09,-0.0106393) (2.13784e-09,-0.0106393) 
180 (-2.09074e-09,-0.0105803) (2.09074e-09,-0.0105803) 
181 (-2.04493e-09,-0.0105221) (2.04493e-09,-0.0105221) 
182 (-2.00039e-09,-0.0104644) (2.00039e-09,-0.0104644) 
183 (-1.95709e-09,-0.0104074) (1.95709e-09,-0.0104074) 
184 (-1.91502e-09,-0.010351) (1.91502e-09,-0.010351) 
185 (-1.87412e-09,-0.0102952) (1.87412e-09,-0.0102952) 
186 (-1.83434e-09,-0.01024) (1.83434e-09,-0.01024) 
187 (-1.79562e-09,-0.0101854) (1.79562e-09,-0.0101854) 
188 (-1.75793e-09,-0.0101314) (1.75793e-09,-0.0101314) 
189 (-1.72122e-09,-0.0100779) (1.72122e-09,-0.0100779) 
190 (-1.68547e-09,-0.010025) (1.68547e-09,-0.010025) 
191 (-1.65061e-09,-0.00997266) (1.65061e-09,-0.00997266) 
192 (-1.61658e-09,-0.00992086) (1.61658e-09,-0.00992086) 
193 (-1.58336e-09,-0.00986959) (1.58336e-09,-0.00986959) 
194 (-1.55096e-09,-0.00981885) (1.55096e-09,-0.00981885) 
195 (-1.51938e-09,-0.00976864) (1.51938e-09,-0.00976864) 
196 (-1.48862e-09,-0.00971893) (1.48862e-09,-0.00971893) 
197 (-1.45863e-09,-0.00966972) (1.45863e-09,-0.00966972) 
198 (-1.4294e-09,-0.00962101) (1.4294e-09,-0.00962101) 
199 (-1.40093e-09,-0.00957279) (1.40093e-09,-0.00957279) 
200 (-1.3732e-09,-0.00952505) (1.3732e-09,-0.00952505) 
201 (-1.34618e-09,-0.00947778) (1.34618e-09,-0.00947778) 
202 (-1.31984e-09,-0.00943098) (1.31984e-09,-0.00943098) 
203 (-1.29415e-09,-0.00938464) (1.29415e-09,-0.00938464) 
204 (-1.26909e-09,-0.00933876) (1.26909e-09,-0.00933876) 
205 (-1.24463e-09,-0.00929332) (1.24463e-09,-0.00929332) 
206 (-1.22076e-09,-0.00924832) (1.22076e-09,-0.00924832) 
207 (-1.19744e-09,-0.00920375) (1.19744e-09,-0.00920375) 
208 (-1.17463e-09,-0.00915961) (1.17463e-09,-0.00915961) 
209 (-1.15233e-09,-0.00911589) (1.15233e-09,-0.00911589) 
210 (-1.13053e-09,-0.00907259) (1.13053e-09,-0.00907259) 
211 (-1.10925e-09,-0.0090297) (1.10925e-09,-0.0090297) 
212 (-1.08847e-09,-0.00898721) (1.08847e-09,-0.00898721) 
213 (-1.06818e-09,-0.00894512) (1.06818e-09,-0.00894512) 
214 (-1.04836e-09,-0.00890342) (1.04836e-09,-0.00890342) 
215 (-1.02902e-09,-0.00886211) (1.02902e-09,-0.00886211) 
216 (-1.01014e-09,-0.00882118) (1.01014e-09,-0.00882118) 
217 (-9.91719e-10,-0.00878062) (9.91719e-10,-0.00878062) 
218 (-9.73723e-10,-0.00874044) (9.73723e-10,-0.00874044) 
219 (-9.5614e-10,-0.00870062) (9.5614e-10,-0.00870062) 
220 (-9.38953e-10,-0.00866117) (9.38953e-10,-0.00866117) 
221 (-9.22154e-10,-0.00862207) (9.22154e-10,-0.00862207) 
222 (-9.05728e-10,-0.00858332) (9.05728e-10,-0.00858332) 
223 (-8.89655e-10,-0.00854492) (8.89655e-10,-0.00854492) 
224 (-8.7391e-10,-0.00850686) (8.7391e-10,-0.00850686) 
225 (-8.58486e-10,-0.00846914) (8.58486e-10,-0.00846914) 
226 (-8.4339e-10,-0.00843175) (8.4339e-10,-0.00843175) 
227 (-8.28625e-10,-0.00839469) (8.28625e-10,-0.00839469) 
228 (-8.14185e-10,-0.00835795) (8.14185e-10,-0.00835795) 
229 (-8.00059e-10,-0.00832154) (8.00059e-10,-0.00832154) 
230 (-7.86244e-10,-0.00828544) (7.86244e-10,-0.00828544) 
231 (-7.72734e-10,-0.00824965) (7.72734e-10,-0.00824965) 
232 (-7.59527e-10,-0.00821417) (7.59527e-10,-0.00821417) 
233 (-7.46615e-10,-0.008179) (7.46615e-10,-0.008179) 
234 (-7.33983e-10,-0.00814412) (7.33983e-10,-0.00814412) 
235 (-7.21622e-10,-0.00810954) (7.21622e-10,-0.00810954) 
236 (-7.09521e-10,-0.00807525) (7.09521e-10,-0.00807525) 
237 (-6.97674e-10,-0.00804125) (6.97674e-10,-0.00804125) 
238 (-6.86073e-10,-0.00800754) (6.86073e-10,-0.00800754) 
239 (-6.74706e-10,-0.00797411) (6.74706e-10,-0.00797411) 
240 (-6.63554e-10,-0.00794095) (6.63554e-10,-0.00794095) 
241 (-6.52614e-10,-0.00790807) (6.52614e-10,-0.00790807) 
242 (-6.41893e-10,-0.00787546) (6.41893e-10,-0.00787546) 
243 (-6.31391e-10,-0.00784312) (6.31391e-10,-0.00784312) 
244 (-6.21104e-10,-0.00781105) (6.21104e-10,-0.00781105) 
245 (-6.11028e-10,-0.00777923) (6.11028e-10,-0.00777923) 
246 (-6.01158e-10,-0.00774768) (6.01158e-10,-0.00774768) 
247 (-5.91493e-10,-0.00771637) (5.91493e-10,-0.00771637) 
248 (-5.8203e-10,-0.00768532) (5.8203e-10,-0.00768532) 
249 (-5.72766e-10,-0.00765452) (5.72766e-10,-0.00765452) 
250 (-5.6369e-10,-0.00762397) (5.6369e-10,-0.00762397) 
251 (-5.54795e-10,-0.00759366) (5.54795e-10,-0.00759366) 
252 (-5.46077e-10,-0.00756358) (5.46077e-10,-0.00756358) 
253 (-5.3753e-10,-0.00753375) (5.3753e-10,-0.00753375) 
254 (-5.29149e-10,-0.00750415) (5.29149e-10,-0.00750415) 
255 (-5.20926e-10,-0.00747478) (5.20926e-10,-0.00747478) 
256 (-5.1285e-10,-0.00744564) (5.1285e-10,-0.00744564) 
257 (-5.04918e-10,-0.00741673) (5.04918e-10,-0.00741673) 
258 (-4.97135e-10,-0.00738804) (4.97135e-10,-0.00738804) 
259 (-4.89501e-10,-0.00735957) (4.89501e-10,-0.00735957) 
260 (-4.82014e-10,-0.00733132) (4.82014e-10,-0.00733132) 
261 (-4.7467e-10,-0.00730328) (4.7467e-10,-0.00730328) 
262 (-4.67468e-10,-0.00727546) (4.67468e-10,-0.00727546) 
263 (-4.60406e-10,-0.00724785) (4.60406e-10,-0.00724785) 
264 (-4.53484e-10,-0.00722045) (4.53484e-10,-0.00722045) 
265 (-4.46697e-10,-0.00719326) (4.46697e-10,-0.00719326) 
266 (-4.40041e-10,-0.00716627) (4.40041e-10,-0.00716627) 
267 (-4.3351e-10,-0.00713948) (4.3351e-10,-0.00713948) 
268 (-4.271e-10,-0.00711289) (4.271e-10,-0.00711289) 
269 (-4.20809e-10,-0.0070865) (4.20809e-10,-0.0070865) 
270 (-4.14633e-10,-0.0070603) (4.14633e-10,-0.0070603) 
271 (-4.08567e-10,-0.0070343) (4.08567e-10,-0.0070343) 
272 (-4.02603e-10,-0.00700849) (4.02603e-10,-0.00700849) 
273 (-3.96739e-10,-0.00698286) (3.96739e-10,-0.00698286) 
274 (-3.90978e-10,-0.00695742) (3.90978e-10,-0.00695742) 
275 (-3.85322e-10,-0.00693217) (3.85322e-10,-0.00693217) 
276 (-3.79768e-10,-0.0069071) (3.79768e-10,-0.0069071) 
277 (-3.74314e-10,-0.00688221) (3.74314e-10,-0.00688221) 
278 (-3.6896e-10,-0.0068575) (3.6896e-10,-0.0068575) 
279 (-3.63704e-10,-0.00683297) (3.63704e-10,-0.00683297) 
280 (-3.58546e-10,-0.00680861) (3.58546e-10,-0.00680861) 
281 (-3.53483e-10,-0.00678442) (3.53483e-10,-0.00678442) 
282 (-3.48512e-10,-0.00676041) (3.48512e-10,-0.00676041) 
283 (-3.43629e-10,-0.00673656) (3.43629e-10,-0.00673656) 
284 (-3.38832e-10,-0.00671289) (3.38832e-10,-0.00671289) 
285 (-3.34119e-10,-0.00668938) (3.34119e-10,-0.00668938) 
286 (-3.29487e-10,-0.00666603) (3.29487e-10,-0.00666603) 
287 (-3.24933e-10,-0.00664284) (3.24933e-10,-0.00664284) 
288 (-3.20451e-10,-0.00661982) (3.20451e-10,-0.00661982) 
289 (-3.16041e-10,-0.00659695) (3.16041e-10,-0.00659695) 
290 (-3.11704e-10,-0.00657424) (3.11704e-10,-0.00657424) 
291 (-3.07441e-10,-0.00655169) (3.07441e-10,-0.00655169) 
292 (-3.03251e-10,-0.00652929) (3.03251e-10,-0.00652929) 
293 (-2.99133e-10,-0.00650705) (2.99133e-10,-0.00650705) 
294 (-2.95086e-10,-0.00648495) (2.95086e-10,-0.00648495) 
295 (-2.91108e-10,-0.00646301) (2.91108e-10,-0.00646301) 
296 (-2.87201e-10,-0.00644121) (2.87201e-10,-0.00644121) 
297 (-2.83363e-10,-0.00641956) (2.83363e-10,-0.00641956) 
298 (-2.7959e-10,-0.00639806) (2.7959e-10,-0.00639806) 
299 (-2.75881e-10,-0.0063767) (2.75881e-10,-0.0063767) 
300 (-2.72233e-10,-0.00635548) (2.72233e-10,-0.00635548) 
301 (-2.68646e-10,-0.0063344) (2.68646e-10,-0.0063344) 
302 (-2.65117e-10,-0.00631346) (2.65117e-10,-0.00631346) 
303 (-2.61645e-10,-0.00629266) (2.61645e-10,-0.00629266) 
304 (-2.58225e-10,-0.00627199) (2.58225e-10,-0.00627199) 
305 (-2.54856e-10,-0.00625146) (2.54856e-10,-0.00625146) 
306 (-2.51541e-10,-0.00623107) (2.51541e-10,-0.00623107) 
307 (-2.48279e-10,-0.0062108) (2.48279e-10,-0.0062108) 
308 (-2.45071e-10,-0.00619067) (2.45071e-10,-0.00619067) 
309 (-2.41914e-10,-0.00617067) (2.41914e-10,-0.00617067) 
310 (-2.38809e-10,-0.0061508) (2.38809e-10,-0.0061508) 
311 (-2.35755e-10,-0.00613105) (2.35755e-10,-0.00613105) 
312 (-2.32752e-10,-0.00611144) (2.32752e-10,-0.00611144) 
313 (-2.29799e-10,-0.00609194) (2.29799e-10,-0.00609194) 
314 (-2.26894e-10,-0.00607257) (2.26894e-10,-0.00607257) 
315 (-2.24036e-10,-0.00605333) (2.24036e-10,-0.00605333) 
316 (-2.21222e-10,-0.0060342) (2.21222e-10,-0.0060342) 
317 (-2.18453e-10,-0.0060152) (2.18453e-10,-0.0060152) 
318 (-2.15727e-10,-0.00599631) (2.15727e-10,-0.00599631) 
319 (-2.13042e-10,-0.00597754) (2.13042e-10,-0.00597754) 
320 (-2.10396e-10,-0.00595889) (2.10396e-10,-0.00595889) 
321 (-2.07787e-10,-0.00594036) (2.07787e-10,-0.00594036) 
322 (-2.05218e-10,-0.00592194) (2.05218e-10,-0.00592194) 
323 (-2.02688e-10,-0.00590364) (2.02688e-10,-0.00590364) 
324 (-2.00197e-10,-0.00588544) (2.00197e-10,-0.00588544) 
325 (-1.97745e-10,-0.00586736) (1.97745e-10,-0.00586736) 
326 (-1.95331e-10,-0.00584939) (1.95331e-10,-0.00584939) 
327 (-1.92954e-10,-0.00583153) (1.92954e-10,-0.00583153) 
328 (-1.90616e-10,-0.00581378) (1.90616e-10,-0.00581378) 
329 (-1.88314e-10,-0.00579614) (1.88314e-10,-0.00579614) 
330 (-1.86048e-10,-0.0057786) (1.86048e-10,-0.0057786) 
331 (-1.83817e-10,-0.00576117) (1.83817e-10,-0.00576117) 
332 (-1.81619e-10,-0.00574384) (1.81619e-10,-0.00574384) 
333 (-1.79454e-10,-0.00572662) (1.79454e-10,-0.00572662) 
334 (-1.77321e-10,-0.0057095) (1.77321e-10,-0.0057095) 
335 (-1.75219e-10,-0.00569248) (1.75219e-10,-0.00569248) 
336 (-1.73145e-10,-0.00567557) (1.73145e-10,-0.00567557) 
337 (-1.711e-10,-0.00565875) (1.711e-10,-0.00565875) 
338 (-1.69084e-10,-0.00564204) (1.69084e-10,-0.00564204) 
339 (-1.67097e-10,-0.00562542) (1.67097e-10,-0.00562542) 
340 (-1.6514e-10,-0.0056089) (1.6514e-10,-0.0056089) 
341 (-1.63212e-10,-0.00559247) (1.63212e-10,-0.00559247) 
342 (-1.61312e-10,-0.00557614) (1.61312e-10,-0.00557614) 
343 (-1.59441e-10,-0.00555991) (1.59441e-10,-0.00555991) 
344 (-1.57597e-10,-0.00554377) (1.57597e-10,-0.00554377) 
345 (-1.55782e-10,-0.00552773) (1.55782e-10,-0.00552773) 
346 (-1.53994e-10,-0.00551178) (1.53994e-10,-0.00551178) 
347 (-1.52231e-10,-0.00549592) (1.52231e-10,-0.00549592) 
348 (-1.50494e-10,-0.00548015) (1.50494e-10,-0.00548015) 
349 (-1.48782e-10,-0.00546447) (1.48782e-10,-0.00546447) 
350 (-1.47094e-10,-0.00544888) (1.47094e-10,-0.00544888) 
351 (-1.45429e-10,-0.00543337) (1.45429e-10,-0.00543337) 
352 (-1.43786e-10,-0.00541796) (1.43786e-10,-0.00541796) 
353 (-1.42164e-10,-0.00540263) (1.42164e-10,-0.00540263) 
354 (-1.40564e-10,-0.0053874) (1.40564e-10,-0.0053874) 
355 (-1.38987e-10,-0.00537224) (1.38987e-10,-0.00537224) 
356 (-1.37432e-10,-0.00535717) (1.37432e-10,-0.00535717) 
357 (-1.35899e-10,-0.00534219) (1.35899e-10,-0.00534219) 
358 (-1.34387e-10,-0.00532729) (1.34387e-10,-0.00532729) 
359 (-1.32897e-10,-0.00531247) (1.32897e-10,-0.00531247) 
360 (-1.31429e-10,-0.00529773) (1.31429e-10,-0.00529773) 
361 (-1.29982e-10,-0.00528308) (1.29982e-10,-0.00528308) 
362 (-1.28555e-10,-0.0052685) (1.28555e-10,-0.0052685) 
363 (-1.27148e-10,-0.00525401) (1.27148e-10,-0.00525401) 
364 (-1.2576e-10,-0.0052396) (1.2576e-10,-0.0052396) 
365 (-1.24392e-10,-0.00522526) (1.24392e-10,-0.00522526) 
366 (-1.23042e-10,-0.00521101) (1.23042e-10,-0.00521101) 
367 (-1.21709e-10,-0.00519683) (1.21709e-10,-0.00519683) 
368 (-1.20394e-10,-0.00518272) (1.20394e-10,-0.00518272) 
369 (-1.19094e-10,-0.0051687) (1.19094e-10,-0.0051687) 
370 (-1.17812e-10,-0.00515475) (1.17812e-10,-0.00515475) 
371 (-1.16547e-10,-0.00514087) (1.16547e-10,-0.00514087) 
372 (-1.15299e-10,-0.00512707) (1.15299e-10,-0.00512707) 
373 (-1.14067e-10,-0.00511334) (1.14067e-10,-0.00511334) 
374 (-1.12852e-10,-0.00509969) (1.12852e-10,-0.00509969) 
375 (-1.11654e-10,-0.00508611) (1.11654e-10,-0.00508611) 
376 (-1.10473e-10,-0.0050726) (1.10473e-10,-0.0050726) 
377 (-1.09308e-10,-0.00505917) (1.09308e-10,-0.00505917) 
378 (-1.08159e-10,-0.0050458) (1.08159e-10,-0.0050458) 
379 (-1.07024e-10,-0.0050325) (1.07024e-10,-0.0050325) 
380 (-1.05905e-10,-0.00501928) (1.05905e-10,-0.00501928) 
381 (-1.04801e-10,-0.00500612) (1.04801e-10,-0.00500612) 
382 (-1.03711e-10,-0.00499303) (1.03711e-10,-0.00499303) 
383 (-1.02634e-10,-0.00498001) (1.02634e-10,-0.00498001) 
384 (-1.01571e-10,-0.00496706) (1.01571e-10,-0.00496706) 
385 (-1.0052e-10,-0.00495418) (1.0052e-10,-0.00495418) 
386 (-9.94822e-11,-0.00494136) (9.94822e-11,-0.00494136) 
387 (-9.84579e-11,-0.00492861) (9.84579e-11,-0.00492861) 
388 (-9.74468e-11,-0.00491592) (9.74468e-11,-0.00491592) 
389 (-9.64488e-11,-0.0049033) (9.64488e-11,-0.0049033) 
390 (-9.54637e-11,-0.00489075) (9.54637e-11,-0.00489075) 
391 (-9.44915e-11,-0.00487825) (9.44915e-11,-0.00487825) 
392 (-9.35322e-11,-0.00486583) (9.35322e-11,-0.00486583) 
393 (-9.25857e-11,-0.00485346) (9.25857e-11,-0.00485346) 
394 (-9.16515e-11,-0.00484116) (9.16515e-11,-0.00484116) 
395 (-9.07292e-11,-0.00482892) (9.07292e-11,-0.00482892) 
396 (-8.98185e-11,-0.00481674) (8.98185e-11,-0.00481674) 
397 (-8.89193e-11,-0.00480462) (8.89193e-11,-0.00480462) 
398 (-8.80314e-11,-0.00479257) (8.80314e-11,-0.00479257) 
399 (-8.71541e-11,-0.00478057) (8.71541e-11,-0.00478057) 
400 (-8.6287e-11,-0.00476863) (8.6287e-11,-0.00476863) 
401 (-8.54297e-11,-0.00475676) (8.54297e-11,-0.00475676) 
402 (-8.45827e-11,-0.00474494) (8.45827e-11,-0.00474494) 
403 (-8.37463e-11,-0.00473318) (8.37463e-11,-0.00473318) 
404 (-8.29202e-11,-0.00472148) (8.29202e-11,-0.00472148) 
405 (-8.21044e-11,-0.00470984) (8.21044e-11,-0.00470984) 
406 (-8.12987e-11,-0.00469825) (8.12987e-11,-0.00469825) 
407 (-8.05031e-11,-0.00468672) (8.05031e-11,-0.00468672) 
408 (-7.97178e-11,-0.00467525) (7.97178e-11,-0.00467525) 
409 (-7.89424e-11,-0.00466383) (7.89424e-11,-0.00466383) 
410 (-7.81768e-11,-0.00465247) (7.81768e-11,-0.00465247) 
411 (-7.74205e-11,-0.00464116) (7.74205e-11,-0.00464116) 
412 (-7.66734e-11,-0.00462991) (7.66734e-11,-0.00462991) 
413 (-7.59354e-11,-0.00461872) (7.59354e-11,-0.00461872) 
414 (-7.52062e-11,-0.00460757) (7.52062e-11,-0.00460757) 
415 (-7.44855e-11,-0.00459648) (7.44855e-11,-0.00459648) 
416 (-7.37728e-11,-0.00458545) (7.37728e-11,-0.00458545) 
417 (-7.30678e-11,-0.00457447) (7.30678e-11,-0.00457447) 
418 (-7.23711e-11,-0.00456354) (7.23711e-11,-0.00456354) 
419 (-7.16826e-11,-0.00455266) (7.16826e-11,-0.00455266) 
420 (-7.10024e-11,-0.00454183) (7.10024e-11,-0.00454183) 
421 (-7.03302e-11,-0.00453106) (7.03302e-11,-0.00453106) 
422 (-6.96661e-11,-0.00452033) (6.96661e-11,-0.00452033) 
423 (-6.90101e-11,-0.00450966) (6.90101e-11,-0.00450966) 
424 (-6.83622e-11,-0.00449903) (6.83622e-11,-0.00449903) 
425 (-6.77222e-11,-0.00448846) (6.77222e-11,-0.00448846) 
426 (-6.70899e-11,-0.00447794) (6.70899e-11,-0.00447794) 
427 (-6.6465e-11,-0.00446746) (6.6465e-11,-0.00446746) 
428 (-6.58475e-11,-0.00445704) (6.58475e-11,-0.00445704) 
429 (-6.52372e-11,-0.00444666) (6.52372e-11,-0.00444666) 
430 (-6.46339e-11,-0.00443633) (6.46339e-11,-0.00443633) 
431 (-6.40374e-11,-0.00442605) (6.40374e-11,-0.00442605) 
432 (-6.34472e-11,-0.00441582) (6.34472e-11,-0.00441582) 
433 (-6.28632e-11,-0.00440563) (6.28632e-11,-0.00440563) 
434 (-6.22858e-11,-0.00439549) (6.22858e-11,-0.00439549) 
435 (-6.1715e-11,-0.0043854) (6.1715e-11,-0.0043854) 
436 (-6.11508e-11,-0.00437535) (6.11508e-11,-0.00437535) 
437 (-6.0593e-11,-0.00436535) (6.0593e-11,-0.00436535) 
438 (-6.00417e-11,-0.0043554) (6.00417e-11,-0.0043554) 
439 (-5.94968e-11,-0.00434549) (5.94968e-11,-0.00434549) 
440 (-5.89584e-11,-0.00433562) (5.89584e-11,-0.00433562) 
441 (-5.84264e-11,-0.0043258) (5.84264e-11,-0.0043258) 
442 (-5.79005e-11,-0.00431603) (5.79005e-11,-0.00431603) 
443 (-5.73806e-11,-0.00430629) (5.73806e-11,-0.00430629) 
444 (-5.68666e-11,-0.00429661) (5.68666e-11,-0.00429661) 
445 (-5.63583e-11,-0.00428696) (5.63583e-11,-0.00428696) 
446 (-5.58558e-11,-0.00427736) (5.58558e-11,-0.00427736) 
447 (-5.53586e-11,-0.0042678) (5.53586e-11,-0.0042678) 
448 (-5.48665e-11,-0.00425829) (5.48665e-11,-0.00425829) 
449 (-5.43795e-11,-0.00424881) (5.43795e-11,-0.00424881) 
450 (-5.38977e-11,-0.00423938) (5.38977e-11,-0.00423938) 
451 (-5.34212e-11,-0.00422999) (5.34212e-11,-0.00422999) 
452 (-5.29501e-11,-0.00422065) (5.29501e-11,-0.00422065) 
453 (-5.24841e-11,-0.00421134) (5.24841e-11,-0.00421134) 
454 (-5.20233e-11,-0.00420207) (5.20233e-11,-0.00420207) 
455 (-5.15677e-11,-0.00419285) (5.15677e-11,-0.00419285) 
456 (-5.11174e-11,-0.00418366) (5.11174e-11,-0.00418366) 
457 (-5.06722e-11,-0.00417452) (5.06722e-11,-0.00417452) 
458 (-5.0232e-11,-0.00416541) (5.0232e-11,-0.00416541) 
459 (-4.97966e-11,-0.00415635) (4.97966e-11,-0.00415635) 
460 (-4.93659e-11,-0.00414732) (4.93659e-11,-0.00414732) 
461 (-4.89399e-11,-0.00413834) (4.89399e-11,-0.00413834) 
462 (-4.85185e-11,-0.00412939) (4.85185e-11,-0.00412939) 
463 (-4.81015e-11,-0.00412048) (4.81015e-11,-0.00412048) 
464 (-4.76887e-11,-0.00411161) (4.76887e-11,-0.00411161) 
465 (-4.72798e-11,-0.00410278) (4.72798e-11,-0.00410278) 
466 (-4.68753e-11,-0.00409398) (4.68753e-11,-0.00409398) 
467 (-4.6475e-11,-0.00408523) (4.6475e-11,-0.00408523) 
468 (-4.60791e-11,-0.00407651) (4.60791e-11,-0.00407651) 
469 (-4.56874e-11,-0.00406782) (4.56874e-11,-0.00406782) 
470 (-4.52999e-11,-0.00405918) (4.52999e-11,-0.00405918) 
471 (-4.49166e-11,-0.00405057) (4.49166e-11,-0.00405057) 
472 (-4.45376e-11,-0.004042) (4.45376e-11,-0.004042) 
473 (-4.41628e-11,-0.00403346) (4.41628e-11,-0.00403346) 
474 (-4.3792e-11,-0.00402496) (4.3792e-11,-0.00402496) 
475 (-4.34251e-11,-0.0040165) (4.34251e-11,-0.0040165) 
476 (-4.30621e-11,-0.00400807) (4.30621e-11,-0.00400807) 
477 (-4.27029e-11,-0.00399967) (4.27029e-11,-0.00399967) 
478 (-4.23475e-11,-0.00399131) (4.23475e-11,-0.00399131) 
479 (-4.19956e-11,-0.00398299) (4.19956e-11,-0.00398299) 
480 (-4.16471e-11,-0.0039747) (4.16471e-11,-0.0039747) 
481 (-4.13019e-11,-0.00396645) (4.13019e-11,-0.00396645) 
482 (-4.09602e-11,-0.00395823) (4.09602e-11,-0.00395823) 
483 (-4.0622e-11,-0.00395004) (4.0622e-11,-0.00395004) 
484 (-4.02874e-11,-0.00394189) (4.02874e-11,-0.00394189) 
485 (-3.99561e-11,-0.00393377) (3.99561e-11,-0.00393377) 
486 (-3.96284e-11,-0.00392568) (3.96284e-11,-0.00392568) 
487 (-3.93041e-11,-0.00391763) (3.93041e-11,-0.00391763) 
488 (-3.89832e-11,-0.00390961) (3.89832e-11,-0.00390961) 
489 (-3.86658e-11,-0.00390162) (3.86658e-11,-0.00390162) 
490 (-3.83517e-11,-0.00389367) (3.83517e-11,-0.00389367) 
491 (-3.80409e-11,-0.00388575) (3.80409e-11,-0.00388575) 
492 (-3.77332e-11,-0.00387786) (3.77332e-11,-0.00387786) 
493 (-3.74286e-11,-0.00387) (3.74286e-11,-0.00387) 
494 (-3.71271e-11,-0.00386217) (3.71271e-11,-0.00386217) 
495 (-3.68285e-11,-0.00385438) (3.68285e-11,-0.00385438) 
496 (-3.65327e-11,-0.00384662) (3.65327e-11,-0.00384662) 
497 (-3.62396e-11,-0.00383888) (3.62396e-11,-0.00383888) 
498 (-3.59494e-11,-0.00383118) (3.59494e-11,-0.00383118) 
499 (-3.56621e-11,-0.00382351) (3.56621e-11,-0.00382351) 
