0 (-0.278398,-0.763432) (-0.120793,-0.812068) 
1 (-0.166205,-0.532673) (-0.0733945,-0.564358) 
2 (-0.100938,-0.397876) (-0.0446092,-0.415548) 
3 (-0.0649399,-0.313115) (-0.0285435,-0.323009) 
4 (-0.044311,-0.256156) (-0.0193667,-0.261984) 
5 (-0.0317934,-0.215799) (-0.0138341,-0.219435) 
6 (-0.0237671,-0.185961) (-0.0103077,-0.188349) 
7 (-0.0183675,-0.163123) (-0.00794674,-0.164763) 
8 (-0.0145845,-0.14514) (-0.00629874,-0.146309) 
9 (-0.0118421,-0.130645) (-0.00510748,-0.131506) 
10 (-0.00979617,-0.118732) (-0.00422069,-0.119381) 
11 (-0.00823202,-0.108776) (-0.00354391,-0.109278) 
12 (-0.00701099,-0.100339) (-0.00301631,-0.100734) 
13 (-0.00604045,-0.0931012) (-0.00259742,-0.0934181) 
14 (-0.00525681,-0.0868269) (-0.0022595,-0.0870846) 
15 (-0.00461532,-0.0813374) (-0.00198309,-0.0815497) 
16 (-0.00408377,-0.0764952) (-0.00175419,-0.076672) 
17 (-0.00363854,-0.072193) (-0.00156255,-0.0723419) 
18 (-0.00326199,-0.0683459) (-0.00140056,-0.0684723) 
19 (-0.00294075,-0.0648856) (-0.00126241,-0.0649939) 
20 (-0.00266453,-0.061757) (-0.00114366,-0.0618504) 
21 (-0.00242534,-0.0589147) (-0.00104086,-0.0589959) 
22 (-0.00221687,-0.0563214) (-0.000951275,-0.0563924) 
23 (-0.00203407,-0.0539458) (-0.000872749,-0.0540082) 
24 (-0.00187293,-0.0517618) (-0.000803534,-0.0518169) 
25 (-0.00173015,-0.0497471) (-0.000742219,-0.0497961) 
26 (-0.00160305,-0.0478828) (-0.000687648,-0.0479265) 
27 (-0.00148944,-0.0461528) (-0.000638869,-0.046192) 
28 (-0.00138746,-0.0445431) (-0.000595092,-0.0445783) 
29 (-0.00129558,-0.0430416) (-0.000555657,-0.0430734) 
30 (-0.00121252,-0.0416378) (-0.000520009,-0.0416666) 
31 (-0.00113719,-0.0403225) (-0.00048768,-0.0403486) 
32 (-0.00106865,-0.0390875) (-0.00045827,-0.0391113) 
33 (-0.00100611,-0.0379258) (-0.000431438,-0.0379475) 
34 (-0.000948905,-0.036831) (-0.000406893,-0.0368509) 
35 (-0.000896434,-0.0357975) (-0.000384382,-0.0358158) 
36 (-0.000848192,-0.0348203) (-0.000363686,-0.0348371) 
37 (-0.000803736,-0.033895) (-0.000344616,-0.0339105) 
38 (-0.000762683,-0.0330175) (-0.000327006,-0.0330318) 
39 (-0.000724692,-0.0321842) (-0.00031071,-0.0321975) 
40 (-0.000689468,-0.0313919) (-0.000295602,-0.0314042) 
41 (-0.000656748,-0.0306376) (-0.000281569,-0.0306491) 
42 (-0.000626301,-0.0299186) (-0.000268511,-0.0299293) 
43 (-0.000597921,-0.0292326) (-0.000256339,-0.0292426) 
44 (-0.000571426,-0.0285773) (-0.000244977,-0.0285866) 
45 (-0.000546652,-0.0279507) (-0.000234352,-0.0279594) 
46 (-0.000523454,-0.027351) (-0.000224404,-0.0273592) 
47 (-0.0005017,-0.0267764) (-0.000215076,-0.0267841) 
48 (-0.000481274,-0.0262255) (-0.000206317,-0.0262327) 
49 (-0.000462069,-0.0256967) (-0.000198082,-0.0257035) 
50 (-0.00044399,-0.0251888) (-0.00019033,-0.0251952) 
51 (-0.000426952,-0.0247006) (-0.000183024,-0.0247066) 
52 (-0.000410875,-0.024231) (-0.00017613,-0.0242367) 
53 (-0.000395689,-0.0237788) (-0.000169619,-0.0237842) 
54 (-0.000381328,-0.0233432) (-0.000163462,-0.0233483) 
55 (-0.000367736,-0.0229233) (-0.000157634,-0.0229281) 
56 (-0.000354856,-0.0225182) (-0.000152112,-0.0225228) 
57 (-0.000342642,-0.0221271) (-0.000146875,-0.0221315) 
58 (-0.000331047,-0.0217494) (-0.000141904,-0.0217536) 
59 (-0.00032003,-0.0213844) (-0.000137181,-0.0213883) 
60 (-0.000309554,-0.0210314) (-0.00013269,-0.0210351) 
61 (-0.000299584,-0.0206899) (-0.000128415,-0.0206934) 
62 (-0.000290088,-0.0203593) (-0.000124344,-0.0203626) 
63 (-0.000281036,-0.020039) (-0.000120463,-0.0200422) 
64 (-0.000272401,-0.0197287) (-0.000116761,-0.0197318) 
65 (-0.000264158,-0.0194278) (-0.000113228,-0.0194308) 
66 (-0.000256283,-0.019136) (-0.000109852,-0.0191388) 
67 (-0.000248755,-0.0188528) (-0.000106624,-0.0188555) 
68 (-0.000241554,-0.0185779) (-0.000103537,-0.0185804) 
69 (-0.000234661,-0.0183108) (-0.000100582,-0.0183133) 
70 (-0.000228058,-0.0180514) (-9.7752e-05,-0.0180537) 
71 (-0.000221731,-0.0177991) (-9.50395e-05,-0.0178014) 
72 (-0.000215663,-0.0175539) (-9.24383e-05,-0.017556) 
73 (-0.00020984,-0.0173152) (-8.99424e-05,-0.0173173) 
74 (-0.000204251,-0.017083) (-8.75462e-05,-0.017085) 
75 (-0.000198881,-0.016857) (-8.52445e-05,-0.0168589) 
76 (-0.000193721,-0.0166368) (-8.30323e-05,-0.0166386) 
77 (-0.000188758,-0.0164223) (-8.09051e-05,-0.0164241) 
78 (-0.000183984,-0.0162133) (-7.88586e-05,-0.016215) 
79 (-0.000179389,-0.0160095) (-7.68888e-05,-0.0160111) 
80 (-0.000174964,-0.0158107) (-7.49919e-05,-0.0158123) 
81 (-0.0001707,-0.0156169) (-7.31642e-05,-0.0156184) 
82 (-0.00016659,-0.0154277) (-7.14026e-05,-0.0154292) 
83 (-0.000162627,-0.0152431) (-6.97038e-05,-0.0152445) 
84 (-0.000158804,-0.0150628) (-6.80649e-05,-0.0150642) 
85 (-0.000155114,-0.0148868) (-6.64832e-05,-0.0148881) 
86 (-0.000151551,-0.0147148) (-6.49559e-05,-0.0147161) 
87 (-0.000148109,-0.0145467) (-6.34806e-05,-0.014548) 
88 (-0.000144783,-0.0143825) (-6.20551e-05,-0.0143836) 
89 (-0.000141568,-0.0142219) (-6.0677e-05,-0.014223) 
90 (-0.000138459,-0.0140648) (-5.93443e-05,-0.0140659) 
91 (-0.000135451,-0.0139112) (-5.8055e-05,-0.0139123) 
92 (-0.00013254,-0.0137609) (-5.68073e-05,-0.0137619) 
93 (-0.000129722,-0.0136138) (-5.55993e-05,-0.0136148) 
94 (-0.000126993,-0.0134698) (-5.44295e-05,-0.0134708) 
95 (-0.000124349,-0.0133288) (-5.32962e-05,-0.0133298) 
96 (-0.000121787,-0.0131908) (-5.21979e-05,-0.0131917) 
97 (-0.000119303,-0.0130556) (-5.11333e-05,-0.0130564) 
98 (-0.000116894,-0.0129231) (-5.01008e-05,-0.0129239) 
99 (-0.000114558,-0.0127933) (-4.90993e-05,-0.0127941) 
100 (-0.00011229,-0.012666) (-4.81276e-05,-0.0126668) 
101 (-0.00011009,-0.0125413) (-4.71844e-05,-0.0125421) 
102 (-0.000107954,-0.012419) (-4.62686e-05,-0.0124198) 
103 (-0.000105879,-0.0122991) (-4.53793e-05,-0.0122998) 
104 (-0.000103863,-0.0121814) (-4.45153e-05,-0.0121821) 
105 (-0.000101904,-0.012066) (-4.36758e-05,-0.0120667) 
106 (-0.000100001,-0.0119528) (-4.28598e-05,-0.0119534) 
107 (-9.81497e-05,-0.0118416) (-4.20665e-05,-0.0118423) 
108 (-9.63497e-05,-0.0117325) (-4.1295e-05,-0.0117332) 
109 (-9.45987e-05,-0.0116254) (-4.05445e-05,-0.011626) 
110 (-9.2895e-05,-0.0115203) (-3.98143e-05,-0.0115209) 
111 (-9.1237e-05,-0.011417) (-3.91036e-05,-0.0114176) 
112 (-8.96229e-05,-0.0113155) (-3.84118e-05,-0.0113161) 
113 (-8.80513e-05,-0.0112159) (-3.77382e-05,-0.0112164) 
114 (-8.65207e-05,-0.0111179) (-3.70821e-05,-0.0111185) 
115 (-8.50296e-05,-0.0110217) (-3.6443e-05,-0.0110223) 
116 (-8.35767e-05,-0.0109272) (-3.58203e-05,-0.0109277) 
117 (-8.21608e-05,-0.0108342) (-3.52134e-05,-0.0108347) 
118 (-8.07805e-05,-0.0107428) (-3.46218e-05,-0.0107433) 
119 (-7.94347e-05,-0.0106529) (-3.4045e-05,-0.0106534) 
120 (-7.81223e-05,-0.0105645) (-3.34825e-05,-0.010565) 
121 (-7.68421e-05,-0.0104776) (-3.29338e-05,-0.0104781) 
122 (-7.55931e-05,-0.0103921) (-3.23985e-05,-0.0103926) 
123 (-7.43744e-05,-0.010308) (-3.18761e-05,-0.0103084) 
124 (-7.31848e-05,-0.0102252) (-3.13662e-05,-0.0102257) 
125 (-7.20236e-05,-0.0101438) (-3.08685e-05,-0.0101442) 
126 (-7.08898e-05,-0.0100636) (-3.03826e-05,-0.010064) 
127 (-6.97825e-05,-0.00998471) (-2.9908e-05,-0.00998511) 
128 (-6.8701e-05,-0.00990703) (-2.94445e-05,-0.00990742) 
129 (-6.76445e-05,-0.00983055) (-2.89916e-05,-0.00983093) 
130 (-6.66121e-05,-0.00975524) (-2.85491e-05,-0.00975561) 
131 (-6.56032e-05,-0.00968108) (-2.81167e-05,-0.00968144) 
132 (-6.4617e-05,-0.00960803) (-2.7694e-05,-0.00960839) 
133 (-6.36529e-05,-0.00953608) (-2.72808e-05,-0.00953643) 
134 (-6.27102e-05,-0.0094652) (-2.68767e-05,-0.00946554) 
135 (-6.17882e-05,-0.00939537) (-2.64816e-05,-0.0093957) 
136 (-6.08865e-05,-0.00932655) (-2.60951e-05,-0.00932688) 
137 (-6.00044e-05,-0.00925874) (-2.5717e-05,-0.00925906) 
138 (-5.91413e-05,-0.00919191) (-2.53471e-05,-0.00919222) 
139 (-5.82967e-05,-0.00912603) (-2.49851e-05,-0.00912634) 
140 (-5.747e-05,-0.00906109) (-2.46308e-05,-0.00906139) 
141 (-5.66608e-05,-0.00899707) (-2.4284e-05,-0.00899737) 
142 (-5.58686e-05,-0.00893395) (-2.39444e-05,-0.00893424) 
143 (-5.50928e-05,-0.00887171) (-2.3612e-05,-0.00887199) 
144 (-5.43332e-05,-0.00881033) (-2.32864e-05,-0.0088106) 
145 (-5.35891e-05,-0.00874979) (-2.29674e-05,-0.00875006) 
146 (-5.28602e-05,-0.00869008) (-2.2655e-05,-0.00869034) 
147 (-5.2146e-05,-0.00863117) (-2.2349e-05,-0.00863143) 
148 (-5.14463e-05,-0.00857306) (-2.20491e-05,-0.00857332) 
149 (-5.07605e-05,-0.00851573) (-2.17551e-05,-0.00851598) 
150 (-5.00884e-05,-0.00845916) (-2.14671e-05,-0.0084594) 
151 (-4.94295e-05,-0.00840334) (-2.11847e-05,-0.00840357) 
152 (-4.87835e-05,-0.00834824) (-2.09078e-05,-0.00834848) 
153 (-4.81501e-05,-0.00829387) (-2.06363e-05,-0.0082941) 
154 (-4.7529e-05,-0.0082402) (-2.03701e-05,-0.00824042) 
155 (-4.69198e-05,-0.00818722) (-2.0109e-05,-0.00818744) 
156 (-4.63222e-05,-0.00813491) (-1.98529e-05,-0.00813513) 
157 (-4.5736e-05,-0.00808327) (-1.96017e-05,-0.00808348) 
158 (-4.51608e-05,-0.00803228) (-1.93551e-05,-0.00803249) 
159 (-4.45965e-05,-0.00798194) (-1.91133e-05,-0.00798214) 
160 (-4.40426e-05,-0.00793221) (-1.88759e-05,-0.00793241) 
161 (-4.3499e-05,-0.00788311) (-1.86429e-05,-0.0078833) 
162 (-4.29654e-05,-0.0078346) (-1.84142e-05,-0.0078348) 
163 (-4.24415e-05,-0.00778669) (-1.81897e-05,-0.00778688) 
164 (-4.19272e-05,-0.00773937) (-1.79692e-05,-0.00773955) 
165 (-4.14221e-05,-0.00769261) (-1.77528e-05,-0.00769279) 
166 (-4.09262e-05,-0.00764642) (-1.75402e-05,-0.0076466) 
167 (-4.04391e-05,-0.00760078) (-1.73314e-05,-0.00760095) 
168 (-3.99606e-05,-0.00755568) (-1.71264e-05,-0.00755585) 
169 (-3.94906e-05,-0.00751111) (-1.69249e-05,-0.00751128) 
170 (-3.90288e-05,-0.00746706) (-1.6727e-05,-0.00746723) 
171 (-3.85751e-05,-0.00742353) (-1.65325e-05,-0.00742369) 
172 (-3.81292e-05,-0.0073805) (-1.63414e-05,-0.00738066) 
173 (-3.7691e-05,-0.00733797) (-1.61536e-05,-0.00733813) 
174 (-3.72603e-05,-0.00729592) (-1.59691e-05,-0.00729608) 
175 (-3.6837e-05,-0.00725436) (-1.57876e-05,-0.00725451) 
176 (-3.64208e-05,-0.00721326) (-1.56093e-05,-0.00721341) 
177 (-3.60117e-05,-0.00717263) (-1.54339e-05,-0.00717278) 
178 (-3.56094e-05,-0.00713245) (-1.52615e-05,-0.0071326) 
179 (-3.52138e-05,-0.00709272) (-1.50919e-05,-0.00709287) 
180 (-3.48248e-05,-0.00705344) (-1.49252e-05,-0.00705358) 
181 (-3.44422e-05,-0.00701458) (-1.47612e-05,-0.00701472) 
182 (-3.40658e-05,-0.00697615) (-1.45999e-05,-0.00697628) 
183 (-3.36956e-05,-0.00693814) (-1.44412e-05,-0.00693827) 
184 (-3.33314e-05,-0.00690054) (-1.42852e-05,-0.00690067) 
185 (-3.2973e-05,-0.00686334) (-1.41316e-05,-0.00686347) 
186 (-3.26205e-05,-0.00682655) (-1.39805e-05,-0.00682667) 
187 (-3.22735e-05,-0.00679014) (-1.38317e-05,-0.00679027) 
188 (-3.1932e-05,-0.00675413) (-1.36854e-05,-0.00675425) 
189 (-3.1596e-05,-0.00671849) (-1.35414e-05,-0.00671861) 
190 (-3.12652e-05,-0.00668323) (-1.33996e-05,-0.00668335) 
191 (-3.09395e-05,-0.00664833) (-1.326e-05,-0.00664845) 
192 (-3.0619e-05,-0.0066138) (-1.31226e-05,-0.00661392) 
193 (-3.03034e-05,-0.00657962) (-1.29874e-05,-0.00657974) 
194 (-2.99926e-05,-0.0065458) (-1.28542e-05,-0.00654591) 
195 (-2.96866e-05,-0.00651232) (-1.2723e-05,-0.00651243) 
196 (-2.93853e-05,-0.00647919) (-1.25939e-05,-0.00647929) 
197 (-2.90885e-05,-0.00644638) (-1.24667e-05,-0.00644649) 
198 (-2.87962e-05,-0.00641391) (-1.23414e-05,-0.00641402) 
199 (-2.85083e-05,-0.00638177) (-1.2218e-05,-0.00638187) 
200 (-2.82246e-05,-0.00634994) (-1.20965e-05,-0.00635004) 
201 (-2.79452e-05,-0.00631843) (-1.19767e-05,-0.00631853) 
202 (-2.76699e-05,-0.00628723) (-1.18587e-05,-0.00628733) 
203 (-2.73987e-05,-0.00625634) (-1.17425e-05,-0.00625644) 
204 (-2.71314e-05,-0.00622575) (-1.16279e-05,-0.00622585) 
205 (-2.68681e-05,-0.00619546) (-1.15151e-05,-0.00619555) 
206 (-2.66085e-05,-0.00616546) (-1.14038e-05,-0.00616555) 
207 (-2.63527e-05,-0.00613575) (-1.12942e-05,-0.00613584) 
208 (-2.61005e-05,-0.00610633) (-1.11861e-05,-0.00610642) 
209 (-2.5852e-05,-0.00607718) (-1.10796e-05,-0.00607727) 
210 (-2.5607e-05,-0.00604831) (-1.09746e-05,-0.0060484) 
211 (-2.53655e-05,-0.00601972) (-1.08711e-05,-0.00601981) 
212 (-2.51273e-05,-0.0059914) (-1.0769e-05,-0.00599148) 
213 (-2.48925e-05,-0.00596334) (-1.06684e-05,-0.00596342) 
214 (-2.4661e-05,-0.00593554) (-1.05691e-05,-0.00593562) 
215 (-2.44327e-05,-0.005908) (-1.04713e-05,-0.00590808) 
216 (-2.42075e-05,-0.00588071) (-1.03748e-05,-0.00588079) 
217 (-2.39854e-05,-0.00585368) (-1.02796e-05,-0.00585376) 
218 (-2.37664e-05,-0.00582689) (-1.01858e-05,-0.00582697) 
219 (-2.35504e-05,-0.00580034) (-1.00932e-05,-0.00580042) 
220 (-2.33373e-05,-0.00577404) (-1.00018e-05,-0.00577412) 
221 (-2.31271e-05,-0.00574798) (-9.91174e-06,-0.00574805) 
222 (-2.29197e-05,-0.00572215) (-9.82285e-06,-0.00572222) 
223 (-2.27151e-05,-0.00569655) (-9.73516e-06,-0.00569662) 
224 (-2.25132e-05,-0.00567117) (-9.64863e-06,-0.00567125) 
225 (-2.2314e-05,-0.00564603) (-9.56325e-06,-0.0056461) 
226 (-2.21174e-05,-0.0056211) (-9.479e-06,-0.00562117) 
227 (-2.19234e-05,-0.0055964) (-9.39586e-06,-0.00559647) 
228 (-2.1732e-05,-0.00557191) (-9.31381e-06,-0.00557198) 
229 (-2.1543e-05,-0.00554763) (-9.23283e-06,-0.0055477) 
230 (-2.13565e-05,-0.00552356) (-9.1529e-06,-0.00552363) 
231 (-2.11724e-05,-0.00549971) (-9.074e-06,-0.00549977) 
232 (-2.09907e-05,-0.00547605) (-8.99612e-06,-0.00547612) 
233 (-2.08113e-05,-0.0054526) (-8.91924e-06,-0.00545267) 
234 (-2.06342e-05,-0.00542935) (-8.84334e-06,-0.00542942) 
235 (-2.04594e-05,-0.0054063) (-8.7684e-06,-0.00540637) 
236 (-2.02867e-05,-0.00538344) (-8.69441e-06,-0.00538351) 
237 (-2.01163e-05,-0.00536078) (-8.62136e-06,-0.00536084) 
238 (-1.9948e-05,-0.0053383) (-8.54922e-06,-0.00533836) 
239 (-1.97817e-05,-0.00531602) (-8.47798e-06,-0.00531608) 
240 (-1.96176e-05,-0.00529391) (-8.40763e-06,-0.00529397) 
241 (-1.94555e-05,-0.005272) (-8.33815e-06,-0.00527205) 
242 (-1.92954e-05,-0.00525026) (-8.26953e-06,-0.00525031) 
243 (-1.91372e-05,-0.0052287) (-8.20176e-06,-0.00522875) 
244 (-1.8981e-05,-0.00520731) (-8.13481e-06,-0.00520737) 
245 (-1.88267e-05,-0.0051861) (-8.06868e-06,-0.00518616) 
246 (-1.86743e-05,-0.00516507) (-8.00335e-06,-0.00516512) 
247 (-1.85237e-05,-0.0051442) (-7.93881e-06,-0.00514425) 
248 (-1.83749e-05,-0.0051235) (-7.87505e-06,-0.00512355) 
249 (-1.82279e-05,-0.00510297) (-7.81206e-06,-0.00510302) 
250 (-1.80827e-05,-0.0050826) (-7.74982e-06,-0.00508265) 
251 (-1.79392e-05,-0.00506239) (-7.68831e-06,-0.00506244) 
252 (-1.77974e-05,-0.00504234) (-7.62754e-06,-0.00504239) 
253 (-1.76573e-05,-0.00502245) (-7.56749e-06,-0.0050225) 
254 (-1.75188e-05,-0.00500272) (-7.50814e-06,-0.00500277) 
255 (-1.7382e-05,-0.00498314) (-7.44949e-06,-0.00498319) 
256 (-1.72467e-05,-0.00496371) (-7.39152e-06,-0.00496376) 
257 (-1.7113e-05,-0.00494444) (-7.33422e-06,-0.00494449) 
258 (-1.69809e-05,-0.00492531) (-7.27759e-06,-0.00492536) 
259 (-1.68503e-05,-0.00490633) (-7.22162e-06,-0.00490638) 
260 (-1.67212e-05,-0.0048875) (-7.16628e-06,-0.00488755) 
261 (-1.65935e-05,-0.00486881) (-7.11158e-06,-0.00486886) 
262 (-1.64674e-05,-0.00485027) (-7.05751e-06,-0.00485031) 
263 (-1.63426e-05,-0.00483186) (-7.00404e-06,-0.00483191) 
264 (-1.62193e-05,-0.00481359) (-6.95119e-06,-0.00481364) 
265 (-1.60973e-05,-0.00479546) (-6.89893e-06,-0.00479551) 
266 (-1.59768e-05,-0.00477747) (-6.84725e-06,-0.00477752) 
267 (-1.58576e-05,-0.00475961) (-6.79616e-06,-0.00475966) 
268 (-1.57397e-05,-0.00474189) (-6.74563e-06,-0.00474193) 
269 (-1.56231e-05,-0.00472429) (-6.69567e-06,-0.00472434) 
270 (-1.55078e-05,-0.00470683) (-6.64626e-06,-0.00470687) 
271 (-1.53938e-05,-0.00468949) (-6.59739e-06,-0.00468954) 
272 (-1.5281e-05,-0.00467229) (-6.54906e-06,-0.00467233) 
273 (-1.51695e-05,-0.0046552) (-6.50126e-06,-0.00465524) 
274 (-1.50592e-05,-0.00463825) (-6.45398e-06,-0.00463829) 
275 (-1.49501e-05,-0.00462141) (-6.40722e-06,-0.00462145) 
276 (-1.48421e-05,-0.0046047) (-6.36096e-06,-0.00460474) 
277 (-1.47353e-05,-0.00458811) (-6.3152e-06,-0.00458815) 
278 (-1.46297e-05,-0.00457163) (-6.26994e-06,-0.00457167) 
279 (-1.45252e-05,-0.00455528) (-6.22515e-06,-0.00455532) 
280 (-1.44219e-05,-0.00453904) (-6.18085e-06,-0.00453908) 
281 (-1.43196e-05,-0.00452292) (-6.13702e-06,-0.00452295) 
282 (-1.42184e-05,-0.00450691) (-6.09365e-06,-0.00450694) 
283 (-1.41183e-05,-0.00449101) (-6.05074e-06,-0.00449105) 
284 (-1.40192e-05,-0.00447523) (-6.00828e-06,-0.00447526) 
285 (-1.39212e-05,-0.00445955) (-5.96627e-06,-0.00445959) 
286 (-1.38242e-05,-0.00444399) (-5.92469e-06,-0.00444402) 
287 (-1.37282e-05,-0.00442853) (-5.88355e-06,-0.00442856) 
288 (-1.36332e-05,-0.00441318) (-5.84284e-06,-0.00441321) 
289 (-1.35392e-05,-0.00439794) (-5.80254e-06,-0.00439797) 
290 (-1.34461e-05,-0.0043828) (-5.76267e-06,-0.00438283) 
291 (-1.3354e-05,-0.00436776) (-5.7232e-06,-0.0043678) 
292 (-1.32629e-05,-0.00435283) (-5.68413e-06,-0.00435287) 
293 (-1.31727e-05,-0.004338) (-5.64547e-06,-0.00433804) 
294 (-1.30834e-05,-0.00432327) (-5.6072e-06,-0.00432331) 
295 (-1.2995e-05,-0.00430864) (-5.56931e-06,-0.00430868) 
296 (-1.29075e-05,-0.00429411) (-5.53181e-06,-0.00429414) 
297 (-1.28208e-05,-0.00427968) (-5.49469e-06,-0.00427971) 
298 (-1.27351e-05,-0.00426534) (-5.45794e-06,-0.00426537) 
299 (-1.26502e-05,-0.0042511) (-5.42155e-06,-0.00425113) 
300 (-1.25661e-05,-0.00423696) (-5.38553e-06,-0.00423699) 
301 (-1.24829e-05,-0.0042229) (-5.34987e-06,-0.00422293) 
302 (-1.24005e-05,-0.00420895) (-5.31456e-06,-0.00420898) 
303 (-1.2319e-05,-0.00419508) (-5.27959e-06,-0.00419511) 
304 (-1.22382e-05,-0.0041813) (-5.24498e-06,-0.00418133) 
305 (-1.21582e-05,-0.00416762) (-5.2107e-06,-0.00416764) 
306 (-1.2079e-05,-0.00415402) (-5.17675e-06,-0.00415405) 
307 (-1.20006e-05,-0.00414051) (-5.14314e-06,-0.00414054) 
308 (-1.19229e-05,-0.00412709) (-5.10985e-06,-0.00412712) 
309 (-1.1846e-05,-0.00411376) (-5.07689e-06,-0.00411378) 
310 (-1.17698e-05,-0.00410051) (-5.04424e-06,-0.00410054) 
311 (-1.16944e-05,-0.00408734) (-5.01191e-06,-0.00408737) 
312 (-1.16197e-05,-0.00407427) (-4.97988e-06,-0.00407429) 
313 (-1.15456e-05,-0.00406127) (-4.94817e-06,-0.0040613) 
314 (-1.14723e-05,-0.00404836) (-4.91675e-06,-0.00404838) 
315 (-1.13997e-05,-0.00403553) (-4.88563e-06,-0.00403555) 
316 (-1.13278e-05,-0.00402278) (-4.85481e-06,-0.0040228) 
317 (-1.12566e-05,-0.00401011) (-4.82428e-06,-0.00401013) 
318 (-1.1186e-05,-0.00399752) (-4.79403e-06,-0.00399754) 
319 (-1.11161e-05,-0.00398501) (-4.76407e-06,-0.00398503) 
320 (-1.10468e-05,-0.00397257) (-4.73439e-06,-0.0039726) 
321 (-1.09782e-05,-0.00396022) (-4.70499e-06,-0.00396024) 
322 (-1.09103e-05,-0.00394794) (-4.67586e-06,-0.00394796) 
323 (-1.08429e-05,-0.00393573) (-4.64699e-06,-0.00393576) 
324 (-1.07762e-05,-0.00392361) (-4.6184e-06,-0.00392363) 
325 (-1.07101e-05,-0.00391155) (-4.59007e-06,-0.00391158) 
326 (-1.06446e-05,-0.00389957) (-4.56199e-06,-0.0038996) 
327 (-1.05797e-05,-0.00388767) (-4.53418e-06,-0.00388769) 
328 (-1.05154e-05,-0.00387583) (-4.50662e-06,-0.00387586) 
329 (-1.04516e-05,-0.00386407) (-4.4793e-06,-0.00386409) 
330 (-1.03885e-05,-0.00385238) (-4.45224e-06,-0.0038524) 
331 (-1.03259e-05,-0.00384076) (-4.42542e-06,-0.00384078) 
332 (-1.02639e-05,-0.00382921) (-4.39884e-06,-0.00382923) 
333 (-1.02025e-05,-0.00381773) (-4.3725e-06,-0.00381775) 
334 (-1.01415e-05,-0.00380631) (-4.3464e-06,-0.00380634) 
335 (-1.00812e-05,-0.00379497) (-4.32053e-06,-0.00379499) 
336 (-1.00214e-05,-0.00378369) (-4.29489e-06,-0.00378371) 
337 (-9.96206e-06,-0.00377248) (-4.26948e-06,-0.0037725) 
338 (-9.90329e-06,-0.00376134) (-4.24429e-06,-0.00376136) 
339 (-9.84504e-06,-0.00375026) (-4.21933e-06,-0.00375028) 
340 (-9.7873e-06,-0.00373925) (-4.19458e-06,-0.00373927) 
341 (-9.73007e-06,-0.0037283) (-4.17005e-06,-0.00372832) 
342 (-9.67333e-06,-0.00371741) (-4.14574e-06,-0.00371743) 
343 (-9.6171e-06,-0.00370659) (-4.12164e-06,-0.00370661) 
344 (-9.56135e-06,-0.00369583) (-4.09774e-06,-0.00369585) 
345 (-9.50608e-06,-0.00368513) (-4.07406e-06,-0.00368515) 
346 (-9.4513e-06,-0.0036745) (-4.05058e-06,-0.00367452) 
347 (-9.39698e-06,-0.00366393) (-4.0273e-06,-0.00366395) 
348 (-9.34313e-06,-0.00365341) (-4.00422e-06,-0.00365343) 
349 (-9.28975e-06,-0.00364296) (-3.98134e-06,-0.00364298) 
350 (-9.23681e-06,-0.00363257) (-3.95866e-06,-0.00363259) 
351 (-9.18434e-06,-0.00362223) (-3.93616e-06,-0.00362225) 
352 (-9.1323e-06,-0.00361196) (-3.91386e-06,-0.00361198) 
353 (-9.08071e-06,-0.00360174) (-3.89175e-06,-0.00360176) 
354 (-9.02955e-06,-0.00359158) (-3.86983e-06,-0.0035916) 
355 (-8.97883e-06,-0.00358148) (-3.84809e-06,-0.0035815) 
356 (-8.92853e-06,-0.00357143) (-3.82653e-06,-0.00357145) 
357 (-8.87865e-06,-0.00356144) (-3.80516e-06,-0.00356146) 
358 (-8.82919e-06,-0.00355151) (-3.78396e-06,-0.00355153) 
359 (-8.78014e-06,-0.00354163) (-3.76294e-06,-0.00354165) 
360 (-8.7315e-06,-0.00353181) (-3.74209e-06,-0.00353182) 
361 (-8.68326e-06,-0.00352204) (-3.72142e-06,-0.00352205) 
362 (-8.63542e-06,-0.00351232) (-3.70091e-06,-0.00351234) 
363 (-8.58798e-06,-0.00350266) (-3.68058e-06,-0.00350268) 
364 (-8.54092e-06,-0.00349305) (-3.66041e-06,-0.00349307) 
365 (-8.49425e-06,-0.00348349) (-3.64041e-06,-0.00348351) 
366 (-8.44796e-06,-0.00347399) (-3.62057e-06,-0.003474) 
367 (-8.40205e-06,-0.00346454) (-3.6009e-06,-0.00346455) 
368 (-8.35652e-06,-0.00345513) (-3.58138e-06,-0.00345515) 
369 (-8.31135e-06,-0.00344578) (-3.56202e-06,-0.0034458) 
370 (-8.26654e-06,-0.00343648) (-3.54282e-06,-0.0034365) 
371 (-8.2221e-06,-0.00342723) (-3.52377e-06,-0.00342725) 
372 (-8.17802e-06,-0.00341803) (-3.50488e-06,-0.00341805) 
373 (-8.13429e-06,-0.00340888) (-3.48614e-06,-0.0034089) 
374 (-8.09091e-06,-0.00339978) (-3.46755e-06,-0.0033998) 
375 (-8.04787e-06,-0.00339073) (-3.4491e-06,-0.00339074) 
376 (-8.00518e-06,-0.00338172) (-3.43081e-06,-0.00338174) 
377 (-7.96282e-06,-0.00337276) (-3.41265e-06,-0.00337278) 
378 (-7.92081e-06,-0.00336385) (-3.39465e-06,-0.00336387) 
379 (-7.87912e-06,-0.00335499) (-3.37678e-06,-0.003355) 
380 (-7.83776e-06,-0.00334617) (-3.35906e-06,-0.00334619) 
381 (-7.79673e-06,-0.0033374) (-3.34147e-06,-0.00333742) 
382 (-7.75601e-06,-0.00332868) (-3.32402e-06,-0.00332869) 
383 (-7.71562e-06,-0.00332) (-3.30671e-06,-0.00332001) 
384 (-7.67554e-06,-0.00331136) (-3.28953e-06,-0.00331138) 
385 (-7.63577e-06,-0.00330277) (-3.27249e-06,-0.00330279) 
386 (-7.59631e-06,-0.00329423) (-3.25558e-06,-0.00329424) 
387 (-7.55716e-06,-0.00328573) (-3.2388e-06,-0.00328574) 
388 (-7.51831e-06,-0.00327727) (-3.22214e-06,-0.00327728) 
389 (-7.47975e-06,-0.00326886) (-3.20562e-06,-0.00326887) 
390 (-7.44149e-06,-0.00326048) (-3.18922e-06,-0.0032605) 
391 (-7.40353e-06,-0.00325216) (-3.17295e-06,-0.00325217) 
392 (-7.36585e-06,-0.00324387) (-3.15681e-06,-0.00324389) 
393 (-7.32846e-06,-0.00323563) (-3.14078e-06,-0.00323564) 
394 (-7.29136e-06,-0.00322743) (-3.12488e-06,-0.00322744) 
395 (-7.25454e-06,-0.00321927) (-3.1091e-06,-0.00321928) 
396 (-7.21799e-06,-0.00321115) (-3.09344e-06,-0.00321116) 
397 (-7.18172e-06,-0.00320307) (-3.07789e-06,-0.00320308) 
398 (-7.14572e-06,-0.00319503) (-3.06247e-06,-0.00319504) 
399 (-7.11e-06,-0.00318703) (-3.04715e-06,-0.00318705) 
400 (-7.07454e-06,-0.00317908) (-3.03196e-06,-0.00317909) 
401 (-7.03934e-06,-0.00317116) (-3.01687e-06,-0.00317117) 
402 (-7.00441e-06,-0.00316328) (-3.0019e-06,-0.00316329) 
403 (-6.96973e-06,-0.00315544) (-2.98704e-06,-0.00315545) 
404 (-6.93532e-06,-0.00314764) (-2.97229e-06,-0.00314765) 
405 (-6.90115e-06,-0.00313988) (-2.95765e-06,-0.00313989) 
406 (-6.86724e-06,-0.00313215) (-2.94311e-06,-0.00313217) 
407 (-6.83358e-06,-0.00312447) (-2.92869e-06,-0.00312448) 
408 (-6.80016e-06,-0.00311682) (-2.91437e-06,-0.00311683) 
409 (-6.76699e-06,-0.00310921) (-2.90015e-06,-0.00310922) 
410 (-6.73407e-06,-0.00310164) (-2.88604e-06,-0.00310165) 
411 (-6.70138e-06,-0.0030941) (-2.87203e-06,-0.00309411) 
412 (-6.66893e-06,-0.0030866) (-2.85812e-06,-0.00308661) 
413 (-6.63671e-06,-0.00307913) (-2.84432e-06,-0.00307914) 
414 (-6.60473e-06,-0.0030717) (-2.83061e-06,-0.00307172) 
415 (-6.57298e-06,-0.00306431) (-2.817e-06,-0.00306432) 
416 (-6.54145e-06,-0.00305696) (-2.80349e-06,-0.00305697) 
417 (-6.51015e-06,-0.00304963) (-2.79008e-06,-0.00304964) 
418 (-6.47908e-06,-0.00304235) (-2.77676e-06,-0.00304236) 
419 (-6.44823e-06,-0.00303509) (-2.76354e-06,-0.00303511) 
420 (-6.4176e-06,-0.00302788) (-2.75041e-06,-0.00302789) 
421 (-6.38718e-06,-0.00302069) (-2.73737e-06,-0.0030207) 
422 (-6.35698e-06,-0.00301354) (-2.72443e-06,-0.00301355) 
423 (-6.327e-06,-0.00300643) (-2.71158e-06,-0.00300644) 
424 (-6.29723e-06,-0.00299935) (-2.69882e-06,-0.00299936) 
425 (-6.26766e-06,-0.0029923) (-2.68615e-06,-0.00299231) 
426 (-6.23831e-06,-0.00298528) (-2.67357e-06,-0.00298529) 
427 (-6.20916e-06,-0.0029783) (-2.66108e-06,-0.00297831) 
428 (-6.18021e-06,-0.00297135) (-2.64867e-06,-0.00297136) 
429 (-6.15147e-06,-0.00296443) (-2.63635e-06,-0.00296444) 
430 (-6.12292e-06,-0.00295754) (-2.62412e-06,-0.00295755) 
431 (-6.09458e-06,-0.00295069) (-2.61197e-06,-0.0029507) 
432 (-6.06643e-06,-0.00294387) (-2.59991e-06,-0.00294388) 
433 (-6.03847e-06,-0.00293708) (-2.58793e-06,-0.00293709) 
434 (-6.01071e-06,-0.00293032) (-2.57603e-06,-0.00293033) 
435 (-5.98314e-06,-0.00292359) (-2.56421e-06,-0.0029236) 
436 (-5.95576e-06,-0.00291689) (-2.55248e-06,-0.0029169) 
437 (-5.92856e-06,-0.00291023) (-2.54082e-06,-0.00291023) 
438 (-5.90155e-06,-0.00290359) (-2.52925e-06,-0.0029036) 
439 (-5.87473e-06,-0.00289698) (-2.51775e-06,-0.00289699) 
440 (-5.84809e-06,-0.00289041) (-2.50633e-06,-0.00289042) 
441 (-5.82163e-06,-0.00288386) (-2.49499e-06,-0.00288387) 
442 (-5.79534e-06,-0.00287734) (-2.48373e-06,-0.00287735) 
443 (-5.76924e-06,-0.00287085) (-2.47254e-06,-0.00287086) 
444 (-5.74331e-06,-0.0028644) (-2.46143e-06,-0.00286441) 
445 (-5.71756e-06,-0.00285797) (-2.45039e-06,-0.00285798) 
446 (-5.69198e-06,-0.00285157) (-2.43943e-06,-0.00285158) 
447 (-5.66657e-06,-0.00284519) (-2.42854e-06,-0.0028452) 
448 (-5.64133e-06,-0.00283885) (-2.41772e-06,-0.00283886) 
449 (-5.61625e-06,-0.00283253) (-2.40697e-06,-0.00283254) 
450 (-5.59135e-06,-0.00282625) (-2.3963e-06,-0.00282626) 
451 (-5.56661e-06,-0.00281999) (-2.3857e-06,-0.00282) 
452 (-5.54203e-06,-0.00281376) (-2.37516e-06,-0.00281376) 
453 (-5.51762e-06,-0.00280755) (-2.3647e-06,-0.00280756) 
454 (-5.49337e-06,-0.00280137) (-2.35431e-06,-0.00280138) 
455 (-5.46927e-06,-0.00279522) (-2.34398e-06,-0.00279523) 
456 (-5.44534e-06,-0.0027891) (-2.33372e-06,-0.00278911) 
457 (-5.42156e-06,-0.00278301) (-2.32353e-06,-0.00278301) 
458 (-5.39794e-06,-0.00277694) (-2.31341e-06,-0.00277694) 
459 (-5.37447e-06,-0.00277089) (-2.30335e-06,-0.0027709) 
460 (-5.35115e-06,-0.00276488) (-2.29336e-06,-0.00276488) 
461 (-5.32799e-06,-0.00275888) (-2.28343e-06,-0.00275889) 
462 (-5.30497e-06,-0.00275292) (-2.27357e-06,-0.00275293) 
463 (-5.28211e-06,-0.00274698) (-2.26377e-06,-0.00274699) 
464 (-5.25939e-06,-0.00274107) (-2.25403e-06,-0.00274107) 
465 (-5.23682e-06,-0.00273518) (-2.24436e-06,-0.00273519) 
466 (-5.21439e-06,-0.00272931) (-2.23475e-06,-0.00272932) 
467 (-5.19211e-06,-0.00272348) (-2.2252e-06,-0.00272349) 
468 (-5.16997e-06,-0.00271766) (-2.21571e-06,-0.00271767) 
469 (-5.14797e-06,-0.00271188) (-2.20628e-06,-0.00271188) 
470 (-5.12611e-06,-0.00270611) (-2.19691e-06,-0.00270612) 
471 (-5.10439e-06,-0.00270037) (-2.1876e-06,-0.00270038) 
472 (-5.08281e-06,-0.00269466) (-2.17835e-06,-0.00269467) 
473 (-5.06136e-06,-0.00268897) (-2.16916e-06,-0.00268897) 
474 (-5.04005e-06,-0.0026833) (-2.16003e-06,-0.00268331) 
475 (-5.01887e-06,-0.00267766) (-2.15095e-06,-0.00267766) 
476 (-4.99783e-06,-0.00267204) (-2.14193e-06,-0.00267205) 
477 (-4.97692e-06,-0.00266644) (-2.13297e-06,-0.00266645) 
478 (-4.95614e-06,-0.00266087) (-2.12407e-06,-0.00266088) 
479 (-4.93549e-06,-0.00265532) (-2.11522e-06,-0.00265533) 
480 (-4.91497e-06,-0.00264979) (-2.10642e-06,-0.0026498) 
481 (-4.89458e-06,-0.00264429) (-2.09768e-06,-0.0026443) 
482 (-4.87431e-06,-0.00263881) (-2.089e-06,-0.00263882) 
483 (-4.85417e-06,-0.00263335) (-2.08036e-06,-0.00263336) 
484 (-4.83415e-06,-0.00262792) (-2.07178e-06,-0.00262793) 
485 (-4.81426e-06,-0.00262251) (-2.06326e-06,-0.00262251) 
486 (-4.79449e-06,-0.00261712) (-2.05479e-06,-0.00261712) 
487 (-4.77484e-06,-0.00261175) (-2.04636e-06,-0.00261175) 
488 (-4.75531e-06,-0.0026064) (-2.038e-06,-0.00260641) 
489 (-4.7359e-06,-0.00260108) (-2.02968e-06,-0.00260108) 
490 (-4.71661e-06,-0.00259577) (-2.02141e-06,-0.00259578) 
491 (-4.69744e-06,-0.00259049) (-2.01319e-06,-0.0025905) 
492 (-4.67838e-06,-0.00258523) (-2.00503e-06,-0.00258524) 
493 (-4.65944e-06,-0.00257999) (-1.99691e-06,-0.00258) 
494 (-4.64062e-06,-0.00257478) (-1.98884e-06,-0.00257478) 
495 (-4.6219e-06,-0.00256958) (-1.98082e-06,-0.00256959) 
496 (-4.60331e-06,-0.0025644) (-1.97285e-06,-0.00256441) 
497 (-4.58482e-06,-0.00255925) (-1.96493e-06,-0.00255926) 
498 (-4.56644e-06,-0.00255412) (-1.95705e-06,-0.00255412) 
499 (-4.54818e-06,-0.002549) (-1.94922e-06,-0.00254901) 
500 (-4.53002e-06,-0.00254391) (-1.94144e-06,-0.00254392) 
501 (-4.51197e-06,-0.00253884) (-1.93371e-06,-0.00253884) 
502 (-4.49403e-06,-0.00253379) (-1.92602e-06,-0.00253379) 
503 (-4.4762e-06,-0.00252875) (-1.91838e-06,-0.00252876) 
504 (-4.45847e-06,-0.00252374) (-1.91078e-06,-0.00252375) 
505 (-4.44085e-06,-0.00251875) (-1.90323e-06,-0.00251876) 
506 (-4.42333e-06,-0.00251378) (-1.89572e-06,-0.00251378) 
507 (-4.40592e-06,-0.00250882) (-1.88826e-06,-0.00250883) 
508 (-4.38861e-06,-0.00250389) (-1.88084e-06,-0.0025039) 
509 (-4.3714e-06,-0.00249897) (-1.87346e-06,-0.00249898) 
510 (-4.35429e-06,-0.00249408) (-1.86613e-06,-0.00249409) 
511 (-4.33728e-06,-0.0024892) (-1.85884e-06,-0.00248921) 
512 (-4.32037e-06,-0.00248435) (-1.85159e-06,-0.00248435) 
513 (-4.30356e-06,-0.00247951) (-1.84439e-06,-0.00247952) 
514 (-4.28685e-06,-0.00247469) (-1.83723e-06,-0.0024747) 
515 (-4.27023e-06,-0.00246989) (-1.8301e-06,-0.0024699) 
516 (-4.25372e-06,-0.00246511) (-1.82303e-06,-0.00246511) 
517 (-4.23729e-06,-0.00246034) (-1.81599e-06,-0.00246035) 
518 (-4.22096e-06,-0.0024556) (-1.80899e-06,-0.0024556) 
519 (-4.20473e-06,-0.00245087) (-1.80203e-06,-0.00245088) 
520 (-4.18859e-06,-0.00244616) (-1.79511e-06,-0.00244617) 
521 (-4.17254e-06,-0.00244147) (-1.78824e-06,-0.00244148) 
522 (-4.15659e-06,-0.0024368) (-1.7814e-06,-0.00243681) 
523 (-4.14072e-06,-0.00243215) (-1.7746e-06,-0.00243215) 
524 (-4.12495e-06,-0.00242751) (-1.76784e-06,-0.00242751) 
525 (-4.10926e-06,-0.00242289) (-1.76112e-06,-0.0024229) 
526 (-4.09367e-06,-0.00241829) (-1.75443e-06,-0.00241829) 
527 (-4.07816e-06,-0.0024137) (-1.74779e-06,-0.00241371) 
528 (-4.06274e-06,-0.00240914) (-1.74118e-06,-0.00240914) 
529 (-4.04741e-06,-0.00240459) (-1.73461e-06,-0.00240459) 
530 (-4.03217e-06,-0.00240005) (-1.72808e-06,-0.00240006) 
531 (-4.01701e-06,-0.00239554) (-1.72158e-06,-0.00239554) 
532 (-4.00194e-06,-0.00239104) (-1.71512e-06,-0.00239105) 
533 (-3.98695e-06,-0.00238656) (-1.7087e-06,-0.00238656) 
534 (-3.97205e-06,-0.00238209) (-1.70231e-06,-0.0023821) 
535 (-3.95723e-06,-0.00237764) (-1.69596e-06,-0.00237765) 
536 (-3.94249e-06,-0.00237321) (-1.68964e-06,-0.00237322) 
537 (-3.92783e-06,-0.0023688) (-1.68336e-06,-0.0023688) 
538 (-3.91326e-06,-0.0023644) (-1.67711e-06,-0.0023644) 
539 (-3.89876e-06,-0.00236002) (-1.6709e-06,-0.00236002) 
540 (-3.88435e-06,-0.00235565) (-1.66473e-06,-0.00235566) 
541 (-3.87002e-06,-0.0023513) (-1.65858e-06,-0.00235131) 
542 (-3.85576e-06,-0.00234697) (-1.65247e-06,-0.00234697) 
543 (-3.84159e-06,-0.00234265) (-1.6464e-06,-0.00234265) 
544 (-3.82749e-06,-0.00233835) (-1.64036e-06,-0.00233835) 
545 (-3.81347e-06,-0.00233406) (-1.63435e-06,-0.00233406) 
546 (-3.79953e-06,-0.00232979) (-1.62837e-06,-0.00232979) 
547 (-3.78566e-06,-0.00232553) (-1.62243e-06,-0.00232554) 
548 (-3.77187e-06,-0.00232129) (-1.61652e-06,-0.0023213) 
549 (-3.75816e-06,-0.00231707) (-1.61064e-06,-0.00231707) 
550 (-3.74451e-06,-0.00231286) (-1.6048e-06,-0.00231286) 
551 (-3.73095e-06,-0.00230867) (-1.59898e-06,-0.00230867) 
552 (-3.71745e-06,-0.00230449) (-1.5932e-06,-0.00230449) 
553 (-3.70403e-06,-0.00230032) (-1.58745e-06,-0.00230033) 
554 (-3.69069e-06,-0.00229618) (-1.58173e-06,-0.00229618) 
555 (-3.67741e-06,-0.00229204) (-1.57604e-06,-0.00229205) 
556 (-3.66421e-06,-0.00228792) (-1.57038e-06,-0.00228793) 
557 (-3.65107e-06,-0.00228382) (-1.56475e-06,-0.00228382) 
558 (-3.63801e-06,-0.00227973) (-1.55915e-06,-0.00227974) 
559 (-3.62502e-06,-0.00227566) (-1.55358e-06,-0.00227566) 
560 (-3.6121e-06,-0.0022716) (-1.54804e-06,-0.0022716) 
561 (-3.59924e-06,-0.00226755) (-1.54254e-06,-0.00226756) 
562 (-3.58646e-06,-0.00226352) (-1.53706e-06,-0.00226352) 
563 (-3.57374e-06,-0.0022595) (-1.53161e-06,-0.00225951) 
564 (-3.56109e-06,-0.0022555) (-1.52618e-06,-0.0022555) 
565 (-3.5485e-06,-0.00225151) (-1.52079e-06,-0.00225152) 
566 (-3.53599e-06,-0.00224754) (-1.51543e-06,-0.00224754) 
567 (-3.52354e-06,-0.00224358) (-1.51009e-06,-0.00224358) 
568 (-3.51115e-06,-0.00223963) (-1.50478e-06,-0.00223964) 
569 (-3.49883e-06,-0.0022357) (-1.4995e-06,-0.0022357) 
570 (-3.48658e-06,-0.00223178) (-1.49425e-06,-0.00223178) 
571 (-3.47439e-06,-0.00222787) (-1.48903e-06,-0.00222788) 
572 (-3.46226e-06,-0.00222398) (-1.48383e-06,-0.00222399) 
573 (-3.4502e-06,-0.0022201) (-1.47866e-06,-0.00222011) 
574 (-3.4382e-06,-0.00221624) (-1.47352e-06,-0.00221624) 
575 (-3.42626e-06,-0.00221239) (-1.4684e-06,-0.00221239) 
576 (-3.41438e-06,-0.00220855) (-1.46331e-06,-0.00220856) 
577 (-3.40257e-06,-0.00220473) (-1.45825e-06,-0.00220473) 
578 (-3.39082e-06,-0.00220092) (-1.45321e-06,-0.00220092) 
579 (-3.37912e-06,-0.00219712) (-1.4482e-06,-0.00219712) 
580 (-3.36749e-06,-0.00219333) (-1.44321e-06,-0.00219334) 
581 (-3.35592e-06,-0.00218956) (-1.43825e-06,-0.00218957) 
582 (-3.34441e-06,-0.0021858) (-1.43332e-06,-0.00218581) 
583 (-3.33295e-06,-0.00218206) (-1.42841e-06,-0.00218206) 
584 (-3.32156e-06,-0.00217832) (-1.42353e-06,-0.00217833) 
585 (-3.31022e-06,-0.0021746) (-1.41867e-06,-0.00217461) 
586 (-3.29895e-06,-0.0021709) (-1.41384e-06,-0.0021709) 
587 (-3.28772e-06,-0.0021672) (-1.40903e-06,-0.00216721) 
588 (-3.27656e-06,-0.00216352) (-1.40424e-06,-0.00216352) 
589 (-3.26545e-06,-0.00215985) (-1.39948e-06,-0.00215985) 
590 (-3.2544e-06,-0.00215619) (-1.39475e-06,-0.00215619) 
591 (-3.24341e-06,-0.00215255) (-1.39004e-06,-0.00215255) 
592 (-3.23247e-06,-0.00214891) (-1.38535e-06,-0.00214892) 
593 (-3.22159e-06,-0.00214529) (-1.38068e-06,-0.0021453) 
594 (-3.21076e-06,-0.00214168) (-1.37604e-06,-0.00214169) 
595 (-3.19998e-06,-0.00213809) (-1.37142e-06,-0.00213809) 
596 (-3.18926e-06,-0.0021345) (-1.36683e-06,-0.00213451) 
597 (-3.1786e-06,-0.00213093) (-1.36226e-06,-0.00213093) 
598 (-3.16798e-06,-0.00212737) (-1.35771e-06,-0.00212737) 
599 (-3.15743e-06,-0.00212382) (-1.35318e-06,-0.00212383) 
600 (-3.14692e-06,-0.00212028) (-1.34868e-06,-0.00212029) 
601 (-3.13646e-06,-0.00211676) (-1.3442e-06,-0.00211676) 
602 (-3.12606e-06,-0.00211325) (-1.33974e-06,-0.00211325) 
603 (-3.11571e-06,-0.00210974) (-1.33531e-06,-0.00210975) 
604 (-3.10541e-06,-0.00210625) (-1.33089e-06,-0.00210626) 
605 (-3.09516e-06,-0.00210278) (-1.3265e-06,-0.00210278) 
606 (-3.08496e-06,-0.00209931) (-1.32213e-06,-0.00209931) 
607 (-3.07482e-06,-0.00209585) (-1.31778e-06,-0.00209586) 
608 (-3.06472e-06,-0.00209241) (-1.31345e-06,-0.00209241) 
609 (-3.05467e-06,-0.00208898) (-1.30915e-06,-0.00208898) 
610 (-3.04467e-06,-0.00208555) (-1.30486e-06,-0.00208556) 
611 (-3.03472e-06,-0.00208214) (-1.3006e-06,-0.00208215) 
612 (-3.02482e-06,-0.00207875) (-1.29635e-06,-0.00207875) 
613 (-3.01497e-06,-0.00207536) (-1.29213e-06,-0.00207536) 
614 (-3.00516e-06,-0.00207198) (-1.28793e-06,-0.00207198) 
615 (-2.99541e-06,-0.00206861) (-1.28375e-06,-0.00206862) 
616 (-2.9857e-06,-0.00206526) (-1.27959e-06,-0.00206526) 
617 (-2.97603e-06,-0.00206191) (-1.27545e-06,-0.00206192) 
618 (-2.96642e-06,-0.00205858) (-1.27132e-06,-0.00205858) 
619 (-2.95685e-06,-0.00205526) (-1.26722e-06,-0.00205526) 
620 (-2.94733e-06,-0.00205194) (-1.26314e-06,-0.00205195) 
621 (-2.93785e-06,-0.00204864) (-1.25908e-06,-0.00204865) 
622 (-2.92842e-06,-0.00204535) (-1.25504e-06,-0.00204536) 
623 (-2.91903e-06,-0.00204207) (-1.25102e-06,-0.00204207) 
624 (-2.90969e-06,-0.0020388) (-1.24701e-06,-0.00203881) 
625 (-2.9004e-06,-0.00203554) (-1.24303e-06,-0.00203555) 
626 (-2.89114e-06,-0.00203229) (-1.23906e-06,-0.0020323) 
627 (-2.88194e-06,-0.00202905) (-1.23512e-06,-0.00202906) 
628 (-2.87277e-06,-0.00202583) (-1.23119e-06,-0.00202583) 
629 (-2.86365e-06,-0.00202261) (-1.22728e-06,-0.00202261) 
630 (-2.85458e-06,-0.0020194) (-1.22339e-06,-0.0020194) 
631 (-2.84554e-06,-0.0020162) (-1.21952e-06,-0.00201621) 
632 (-2.83655e-06,-0.00201301) (-1.21567e-06,-0.00201302) 
633 (-2.82761e-06,-0.00200984) (-1.21183e-06,-0.00200984) 
634 (-2.8187e-06,-0.00200667) (-1.20802e-06,-0.00200667) 
635 (-2.80984e-06,-0.00200351) (-1.20422e-06,-0.00200352) 
636 (-2.80101e-06,-0.00200036) (-1.20044e-06,-0.00200037) 
637 (-2.79223e-06,-0.00199723) (-1.19667e-06,-0.00199723) 
638 (-2.7835e-06,-0.0019941) (-1.19293e-06,-0.0019941) 
639 (-2.7748e-06,-0.00199098) (-1.1892e-06,-0.00199098) 
640 (-2.76614e-06,-0.00198787) (-1.18549e-06,-0.00198788) 
641 (-2.75752e-06,-0.00198477) (-1.1818e-06,-0.00198478) 
642 (-2.74895e-06,-0.00198168) (-1.17812e-06,-0.00198169) 
643 (-2.74041e-06,-0.0019786) (-1.17446e-06,-0.00197861) 
644 (-2.73191e-06,-0.00197553) (-1.17082e-06,-0.00197554) 
645 (-2.72345e-06,-0.00197247) (-1.1672e-06,-0.00197248) 
646 (-2.71503e-06,-0.00196942) (-1.16359e-06,-0.00196943) 
647 (-2.70665e-06,-0.00196638) (-1.16e-06,-0.00196638) 
648 (-2.69831e-06,-0.00196335) (-1.15642e-06,-0.00196335) 
649 (-2.69001e-06,-0.00196033) (-1.15286e-06,-0.00196033) 
650 (-2.68175e-06,-0.00195731) (-1.14932e-06,-0.00195732) 
651 (-2.67352e-06,-0.00195431) (-1.1458e-06,-0.00195431) 
652 (-2.66533e-06,-0.00195131) (-1.14229e-06,-0.00195132) 
653 (-2.65718e-06,-0.00194833) (-1.13879e-06,-0.00194833) 
654 (-2.64907e-06,-0.00194535) (-1.13532e-06,-0.00194535) 
655 (-2.64099e-06,-0.00194238) (-1.13186e-06,-0.00194239) 
656 (-2.63295e-06,-0.00193942) (-1.12841e-06,-0.00193943) 
657 (-2.62495e-06,-0.00193648) (-1.12498e-06,-0.00193648) 
658 (-2.61698e-06,-0.00193353) (-1.12157e-06,-0.00193354) 
659 (-2.60905e-06,-0.0019306) (-1.11817e-06,-0.00193061) 
660 (-2.60116e-06,-0.00192768) (-1.11478e-06,-0.00192768) 
661 (-2.5933e-06,-0.00192477) (-1.11142e-06,-0.00192477) 
662 (-2.58548e-06,-0.00192186) (-1.10806e-06,-0.00192186) 
663 (-2.57769e-06,-0.00191896) (-1.10473e-06,-0.00191897) 
664 (-2.56994e-06,-0.00191608) (-1.1014e-06,-0.00191608) 
665 (-2.56222e-06,-0.0019132) (-1.0981e-06,-0.0019132) 
666 (-2.55454e-06,-0.00191033) (-1.0948e-06,-0.00191033) 
667 (-2.54689e-06,-0.00190746) (-1.09153e-06,-0.00190747) 
668 (-2.53928e-06,-0.00190461) (-1.08826e-06,-0.00190461) 
669 (-2.5317e-06,-0.00190177) (-1.08501e-06,-0.00190177) 
670 (-2.52415e-06,-0.00189893) (-1.08178e-06,-0.00189893) 
671 (-2.51664e-06,-0.0018961) (-1.07856e-06,-0.00189611) 
672 (-2.50916e-06,-0.00189328) (-1.07536e-06,-0.00189329) 
673 (-2.50171e-06,-0.00189047) (-1.07216e-06,-0.00189047) 
674 (-2.4943e-06,-0.00188767) (-1.06899e-06,-0.00188767) 
675 (-2.48692e-06,-0.00188487) (-1.06583e-06,-0.00188488) 
676 (-2.47958e-06,-0.00188209) (-1.06268e-06,-0.00188209) 
677 (-2.47226e-06,-0.00187931) (-1.05954e-06,-0.00187931) 
678 (-2.46498e-06,-0.00187654) (-1.05642e-06,-0.00187654) 
679 (-2.45773e-06,-0.00187378) (-1.05331e-06,-0.00187378) 
680 (-2.45051e-06,-0.00187103) (-1.05022e-06,-0.00187103) 
681 (-2.44333e-06,-0.00186828) (-1.04714e-06,-0.00186828) 
682 (-2.43617e-06,-0.00186554) (-1.04407e-06,-0.00186555) 
683 (-2.42905e-06,-0.00186281) (-1.04102e-06,-0.00186282) 
684 (-2.42196e-06,-0.00186009) (-1.03798e-06,-0.00186009) 
685 (-2.41489e-06,-0.00185738) (-1.03496e-06,-0.00185738) 
686 (-2.40786e-06,-0.00185467) (-1.03194e-06,-0.00185468) 
687 (-2.40086e-06,-0.00185198) (-1.02894e-06,-0.00185198) 
688 (-2.3939e-06,-0.00184929) (-1.02596e-06,-0.00184929) 
689 (-2.38696e-06,-0.0018466) (-1.02298e-06,-0.00184661) 
690 (-2.38005e-06,-0.00184393) (-1.02002e-06,-0.00184393) 
691 (-2.37317e-06,-0.00184126) (-1.01707e-06,-0.00184127) 
692 (-2.36632e-06,-0.0018386) (-1.01414e-06,-0.00183861) 
693 (-2.3595e-06,-0.00183595) (-1.01122e-06,-0.00183596) 
694 (-2.35271e-06,-0.00183331) (-1.00831e-06,-0.00183331) 
695 (-2.34595e-06,-0.00183067) (-1.00541e-06,-0.00183068) 
696 (-2.33922e-06,-0.00182804) (-1.00252e-06,-0.00182805) 
697 (-2.33252e-06,-0.00182542) (-9.99651e-07,-0.00182543) 
698 (-2.32584e-06,-0.00182281) (-9.96791e-07,-0.00182281) 
699 (-2.3192e-06,-0.0018202) (-9.93943e-07,-0.00182021) 
700 (-2.31258e-06,-0.00181761) (-9.91108e-07,-0.00181761) 
701 (-2.30599e-06,-0.00181502) (-9.88284e-07,-0.00181502) 
702 (-2.29943e-06,-0.00181243) (-9.85472e-07,-0.00181243) 
703 (-2.2929e-06,-0.00180986) (-9.82673e-07,-0.00180986) 
704 (-2.2864e-06,-0.00180729) (-9.79885e-07,-0.00180729) 
705 (-2.27992e-06,-0.00180472) (-9.77109e-07,-0.00180473) 
706 (-2.27347e-06,-0.00180217) (-9.74345e-07,-0.00180217) 
707 (-2.26705e-06,-0.00179962) (-9.71593e-07,-0.00179963) 
708 (-2.26065e-06,-0.00179708) (-9.68852e-07,-0.00179709) 
709 (-2.25428e-06,-0.00179455) (-9.66123e-07,-0.00179455) 
710 (-2.24794e-06,-0.00179202) (-9.63405e-07,-0.00179203) 
711 (-2.24163e-06,-0.00178951) (-9.60699e-07,-0.00178951) 
712 (-2.23534e-06,-0.00178699) (-9.58004e-07,-0.001787) 
713 (-2.22908e-06,-0.00178449) (-9.55321e-07,-0.00178449) 
714 (-2.22284e-06,-0.00178199) (-9.52649e-07,-0.00178199) 
715 (-2.21664e-06,-0.0017795) (-9.49988e-07,-0.0017795) 
716 (-2.21045e-06,-0.00177702) (-9.47338e-07,-0.00177702) 
717 (-2.20429e-06,-0.00177454) (-9.44699e-07,-0.00177454) 
718 (-2.19816e-06,-0.00177207) (-9.42071e-07,-0.00177207) 
719 (-2.19206e-06,-0.00176961) (-9.39454e-07,-0.00176961) 
720 (-2.18598e-06,-0.00176715) (-9.36848e-07,-0.00176716) 
721 (-2.17992e-06,-0.0017647) (-9.34253e-07,-0.00176471) 
722 (-2.17389e-06,-0.00176226) (-9.31669e-07,-0.00176226) 
723 (-2.16789e-06,-0.00175983) (-9.29095e-07,-0.00175983) 
724 (-2.16191e-06,-0.0017574) (-9.26532e-07,-0.0017574) 
725 (-2.15595e-06,-0.00175497) (-9.2398e-07,-0.00175498) 
726 (-2.15002e-06,-0.00175256) (-9.21438e-07,-0.00175256) 
727 (-2.14411e-06,-0.00175015) (-9.18907e-07,-0.00175015) 
728 (-2.13823e-06,-0.00174775) (-9.16386e-07,-0.00174775) 
729 (-2.13237e-06,-0.00174535) (-9.13875e-07,-0.00174535) 
730 (-2.12654e-06,-0.00174296) (-9.11375e-07,-0.00174296) 
731 (-2.12073e-06,-0.00174058) (-9.08885e-07,-0.00174058) 
732 (-2.11494e-06,-0.0017382) (-9.06405e-07,-0.00173821) 
733 (-2.10918e-06,-0.00173583) (-9.03935e-07,-0.00173584) 
734 (-2.10344e-06,-0.00173347) (-9.01475e-07,-0.00173347) 
735 (-2.09772e-06,-0.00173111) (-8.99026e-07,-0.00173112) 
736 (-2.09203e-06,-0.00172876) (-8.96586e-07,-0.00172876) 
737 (-2.08636e-06,-0.00172642) (-8.94156e-07,-0.00172642) 
738 (-2.08072e-06,-0.00172408) (-8.91736e-07,-0.00172408) 
739 (-2.07509e-06,-0.00172175) (-8.89326e-07,-0.00172175) 
740 (-2.06949e-06,-0.00171942) (-8.86926e-07,-0.00171943) 
741 (-2.06391e-06,-0.00171711) (-8.84535e-07,-0.00171711) 
742 (-2.05836e-06,-0.00171479) (-8.82154e-07,-0.0017148) 
743 (-2.05282e-06,-0.00171249) (-8.79783e-07,-0.00171249) 
744 (-2.04731e-06,-0.00171019) (-8.77421e-07,-0.00171019) 
745 (-2.04183e-06,-0.00170789) (-8.75069e-07,-0.00170789) 
746 (-2.03636e-06,-0.0017056) (-8.72726e-07,-0.00170561) 
747 (-2.03091e-06,-0.00170332) (-8.70393e-07,-0.00170333) 
748 (-2.02549e-06,-0.00170105) (-8.68069e-07,-0.00170105) 
749 (-2.02009e-06,-0.00169878) (-8.65754e-07,-0.00169878) 
750 (-2.01471e-06,-0.00169651) (-8.63448e-07,-0.00169652) 
751 (-2.00935e-06,-0.00169426) (-8.61152e-07,-0.00169426) 
752 (-2.00401e-06,-0.00169201) (-8.58864e-07,-0.00169201) 
753 (-1.9987e-06,-0.00168976) (-8.56586e-07,-0.00168976) 
754 (-1.9934e-06,-0.00168752) (-8.54317e-07,-0.00168752) 
755 (-1.98813e-06,-0.00168529) (-8.52057e-07,-0.00168529) 
756 (-1.98288e-06,-0.00168306) (-8.49806e-07,-0.00168306) 
757 (-1.97765e-06,-0.00168084) (-8.47564e-07,-0.00168084) 
758 (-1.97244e-06,-0.00167862) (-8.45331e-07,-0.00167862) 
759 (-1.96725e-06,-0.00167641) (-8.43106e-07,-0.00167641) 
760 (-1.96207e-06,-0.00167421) (-8.4089e-07,-0.00167421) 
761 (-1.95693e-06,-0.00167201) (-8.38683e-07,-0.00167201) 
762 (-1.9518e-06,-0.00166982) (-8.36485e-07,-0.00166982) 
763 (-1.94669e-06,-0.00166763) (-8.34295e-07,-0.00166763) 
764 (-1.9416e-06,-0.00166545) (-8.32114e-07,-0.00166545) 
765 (-1.93653e-06,-0.00166327) (-8.29941e-07,-0.00166327) 
766 (-1.93148e-06,-0.0016611) (-8.27777e-07,-0.0016611) 
767 (-1.92645e-06,-0.00165894) (-8.25622e-07,-0.00165894) 
768 (-1.92144e-06,-0.00165678) (-8.23474e-07,-0.00165678) 
769 (-1.91645e-06,-0.00165463) (-8.21335e-07,-0.00165463) 
770 (-1.91148e-06,-0.00165248) (-8.19205e-07,-0.00165248) 
771 (-1.90652e-06,-0.00165034) (-8.17083e-07,-0.00165034) 
772 (-1.90159e-06,-0.0016482) (-8.14969e-07,-0.0016482) 
773 (-1.89668e-06,-0.00164607) (-8.12863e-07,-0.00164607) 
774 (-1.89178e-06,-0.00164394) (-8.10765e-07,-0.00164395) 
775 (-1.88691e-06,-0.00164182) (-8.08675e-07,-0.00164183) 
776 (-1.88205e-06,-0.00163971) (-8.06594e-07,-0.00163971) 
777 (-1.87721e-06,-0.0016376) (-8.0452e-07,-0.0016376) 
778 (-1.87239e-06,-0.0016355) (-8.02455e-07,-0.0016355) 
779 (-1.86759e-06,-0.0016334) (-8.00397e-07,-0.0016334) 
780 (-1.86281e-06,-0.00163131) (-7.98348e-07,-0.00163131) 
781 (-1.85805e-06,-0.00162922) (-7.96306e-07,-0.00162922) 
782 (-1.8533e-06,-0.00162714) (-7.94272e-07,-0.00162714) 
783 (-1.84857e-06,-0.00162506) (-7.92246e-07,-0.00162506) 
784 (-1.84386e-06,-0.00162299) (-7.90227e-07,-0.00162299) 
785 (-1.83917e-06,-0.00162092) (-7.88217e-07,-0.00162092) 
786 (-1.8345e-06,-0.00161886) (-7.86214e-07,-0.00161886) 
787 (-1.82984e-06,-0.00161681) (-7.84218e-07,-0.00161681) 
788 (-1.8252e-06,-0.00161476) (-7.8223e-07,-0.00161476) 
789 (-1.82058e-06,-0.00161271) (-7.8025e-07,-0.00161271) 
790 (-1.81598e-06,-0.00161067) (-7.78277e-07,-0.00161067) 
791 (-1.81139e-06,-0.00160864) (-7.76312e-07,-0.00160864) 
792 (-1.80682e-06,-0.00160661) (-7.74354e-07,-0.00160661) 
793 (-1.80227e-06,-0.00160458) (-7.72403e-07,-0.00160458) 
794 (-1.79774e-06,-0.00160256) (-7.7046e-07,-0.00160256) 
795 (-1.79322e-06,-0.00160055) (-7.68524e-07,-0.00160055) 
796 (-1.78872e-06,-0.00159854) (-7.66596e-07,-0.00159854) 
797 (-1.78424e-06,-0.00159653) (-7.64675e-07,-0.00159653) 
798 (-1.77977e-06,-0.00159453) (-7.62761e-07,-0.00159453) 
799 (-1.77532e-06,-0.00159254) (-7.60854e-07,-0.00159254) 
800 (-1.77089e-06,-0.00159055) (-7.58954e-07,-0.00159055) 
801 (-1.76647e-06,-0.00158856) (-7.57061e-07,-0.00158857) 
802 (-1.76207e-06,-0.00158659) (-7.55176e-07,-0.00158659) 
803 (-1.75769e-06,-0.00158461) (-7.53297e-07,-0.00158461) 
804 (-1.75332e-06,-0.00158264) (-7.51426e-07,-0.00158264) 
805 (-1.74897e-06,-0.00158068) (-7.49561e-07,-0.00158068) 
806 (-1.74464e-06,-0.00157872) (-7.47703e-07,-0.00157872) 
807 (-1.74032e-06,-0.00157676) (-7.45853e-07,-0.00157676) 
808 (-1.73602e-06,-0.00157481) (-7.44009e-07,-0.00157481) 
809 (-1.73173e-06,-0.00157287) (-7.42172e-07,-0.00157287) 
810 (-1.72746e-06,-0.00157093) (-7.40342e-07,-0.00157093) 
811 (-1.72321e-06,-0.00156899) (-7.38518e-07,-0.00156899) 
812 (-1.71897e-06,-0.00156706) (-7.36701e-07,-0.00156706) 
813 (-1.71474e-06,-0.00156513) (-7.34891e-07,-0.00156513) 
814 (-1.71054e-06,-0.00156321) (-7.33088e-07,-0.00156321) 
815 (-1.70634e-06,-0.00156129) (-7.31291e-07,-0.0015613) 
816 (-1.70217e-06,-0.00155938) (-7.29501e-07,-0.00155938) 
817 (-1.69801e-06,-0.00155747) (-7.27717e-07,-0.00155748) 
818 (-1.69386e-06,-0.00155557) (-7.2594e-07,-0.00155557) 
819 (-1.68973e-06,-0.00155367) (-7.2417e-07,-0.00155367) 
820 (-1.68561e-06,-0.00155178) (-7.22406e-07,-0.00155178) 
821 (-1.68151e-06,-0.00154989) (-7.20648e-07,-0.00154989) 
822 (-1.67742e-06,-0.00154801) (-7.18897e-07,-0.00154801) 
823 (-1.67335e-06,-0.00154613) (-7.17152e-07,-0.00154613) 
824 (-1.6693e-06,-0.00154425) (-7.15413e-07,-0.00154425) 
825 (-1.66525e-06,-0.00154238) (-7.13681e-07,-0.00154238) 
826 (-1.66123e-06,-0.00154051) (-7.11955e-07,-0.00154052) 
827 (-1.65721e-06,-0.00153865) (-7.10235e-07,-0.00153865) 
828 (-1.65322e-06,-0.0015368) (-7.08522e-07,-0.0015368) 
829 (-1.64923e-06,-0.00153494) (-7.06815e-07,-0.00153494) 
830 (-1.64526e-06,-0.00153309) (-7.05114e-07,-0.0015331) 
831 (-1.64131e-06,-0.00153125) (-7.03419e-07,-0.00153125) 
832 (-1.63737e-06,-0.00152941) (-7.0173e-07,-0.00152941) 
833 (-1.63344e-06,-0.00152758) (-7.00047e-07,-0.00152758) 
834 (-1.62953e-06,-0.00152575) (-6.9837e-07,-0.00152575) 
835 (-1.62563e-06,-0.00152392) (-6.96699e-07,-0.00152392) 
836 (-1.62175e-06,-0.0015221) (-6.95035e-07,-0.0015221) 
837 (-1.61788e-06,-0.00152028) (-6.93376e-07,-0.00152028) 
838 (-1.61402e-06,-0.00151847) (-6.91723e-07,-0.00151847) 
839 (-1.61018e-06,-0.00151666) (-6.90076e-07,-0.00151666) 
840 (-1.60635e-06,-0.00151485) (-6.88435e-07,-0.00151486) 
841 (-1.60253e-06,-0.00151305) (-6.868e-07,-0.00151306) 
842 (-1.59873e-06,-0.00151126) (-6.8517e-07,-0.00151126) 
843 (-1.59494e-06,-0.00150947) (-6.83547e-07,-0.00150947) 
844 (-1.59117e-06,-0.00150768) (-6.81929e-07,-0.00150768) 
845 (-1.5874e-06,-0.0015059) (-6.80317e-07,-0.0015059) 
846 (-1.58366e-06,-0.00150412) (-6.7871e-07,-0.00150412) 
847 (-1.57992e-06,-0.00150234) (-6.7711e-07,-0.00150234) 
848 (-1.5762e-06,-0.00150057) (-6.75515e-07,-0.00150057) 
849 (-1.57249e-06,-0.00149881) (-6.73925e-07,-0.00149881) 
850 (-1.5688e-06,-0.00149704) (-6.72341e-07,-0.00149704) 
851 (-1.56511e-06,-0.00149529) (-6.70763e-07,-0.00149529) 
852 (-1.56144e-06,-0.00149353) (-6.6919e-07,-0.00149353) 
853 (-1.55779e-06,-0.00149178) (-6.67623e-07,-0.00149178) 
854 (-1.55414e-06,-0.00149004) (-6.66062e-07,-0.00149004) 
855 (-1.55051e-06,-0.00148829) (-6.64505e-07,-0.0014883) 
856 (-1.54689e-06,-0.00148656) (-6.62955e-07,-0.00148656) 
857 (-1.54329e-06,-0.00148482) (-6.61409e-07,-0.00148482) 
858 (-1.53969e-06,-0.00148309) (-6.59869e-07,-0.00148309) 
859 (-1.53611e-06,-0.00148137) (-6.58335e-07,-0.00148137) 
860 (-1.53254e-06,-0.00147965) (-6.56806e-07,-0.00147965) 
861 (-1.52899e-06,-0.00147793) (-6.55282e-07,-0.00147793) 
862 (-1.52545e-06,-0.00147621) (-6.53763e-07,-0.00147622) 
863 (-1.52191e-06,-0.00147451) (-6.5225e-07,-0.00147451) 
864 (-1.5184e-06,-0.0014728) (-6.50742e-07,-0.0014728) 
865 (-1.51489e-06,-0.0014711) (-6.49239e-07,-0.0014711) 
866 (-1.51139e-06,-0.0014694) (-6.47741e-07,-0.0014694) 
867 (-1.50791e-06,-0.00146771) (-6.46249e-07,-0.00146771) 
868 (-1.50444e-06,-0.00146602) (-6.44761e-07,-0.00146602) 
869 (-1.50098e-06,-0.00146433) (-6.43279e-07,-0.00146433) 
870 (-1.49754e-06,-0.00146265) (-6.41802e-07,-0.00146265) 
871 (-1.4941e-06,-0.00146097) (-6.4033e-07,-0.00146097) 
872 (-1.49068e-06,-0.0014593) (-6.38863e-07,-0.0014593) 
873 (-1.48727e-06,-0.00145763) (-6.37401e-07,-0.00145763) 
874 (-1.48387e-06,-0.00145596) (-6.35944e-07,-0.00145596) 
875 (-1.48048e-06,-0.0014543) (-6.34492e-07,-0.0014543) 
876 (-1.4771e-06,-0.00145264) (-6.33045e-07,-0.00145264) 
877 (-1.47374e-06,-0.00145098) (-6.31603e-07,-0.00145098) 
878 (-1.47039e-06,-0.00144933) (-6.30166e-07,-0.00144933) 
879 (-1.46704e-06,-0.00144768) (-6.28734e-07,-0.00144768) 
880 (-1.46371e-06,-0.00144604) (-6.27307e-07,-0.00144604) 
881 (-1.4604e-06,-0.0014444) (-6.25884e-07,-0.0014444) 
882 (-1.45709e-06,-0.00144276) (-6.24467e-07,-0.00144276) 
883 (-1.45379e-06,-0.00144113) (-6.23054e-07,-0.00144113) 
884 (-1.45051e-06,-0.0014395) (-6.21646e-07,-0.0014395) 
885 (-1.44723e-06,-0.00143787) (-6.20243e-07,-0.00143787) 
886 (-1.44397e-06,-0.00143625) (-6.18844e-07,-0.00143625) 
887 (-1.44072e-06,-0.00143463) (-6.1745e-07,-0.00143463) 
888 (-1.43748e-06,-0.00143302) (-6.16061e-07,-0.00143302) 
889 (-1.43424e-06,-0.00143141) (-6.14677e-07,-0.00143141) 
890 (-1.43103e-06,-0.0014298) (-6.13297e-07,-0.0014298) 
891 (-1.42782e-06,-0.00142819) (-6.11922e-07,-0.0014282) 
892 (-1.42462e-06,-0.00142659) (-6.10552e-07,-0.0014266) 
893 (-1.42143e-06,-0.001425) (-6.09186e-07,-0.001425) 
894 (-1.41826e-06,-0.0014234) (-6.07824e-07,-0.00142341) 
895 (-1.41509e-06,-0.00142182) (-6.06468e-07,-0.00142182) 
896 (-1.41193e-06,-0.00142023) (-6.05115e-07,-0.00142023) 
897 (-1.40879e-06,-0.00141865) (-6.03768e-07,-0.00141865) 
898 (-1.40566e-06,-0.00141707) (-6.02425e-07,-0.00141707) 
899 (-1.40253e-06,-0.00141549) (-6.01086e-07,-0.00141549) 
900 (-1.39942e-06,-0.00141392) (-5.99752e-07,-0.00141392) 
901 (-1.39632e-06,-0.00141235) (-5.98422e-07,-0.00141235) 
902 (-1.39322e-06,-0.00141079) (-5.97096e-07,-0.00141079) 
903 (-1.39014e-06,-0.00140923) (-5.95775e-07,-0.00140923) 
904 (-1.38707e-06,-0.00140767) (-5.94459e-07,-0.00140767) 
905 (-1.38401e-06,-0.00140611) (-5.93146e-07,-0.00140611) 
906 (-1.38096e-06,-0.00140456) (-5.91839e-07,-0.00140456) 
907 (-1.37791e-06,-0.00140301) (-5.90535e-07,-0.00140302) 
908 (-1.37488e-06,-0.00140147) (-5.89236e-07,-0.00140147) 
909 (-1.37186e-06,-0.00139993) (-5.87941e-07,-0.00139993) 
910 (-1.36885e-06,-0.00139839) (-5.8665e-07,-0.00139839) 
911 (-1.36585e-06,-0.00139686) (-5.85363e-07,-0.00139686) 
912 (-1.36285e-06,-0.00139533) (-5.84081e-07,-0.00139533) 
913 (-1.35987e-06,-0.0013938) (-5.82803e-07,-0.0013938) 
914 (-1.3569e-06,-0.00139228) (-5.81529e-07,-0.00139228) 
915 (-1.35394e-06,-0.00139075) (-5.80259e-07,-0.00139076) 
916 (-1.35098e-06,-0.00138924) (-5.78994e-07,-0.00138924) 
917 (-1.34804e-06,-0.00138772) (-5.77732e-07,-0.00138772) 
918 (-1.34511e-06,-0.00138621) (-5.76475e-07,-0.00138621) 
919 (-1.34218e-06,-0.0013847) (-5.75222e-07,-0.00138471) 
920 (-1.33927e-06,-0.0013832) (-5.73973e-07,-0.0013832) 
921 (-1.33636e-06,-0.0013817) (-5.72728e-07,-0.0013817) 
922 (-1.33347e-06,-0.0013802) (-5.71487e-07,-0.0013802) 
923 (-1.33058e-06,-0.00137871) (-5.7025e-07,-0.00137871) 
924 (-1.3277e-06,-0.00137722) (-5.69017e-07,-0.00137722) 
925 (-1.32484e-06,-0.00137573) (-5.67788e-07,-0.00137573) 
926 (-1.32198e-06,-0.00137424) (-5.66563e-07,-0.00137424) 
927 (-1.31913e-06,-0.00137276) (-5.65342e-07,-0.00137276) 
928 (-1.31629e-06,-0.00137128) (-5.64125e-07,-0.00137128) 
929 (-1.31346e-06,-0.00136981) (-5.62912e-07,-0.00136981) 
930 (-1.31064e-06,-0.00136834) (-5.61702e-07,-0.00136834) 
931 (-1.30783e-06,-0.00136687) (-5.60497e-07,-0.00136687) 
932 (-1.30502e-06,-0.0013654) (-5.59295e-07,-0.0013654) 
933 (-1.30223e-06,-0.00136394) (-5.58098e-07,-0.00136394) 
934 (-1.29944e-06,-0.00136248) (-5.56904e-07,-0.00136248) 
935 (-1.29667e-06,-0.00136102) (-5.55714e-07,-0.00136102) 
936 (-1.2939e-06,-0.00135957) (-5.54528e-07,-0.00135957) 
937 (-1.29114e-06,-0.00135812) (-5.53346e-07,-0.00135812) 
938 (-1.28839e-06,-0.00135667) (-5.52167e-07,-0.00135667) 
939 (-1.28565e-06,-0.00135523) (-5.50992e-07,-0.00135523) 
940 (-1.28292e-06,-0.00135379) (-5.49821e-07,-0.00135379) 
941 (-1.28019e-06,-0.00135235) (-5.48654e-07,-0.00135235) 
942 (-1.27748e-06,-0.00135091) (-5.4749e-07,-0.00135091) 
943 (-1.27477e-06,-0.00134948) (-5.4633e-07,-0.00134948) 
944 (-1.27207e-06,-0.00134805) (-5.45174e-07,-0.00134805) 
945 (-1.26938e-06,-0.00134663) (-5.44021e-07,-0.00134663) 
946 (-1.2667e-06,-0.0013452) (-5.42872e-07,-0.00134521) 
947 (-1.26403e-06,-0.00134378) (-5.41727e-07,-0.00134379) 
948 (-1.26137e-06,-0.00134237) (-5.40586e-07,-0.00134237) 
949 (-1.25871e-06,-0.00134095) (-5.39447e-07,-0.00134096) 
950 (-1.25606e-06,-0.00133954) (-5.38313e-07,-0.00133954) 
951 (-1.25342e-06,-0.00133814) (-5.37182e-07,-0.00133814) 
952 (-1.25079e-06,-0.00133673) (-5.36055e-07,-0.00133673) 
953 (-1.24817e-06,-0.00133533) (-5.34931e-07,-0.00133533) 
954 (-1.24556e-06,-0.00133393) (-5.33811e-07,-0.00133393) 
955 (-1.24295e-06,-0.00133253) (-5.32694e-07,-0.00133253) 
956 (-1.24035e-06,-0.00133114) (-5.31581e-07,-0.00133114) 
957 (-1.23776e-06,-0.00132975) (-5.30471e-07,-0.00132975) 
958 (-1.23518e-06,-0.00132836) (-5.29365e-07,-0.00132836) 
959 (-1.23261e-06,-0.00132698) (-5.28262e-07,-0.00132698) 
960 (-1.23004e-06,-0.0013256) (-5.27162e-07,-0.0013256) 
961 (-1.22749e-06,-0.00132422) (-5.26066e-07,-0.00132422) 
962 (-1.22494e-06,-0.00132284) (-5.24974e-07,-0.00132284) 
963 (-1.2224e-06,-0.00132147) (-5.23885e-07,-0.00132147) 
964 (-1.21986e-06,-0.0013201) (-5.22799e-07,-0.0013201) 
965 (-1.21734e-06,-0.00131873) (-5.21717e-07,-0.00131873) 
966 (-1.21482e-06,-0.00131737) (-5.20638e-07,-0.00131737) 
967 (-1.21231e-06,-0.00131601) (-5.19562e-07,-0.00131601) 
968 (-1.20981e-06,-0.00131465) (-5.18489e-07,-0.00131465) 
969 (-1.20731e-06,-0.00131329) (-5.1742e-07,-0.00131329) 
970 (-1.20483e-06,-0.00131194) (-5.16355e-07,-0.00131194) 
971 (-1.20235e-06,-0.00131059) (-5.15292e-07,-0.00131059) 
972 (-1.19988e-06,-0.00130924) (-5.14233e-07,-0.00130924) 
973 (-1.19741e-06,-0.0013079) (-5.13177e-07,-0.0013079) 
974 (-1.19496e-06,-0.00130655) (-5.12124e-07,-0.00130655) 
975 (-1.19251e-06,-0.00130521) (-5.11075e-07,-0.00130521) 
976 (-1.19007e-06,-0.00130388) (-5.10029e-07,-0.00130388) 
977 (-1.18763e-06,-0.00130254) (-5.08986e-07,-0.00130254) 
978 (-1.18521e-06,-0.00130121) (-5.07946e-07,-0.00130121) 
979 (-1.18279e-06,-0.00129988) (-5.06909e-07,-0.00129988) 
980 (-1.18038e-06,-0.00129856) (-5.05876e-07,-0.00129856) 
981 (-1.17797e-06,-0.00129724) (-5.04846e-07,-0.00129724) 
982 (-1.17558e-06,-0.00129591) (-5.03819e-07,-0.00129592) 
983 (-1.17319e-06,-0.0012946) (-5.02794e-07,-0.0012946) 
984 (-1.1708e-06,-0.00129328) (-5.01774e-07,-0.00129328) 
985 (-1.16843e-06,-0.00129197) (-5.00756e-07,-0.00129197) 
986 (-1.16606e-06,-0.00129066) (-4.99741e-07,-0.00129066) 
987 (-1.1637e-06,-0.00128935) (-4.98729e-07,-0.00128935) 
988 (-1.16135e-06,-0.00128805) (-4.97721e-07,-0.00128805) 
989 (-1.159e-06,-0.00128675) (-4.96715e-07,-0.00128675) 
990 (-1.15666e-06,-0.00128545) (-4.95713e-07,-0.00128545) 
991 (-1.15433e-06,-0.00128415) (-4.94714e-07,-0.00128415) 
992 (-1.15201e-06,-0.00128286) (-4.93717e-07,-0.00128286) 
993 (-1.14969e-06,-0.00128157) (-4.92724e-07,-0.00128157) 
994 (-1.14738e-06,-0.00128028) (-4.91733e-07,-0.00128028) 
995 (-1.14507e-06,-0.00127899) (-4.90746e-07,-0.00127899) 
996 (-1.14278e-06,-0.00127771) (-4.89762e-07,-0.00127771) 
997 (-1.14049e-06,-0.00127643) (-4.8878e-07,-0.00127643) 
998 (-1.1382e-06,-0.00127515) (-4.87802e-07,-0.00127515) 
999 (-1.13593e-06,-0.00127387) (-4.86826e-07,-0.00127387) 
